日期,代码,名称,所属行业,开盘价,最高价,最低价,收盘价,前收盘价,成交量（股）,成交额（元）,换手率,涨幅%,振幅%,是否ST,量比,3日涨幅%,6日涨幅%,10日涨幅%,25日涨幅%,是否涨停,总股本（股）,流通股本（股）,总市值（元）,流通市值（元）,滚动市盈率,市净率,滚动市销率,5日线,10日线,20日线,30日线,60日线,120日线,250日线,上市时间,退市时间
2021-07-05,301017,漱玉平民,医药商业,33.14,35.74,28.9,28.94,28.9,28496358,949045920.93,83.1884,233.521,78.89,否,,,,,,否,405340000.0,34255193.0,11977797000.0,1012240953.15,49.650379,7.69037,2.546021,5.79,2.89,1.45,0.96,0.48,0.24,0.12,2021-07-05,-
2021-07-06,301017,漱玉平民,医药商业,26.54,28.4,24.48,26.35,24.48,22011157,590047985.07,64.2564,-8.934,13.54,否,0.77,,,,,否,405340000.0,34255193.0,10907699400.0,921807243.63,45.214609,7.003311,2.318559,11.06,5.53,2.76,1.84,0.92,0.46,0.22,2021-07-05,-
2021-07-07,301017,漱玉平民,医药商业,25.23,26.23,24.49,24.89,24.49,14350802,368779743.45,41.8938,-5.537,6.61,否,0.14,,,,,否,405340000.0,34255193.0,10303742800.0,870767006.06,42.711087,6.61554,2.190181,16.04,8.02,4.01,2.67,1.34,0.67,0.32,2021-07-05,-
2021-07-08,301017,漱玉平民,医药商业,24.68,25.59,24.25,24.51,24.25,12332071,314293967.66,36.0006,-1.534,5.39,否,0.06,-15.308,,,,否,405340000.0,34255193.0,10145660200.0,857407480.79,42.055803,6.514042,2.156579,20.94,10.47,5.23,3.49,1.74,0.87,0.42,2021-07-05,-
2021-07-09,301017,漱玉平民,医药商业,24.83,25.07,23.21,23.31,23.21,11694463,286804274.0,34.1392,-4.914,7.59,否,0.04,-11.537,,,,否,405340000.0,34255193.0,9647092000.0,815273593.4,39.989138,6.193936,2.050602,25.6,12.8,6.4,4.27,2.13,1.07,0.51,2021-07-05,-
2021-07-12,301017,漱玉平民,医药商业,23.11,23.57,22.69,22.9,22.69,7808940,183645851.52,22.7964,-1.765,3.78,否,0.44,-7.995,,,,否,405340000.0,34255193.0,9476849200.0,800886412.34,39.283447,6.084631,2.014415,24.39,15.09,7.55,5.03,2.52,1.26,0.6,2021-07-05,-
2021-07-13,301017,漱玉平民,医药商业,22.95,23.41,22.29,23.29,22.29,9955220,232087348.6,29.0619,1.711,4.92,否,0.73,-4.978,-19.523,,,否,405340000.0,34255193.0,9638985200.0,814588489.54,39.955533,6.188731,2.048879,23.78,17.42,8.71,5.81,2.9,1.45,0.7,2021-07-05,-
2021-07-14,301017,漱玉平民,医药商业,22.88,23.75,22.72,23.01,22.72,7723369,182797112.97,22.5466,-1.178,4.42,否,0.69,-1.287,-12.676,,,否,405340000.0,34255193.0,9525490000.0,804997035.5,39.485073,6.115861,2.024754,23.4,19.72,9.86,6.57,3.29,1.64,0.79,2021-07-05,-
2021-07-15,301017,漱玉平民,医药商业,22.58,23.48,21.76,22.67,21.76,8064894,185552002.27,23.5436,-1.489,7.49,否,0.81,-1.004,-8.919,,,否,405340000.0,34255193.0,9383621000.0,793007717.95,38.896997,6.024774,1.994598,23.04,21.99,10.99,7.33,3.66,1.83,0.88,2021-07-05,-
2021-07-16,301017,漱玉平民,医药商业,22.41,22.99,22.19,22.36,22.19,5367057,123600426.93,15.6679,-1.382,3.54,否,0.59,-3.993,-8.772,,,否,405340000.0,34255193.0,9253912200.0,782046056.19,38.359328,5.941494,1.967027,22.85,24.22,12.11,8.07,4.04,2.02,0.97,2021-07-05,-
2021-07-19,301017,漱玉平民,医药商业,22.29,23.06,21.63,22.8,21.63,7727465,177370712.63,22.5585,1.971,6.4,否,0.99,-0.913,-2.188,-21.216,,否,405340000.0,34255193.0,9436315200.0,797460893.04,39.115425,6.058606,2.005799,22.83,23.61,13.25,8.83,4.42,2.21,1.06,2021-07-05,-
2021-07-20,301017,漱玉平民,医药商业,22.43,22.97,21.94,22.02,21.94,6118478,139649691.92,17.8615,-3.394,4.55,否,0.79,-2.867,-3.843,-16.433,,否,405340000.0,34255193.0,9116096600.0,770399290.57,37.788055,5.853009,1.937733,22.57,23.18,14.35,9.57,4.78,2.39,1.15,2021-07-05,-
2021-07-21,301017,漱玉平民,医药商业,22.13,22.47,21.74,21.92,21.74,4664841,104734488.16,13.6179,-0.489,3.33,否,0.67,-1.968,-5.882,-11.933,,否,405340000.0,34255193.0,9071509200.0,766631219.34,37.603231,5.824381,1.928255,22.35,22.88,15.45,10.3,5.15,2.57,1.24,2021-07-05,-
2021-07-22,301017,漱玉平民,医药商业,21.89,22.34,21.73,22.15,21.73,4938419,110918249.68,14.4166,1.072,2.77,否,0.77,-2.851,-3.738,-9.629,,否,405340000.0,34255193.0,9168790800.0,774852465.66,38.006483,5.886841,1.948934,22.25,22.64,16.56,11.04,5.52,2.76,1.32,2021-07-05,-
2021-07-23,301017,漱玉平民,医药商业,22.33,24.5,22.01,22.01,22.01,8832605,205766352.19,25.7847,-0.619,11.23,否,1.53,-0.045,-2.911,-5.577,,否,405340000.0,34255193.0,9112043200.0,770056738.64,37.771253,5.850406,1.936871,22.18,22.51,17.66,11.77,5.89,2.94,1.41,2021-07-05,-
2021-07-26,301017,漱玉平民,医药商业,22.34,22.34,20.04,20.09,20.04,7739085,163841488.38,22.5924,-8.719,10.45,否,1.2,-8.349,-10.152,-12.271,,否,405340000.0,34255193.0,8317576800.0,702916560.36,34.47803,5.340318,1.767998,21.64,22.23,18.66,12.44,6.22,3.11,1.49,2021-07-05,-
2021-07-27,301017,漱玉平民,医药商业,19.68,20.12,18.95,18.96,18.95,5618624,111318167.01,16.4023,-5.653,5.85,否,0.87,-14.402,-16.842,-18.592,,否,405340000.0,34255193.0,7847382400.0,663180536.48,32.528979,5.038428,1.668053,21.03,21.8,19.61,13.07,6.54,3.27,1.57,2021-07-05,-
2021-07-28,301017,漱玉平民,医药商业,18.9,19.82,18.82,19.17,18.82,5025284,99139272.71,14.6701,1.136,5.27,否,0.79,-12.903,-12.943,-16.688,,否,405340000.0,34255193.0,7936557200.0,670716678.94,32.898627,5.095683,1.687008,20.48,21.42,20.57,13.71,6.86,3.43,1.65,2021-07-05,-
2021-07-29,301017,漱玉平民,医药商业,19.11,19.54,18.95,19.13,18.95,4611673,90270161.4,13.4627,-0.255,3.06,否,0.72,-4.778,-12.728,-15.615,,否,405340000.0,34255193.0,7916290200.0,669003919.29,32.814616,5.082671,1.6827,19.87,21.06,21.52,14.35,7.17,3.59,1.72,2021-07-05,-
2021-07-30,301017,漱玉平民,医药商业,19.07,19.71,18.26,19.27,18.26,6608318,127578018.18,19.2914,0.768,7.58,否,1.04,1.635,-13.002,-13.819,,否,405340000.0,34255193.0,7977091200.0,674142198.24,33.066648,5.121708,1.695624,19.32,20.75,22.49,14.99,7.5,3.75,1.8,2021-07-05,-
2021-08-02,301017,漱玉平民,医药商业,19.29,19.56,18.87,19.44,18.87,4491528,88496166.97,13.112,0.864,3.56,否,0.76,1.408,-11.677,-14.737,,否,405340000.0,34255193.0,8045999000.0,679965581.05,33.352285,5.165951,1.710271,19.19,20.42,22.01,15.64,7.82,3.91,1.88,2021-07-05,-
2021-08-03,301017,漱玉平民,医药商业,19.71,21.05,19.47,19.83,19.47,6338631,129944333.8,18.5041,2.015,8.16,否,1.2,3.659,-1.294,-9.946,,否,405340000.0,34255193.0,8208135000.0,693667658.25,34.024371,5.27005,1.744735,19.37,20.2,21.69,16.3,8.15,4.08,1.96,2021-07-05,-
2021-08-04,301017,漱玉平民,医药商业,19.1,19.57,18.89,19.51,18.89,3753289,74004730.07,10.9568,-1.63,3.41,否,0.69,1.245,2.901,-10.995,,否,405340000.0,34255193.0,8074372800.0,682363444.56,33.4699,5.184168,1.716302,19.44,19.96,21.42,16.95,8.48,4.24,2.03,2021-07-05,-
2021-08-05,301017,漱玉平民,医药商业,19.6,19.94,19.24,19.39,19.24,3622797,72156901.36,10.5759,-0.602,3.56,否,0.7,-0.257,1.148,-12.46,,否,405340000.0,34255193.0,8025732000.0,678252821.4,33.268274,5.152938,1.705963,19.49,19.68,21.16,17.6,8.8,4.4,2.11,2021-07-05,-
2021-08-06,301017,漱玉平民,医药商业,19.49,19.59,18.61,18.62,18.61,3489965,67171834.2,10.1881,-3.99,5.05,否,0.7,-6.102,-2.666,-15.402,,否,405340000.0,34255193.0,7705513400.0,651191218.93,31.940904,4.947341,1.637897,19.36,19.34,20.93,18.22,9.11,4.55,2.19,2021-07-05,-
2021-08-09,301017,漱玉平民,医药商业,18.49,19.39,18.47,19.19,18.47,3497033,67909848.93,10.2088,3.104,4.94,否,0.81,-1.64,-0.415,-4.48,-33.69,否,405340000.0,34255193.0,7944664000.0,671401782.8,32.932231,5.100888,1.688731,19.31,19.25,20.74,18.86,9.43,4.71,2.26,2021-07-05,-
2021-08-10,301017,漱玉平民,医药商业,19.07,19.88,18.91,19.58,18.91,4387056,86952233.3,12.807,1.99,5.05,否,1.06,0.98,0.72,3.27,-25.693,否,405340000.0,34255193.0,8102746600.0,684761308.07,33.587515,5.202385,1.722333,19.26,19.31,20.56,19.51,9.76,4.88,2.34,2021-07-05,-
2021-08-11,301017,漱玉平民,医药商业,19.52,20.07,19.49,19.65,19.49,4391144,88468791.59,12.8189,0.4,2.95,否,1.17,5.532,-0.908,2.504,-21.053,否,405340000.0,34255193.0,8135173800.0,687501723.51,33.721932,5.223205,1.729226,19.29,19.36,20.39,20.17,10.08,5.04,2.42,2021-07-05,-
2021-08-12,301017,漱玉平民,医药商业,19.39,19.7,19.12,19.24,19.12,3290419,65161523.2,9.6056,-2.093,2.99,否,0.85,0.261,-1.384,0.575,-21.501,否,405340000.0,34255193.0,7964931000.0,673114542.45,33.016242,5.113901,1.693039,19.26,19.37,20.22,20.81,10.4,5.2,2.5,2021-07-05,-
2021-08-13,301017,漱玉平民,医药商业,19.24,19.45,18.97,19.08,18.97,2390996,46719909.09,6.98,-0.865,2.49,否,0.63,-2.554,-1.599,-0.986,-18.147,否,405340000.0,34255193.0,7896023200.0,667291159.64,32.730605,5.069658,1.678392,19.35,19.35,20.05,21.44,10.72,5.36,2.57,2021-07-05,-
2021-08-16,301017,漱玉平民,医药商业,19.36,20.46,19.07,20.25,19.07,6809122,137801923.81,19.8776,6.144,7.33,否,1.9,3.053,8.754,4.167,-11.572,否,405340000.0,34255193.0,8333790400.0,704286768.08,34.545238,5.350728,1.771445,19.56,19.43,19.93,21.15,11.06,5.53,2.65,2021-07-05,-
2021-08-17,301017,漱玉平民,医药商业,20.12,21.17,19.63,20.62,19.63,8734590,181555652.6,25.4986,1.848,7.64,否,2.05,7.173,7.452,3.984,-11.464,否,405340000.0,34255193.0,8487819600.0,717303741.42,35.18372,5.449622,1.804185,19.77,19.51,19.86,20.96,11.4,5.7,2.74,2021-07-05,-
2021-08-18,301017,漱玉平民,医药商业,20.35,21.16,20.15,20.95,20.15,7424801,156454570.9,21.675,1.576,4.92,否,1.45,9.801,6.997,7.381,-8.953,否,405340000.0,34255193.0,8621581800.0,728607955.11,35.738191,5.535505,1.832618,20.03,19.66,19.81,20.83,11.75,5.88,2.82,2021-07-05,-
2021-08-19,301017,漱玉平民,医药商业,20.19,20.58,19.61,19.68,19.61,5808100,117967331.08,16.9554,-6.065,4.65,否,1.01,-2.815,0.153,1.496,-13.189,否,405340000.0,34255193.0,8098693200.0,684418756.14,33.570713,5.199783,1.721472,20.12,19.69,19.68,20.67,12.08,6.04,2.9,2021-07-05,-
2021-08-20,301017,漱玉平民,医药商业,19.5,19.5,18.43,18.58,18.43,4478831,85558799.11,13.0749,-5.556,5.46,否,0.72,-9.893,-3.43,-0.215,-16.905,否,405340000.0,34255193.0,7648765800.0,646395491.91,31.705673,4.910906,1.625835,20.02,19.68,19.51,20.51,12.39,6.19,2.97,2021-07-05,-
2021-08-23,301017,漱玉平民,医药商业,18.58,18.97,18.58,18.9,18.58,2390500,45752617.2,6.9785,1.696,2.07,否,0.36,-9.785,-0.943,-1.511,-17.105,否,405340000.0,34255193.0,7778474600.0,657357153.67,32.243342,4.994186,1.653406,19.75,19.65,19.45,20.38,12.7,6.35,3.05,2021-07-05,-
2021-08-24,301017,漱玉平民,医药商业,19.01,19.27,18.73,19.14,18.73,2948783,57036787.27,8.6083,1.251,2.87,否,0.51,-2.744,-5.481,-2.247,-13.079,否,405340000.0,34255193.0,7875756200.0,665578399.99,32.646594,5.056646,1.674084,19.45,19.61,19.46,20.24,13.02,6.51,3.13,2021-07-05,-
2021-08-25,301017,漱玉平民,医药商业,19.27,19.46,18.98,19.04,18.98,2791043,54235790.55,8.1478,-0.515,2.52,否,0.61,2.476,-7.662,-3.104,-13.139,否,405340000.0,34255193.0,7835222200.0,662152880.69,32.478573,5.030621,1.665468,19.07,19.55,19.45,20.11,13.34,6.67,3.2,2021-07-05,-
2021-08-26,301017,漱玉平民,医药商业,19.04,19.09,18.62,18.62,18.62,2584341,49280413.94,7.5444,-2.173,2.43,否,0.7,-1.481,-11.122,-3.222,-15.937,否,405340000.0,34255193.0,7664979400.0,647765699.63,32.967466,4.021069,1.573756,18.86,19.49,19.43,19.97,13.65,6.83,3.28,2021-07-05,-
2021-08-27,301017,漱玉平民,医药商业,18.64,18.88,18.45,18.62,18.45,2126725,40239409.0,6.2085,0.0,2.33,否,0.7,-2.717,-5.386,-2.411,-15.402,否,405340000.0,34255193.0,7664979400.0,647765699.63,32.967466,4.021069,1.573756,18.86,19.44,19.4,19.85,13.96,6.98,3.35,2021-07-05,-
2021-08-30,301017,漱玉平民,医药商业,18.51,19.01,18.05,18.05,18.05,2900040,54418267.44,8.466,-3.067,5.13,否,1.13,-5.2,-2.853,-10.864,-10.154,否,405340000.0,34255193.0,7429882200.0,627897687.69,31.956301,3.897736,1.525486,18.69,19.22,19.33,19.69,14.26,7.13,3.42,2021-07-05,-
2021-08-31,301017,漱玉平民,医药商业,18.02,18.02,17.34,17.52,17.34,2566932,45897149.96,7.4936,-2.946,3.76,否,0.96,-5.908,-7.302,-15.034,-7.595,否,405340000.0,34255193.0,7210998600.0,609399883.47,31.014872,3.782909,1.480545,18.37,18.91,19.21,19.54,14.55,7.28,3.49,2021-07-05,-
2021-09-01,301017,漱玉平民,医药商业,17.48,17.97,17.26,17.88,17.26,2193746,39340182.84,6.4041,2.08,4.05,否,0.85,-3.974,-6.583,-14.654,-6.729,否,405340000.0,34255193.0,7360974400.0,622074304.88,31.659925,3.861587,1.511338,18.14,18.6,19.13,19.41,14.85,7.43,3.56,2021-07-05,-
2021-09-02,301017,漱玉平民,医药商业,17.92,18.01,17.66,17.87,17.66,1646002,29768151.76,4.8051,-0.055,1.98,否,0.67,-0.997,-6.145,-9.197,-6.587,否,405340000.0,34255193.0,7356921000.0,621731752.95,31.642491,3.859461,1.510506,17.99,18.42,19.05,19.26,15.15,7.58,3.64,2021-07-05,-
2021-09-03,301017,漱玉平民,医药商业,17.79,18.16,17.79,18.04,17.79,1795800,32819831.4,5.2424,0.937,2.09,否,0.79,2.968,-3.115,-2.906,-6.383,否,405340000.0,34255193.0,7425828800.0,627555135.76,31.938867,3.89561,1.524654,17.87,18.37,19.03,19.13,15.45,7.73,3.71,2021-07-05,-
2021-09-06,301017,漱玉平民,医药商业,18.09,18.78,18.02,18.57,18.02,2847402,53244401.08,8.3123,2.948,4.2,否,1.28,3.859,-0.269,-1.746,-4.475,否,405340000.0,34255193.0,7644712400.0,646052939.98,32.880297,4.010437,1.569594,17.98,18.34,18.99,19.08,15.76,7.88,3.78,2021-07-05,-
2021-09-07,301017,漱玉平民,医药商业,18.37,18.57,18.27,18.37,18.27,1883130,35127126.84,5.4974,-1.114,1.64,否,0.85,2.798,1.773,-4.023,-7.363,否,405340000.0,34255193.0,7559591000.0,638859349.45,32.514185,3.965782,1.552118,18.15,18.26,18.93,19.06,16.07,8.03,3.86,2021-07-05,-
2021-09-08,301017,漱玉平民,医药商业,18.33,18.45,18.03,18.14,18.03,1930737,35667991.07,5.6363,-1.233,2.25,否,0.93,0.554,3.539,-4.727,-7.022,否,405340000.0,34255193.0,7466362800.0,630980655.06,32.113206,3.916874,1.532976,18.2,18.17,18.86,19.03,16.37,8.18,3.93,2021-07-05,-
2021-09-09,301017,漱玉平民,医药商业,18.14,18.25,18.0,18.23,18.0,1460626,26888267.08,4.264,0.489,1.36,否,0.72,-1.831,1.957,-2.095,-5.982,否,405340000.0,34255193.0,7502843400.0,634063622.43,32.270111,3.936012,1.540466,18.27,18.13,18.81,19.0,16.67,8.34,4.0,2021-07-05,-
2021-09-10,301017,漱玉平民,医药商业,18.23,18.23,17.89,17.97,17.89,1384593,25353473.87,4.042,-1.405,1.84,否,0.7,-2.177,0.56,-3.491,-3.491,否,405340000.0,34255193.0,7397455000.0,625157272.25,31.81683,3.880725,1.518828,18.26,18.06,18.75,18.95,16.97,8.49,4.07,2021-07-05,-
2021-09-13,301017,漱玉平民,医药商业,18.02,18.21,17.73,17.79,17.73,1272944,23196062.15,3.7161,-1.041,2.68,否,0.67,-1.929,-1.386,-1.44,-7.295,否,405340000.0,34255193.0,7320440400.0,618648785.58,31.485587,3.840323,1.503016,18.1,18.04,18.63,18.9,17.27,8.63,4.14,2021-07-05,-
2021-09-14,301017,漱玉平民,医药商业,17.79,17.89,17.5,17.61,17.5,1573041,28266470.22,4.5921,-0.997,2.21,否,0.99,-3.401,-5.17,0.514,-10.061,否,405340000.0,34255193.0,7247479200.0,612482850.84,31.171777,3.802047,1.488035,17.95,18.05,18.48,18.82,17.56,8.78,4.21,2021-07-05,-
2021-09-15,301017,漱玉平民,医药商业,17.53,17.77,17.41,17.67,17.41,1314897,23494711.3,3.8385,0.336,2.01,否,0.86,-1.669,-3.811,-1.174,-10.076,否,405340000.0,34255193.0,7271799600.0,614538162.42,31.27638,3.814806,1.493029,17.85,18.03,18.31,18.76,17.86,8.93,4.29,2021-07-05,-
2021-09-16,301017,漱玉平民,医药商业,17.62,19.46,17.49,18.45,17.49,6314343,119839305.34,18.4332,4.404,11.15,否,4.51,3.71,1.709,3.246,-4.106,否,405340000.0,34255193.0,7592018200.0,641599764.89,32.653656,3.982793,1.558775,17.9,18.08,18.25,18.73,18.16,9.08,4.36,2021-07-05,-
2021-09-17,301017,漱玉平民,医药商业,17.75,18.66,17.54,18.23,17.54,4892594,89525120.51,14.2828,-1.175,6.09,否,2.06,3.521,0.0,1.053,-4.455,否,405340000.0,34255193.0,7502843400.0,634063622.43,32.270111,3.936012,1.540466,17.95,18.1,18.24,18.72,18.47,9.23,4.43,2021-07-05,-
2021-09-22,301017,漱玉平民,医药商业,17.87,18.09,17.72,17.81,17.72,2206499,39975024.81,6.4414,-2.323,2.05,否,0.72,0.792,-0.89,-4.093,-12.049,否,405340000.0,34255193.0,7328547200.0,619333889.44,31.520454,3.844576,1.50468,17.95,18.03,18.18,18.67,18.76,9.38,4.5,2021-07-05,-
2021-09-23,301017,漱玉平民,医药商业,17.75,18.08,17.75,17.9,17.75,1835961,33417049.93,5.3597,0.553,1.88,否,0.56,-2.981,0.618,-2.559,-13.191,否,405340000.0,34255193.0,7369081200.0,622759408.74,31.694793,3.86584,1.513002,18.01,17.98,18.12,18.62,19.06,9.53,4.58,2021-07-05,-
2021-09-24,301017,漱玉平民,医药商业,18.32,19.3,18.32,18.71,18.32,5888223,112574471.65,17.1893,4.511,5.5,否,1.78,2.633,6.246,3.142,-10.692,否,405340000.0,34255193.0,7701460000.0,650848667.0,33.124371,4.040207,1.581246,18.22,18.04,18.1,18.58,19.37,9.69,4.65,2021-07-05,-
2021-09-27,301017,漱玉平民,医药商业,18.44,20.58,18.09,19.57,18.09,8595869,169598781.13,25.0936,4.579,13.32,否,2.03,9.882,10.753,7.351,-0.559,否,405340000.0,34255193.0,8054105800.0,680650684.91,34.641119,4.225206,1.65365,18.44,18.17,18.15,18.6,19.7,9.85,4.73,2021-07-05,-
2021-09-28,301017,漱玉平民,医药商业,18.98,19.28,18.58,18.82,18.58,5091982,97235243.71,14.8648,-3.825,3.57,否,1.09,5.14,2.005,4.73,1.292,否,405340000.0,34255193.0,7746047400.0,654616738.23,33.316144,4.063597,1.5904,18.56,18.26,18.16,18.59,20.01,10.01,4.8,2021-07-05,-
2021-09-29,301017,漱玉平民,医药商业,18.47,19.54,18.0,19.12,18.0,5664619,108024017.56,16.5365,1.57,8.16,否,1.2,2.191,4.882,7.476,1.164,否,405340000.0,34255193.0,7867649400.0,664893296.13,33.83916,4.12739,1.615367,18.82,18.39,18.21,18.55,19.85,10.17,4.88,2021-07-05,-
2021-09-30,301017,漱玉平民,医药商业,18.72,19.29,18.71,18.81,18.71,3632703,69918698.35,10.6048,-1.597,3.04,否,0.67,-3.883,5.615,6.814,-1.724,否,405340000.0,34255193.0,7741994000.0,654274186.3,33.29871,4.061471,1.589568,19.01,18.51,18.28,18.49,19.73,10.32,4.96,2021-07-05,-
2021-10-08,301017,漱玉平民,医药商业,18.87,20.56,18.61,20.13,18.61,7101700,142424805.01,20.7317,7.016,10.37,否,1.23,6.961,12.458,13.922,5.725,否,405340000.0,34255193.0,8285149600.0,700176144.92,35.63485,4.346412,1.701088,19.29,18.76,18.39,18.46,19.65,10.49,5.04,2021-07-05,-
2021-10-11,301017,漱玉平民,医药商业,20.2,21.82,19.9,20.69,19.9,10610142,226177029.6,30.9738,2.789,9.54,否,1.76,8.211,10.583,12.141,11.117,否,405340000.0,34255193.0,8516193400.0,719701604.93,36.628581,4.467618,1.748525,19.51,18.98,18.53,18.5,19.58,10.66,5.12,2021-07-05,-
2021-10-12,301017,漱玉平民,医药商业,20.5,24.83,20.17,24.83,20.17,21184824,508972965.08,61.8441,19.991,22.51,否,3.3,32.004,26.878,36.204,33.351,是,405340000.0,34255193.0,10218621400.0,863573415.53,43.95081,5.360716,2.098063,20.72,19.64,18.87,18.7,19.61,10.87,5.22,2021-07-05,-
2021-10-13,301017,漱玉平民,医药商业,24.83,29.79,24.83,29.79,24.83,20477345,559771035.43,59.7788,19.992,19.99,否,2.12,47.988,58.289,67.266,65.042,是,405340000.0,34255193.0,12261535000.0,1036219588.25,52.737486,6.432434,2.51751,22.85,20.84,19.43,19.07,19.72,11.12,5.34,2021-07-05,-
2021-10-14,301017,漱玉平民,医药商业,28.91,29.35,25.98,27.03,25.98,25907660,716763858.43,75.6313,-9.256,11.31,否,2.06,30.643,41.37,51.006,54.281,否,405340000.0,34255193.0,11126583000.0,940305047.85,47.856,5.837036,2.284484,24.49,21.75,19.87,19.33,19.78,11.34,5.45,2021-07-05,-
2021-10-15,301017,漱玉平民,医药商业,25.61,27.94,24.84,27.77,24.84,21638741,583358706.73,63.1692,2.732,11.48,否,1.27,11.841,47.634,48.423,55.313,否,405340000.0,34255193.0,11430588000.0,965996442.6,49.16354,5.996517,2.346902,26.02,22.66,20.35,19.62,19.86,11.58,5.56,2021-07-05,-
2021-10-18,301017,漱玉平民,医药商业,26.32,29.47,25.52,28.43,25.52,21263672,591997146.53,62.0743,2.376,14.22,否,1.07,-4.565,41.232,45.273,59.093,否,405340000.0,34255193.0,11702165800.0,988947421.91,50.33161,6.138988,2.402661,27.57,23.54,20.86,19.95,19.96,11.81,5.67,2021-07-05,-
2021-10-19,301017,漱玉平民,医药商业,27.6,28.17,25.81,26.13,25.81,17351384,473987485.64,50.6533,-8.105,8.28,否,0.79,-3.33,26.293,38.842,44.845,否,405340000.0,34255193.0,10753670200.0,908790270.29,46.252083,5.641405,2.207918,27.83,24.27,21.26,20.2,20.02,12.03,5.77,2021-07-05,-
2021-10-20,301017,漱玉平民,医药商业,25.61,31.15,25.61,28.51,25.61,24237098,685863986.24,70.7545,9.122,21.22,否,1.14,2.665,14.821,49.111,53.527,否,405340000.0,34255193.0,11734593000.0,991687837.35,50.471081,6.155999,2.409319,27.57,25.21,21.8,20.55,20.12,12.27,5.89,2021-07-05,-
2021-10-21,301017,漱玉平民,医药商业,27.19,33.07,26.89,31.02,26.89,24148488,713847690.79,70.4958,8.808,21.69,否,1.09,9.11,4.129,64.912,68.862,否,405340000.0,34255193.0,12768210000.0,1079038579.5,54.916721,6.698238,2.621539,28.37,26.43,22.47,21.0,20.27,12.53,6.01,2021-07-05,-
2021-10-22,301017,漱玉平民,医药商业,30.33,32.35,28.62,28.63,28.62,20238607,619452488.98,59.0819,-7.714,12.03,否,0.93,9.568,5.919,42.226,57.828,否,405340000.0,34255193.0,11783233800.0,995798460.51,50.680288,6.181516,2.419306,28.54,27.28,23.02,21.35,20.38,12.76,6.13,2021-07-05,-
2021-10-25,301017,漱玉平民,医药商业,27.58,30.19,26.62,28.8,26.62,16049049,464703465.55,46.8514,0.585,12.49,否,0.75,1.017,3.709,39.198,57.981,否,405340000.0,34255193.0,11852141600.0,1001621843.32,50.976664,6.217666,2.433454,28.62,28.09,23.54,21.72,20.49,13.0,6.24,2021-07-05,-
2021-10-26,301017,漱玉平民,医药商业,28.17,28.62,26.27,26.49,26.27,13507949,374535307.77,39.4333,-8.003,8.17,否,0.66,-14.603,-6.824,6.685,47.412,否,405340000.0,34255193.0,10903646000.0,921464691.7,46.897136,5.720082,2.238711,28.69,28.26,23.95,22.0,20.57,13.23,6.35,2021-07-05,-
2021-10-27,301017,漱玉平民,医药商业,26.19,27.08,25.26,26.08,25.26,10371449,276091439.39,30.277,-1.561,6.88,否,0.53,-8.907,-0.191,-12.454,46.599,否,405340000.0,34255193.0,10733403200.0,907077510.64,46.164913,5.630772,2.203757,28.2,27.89,24.36,22.25,20.67,13.44,6.45,2021-07-05,-
2021-10-28,301017,漱玉平民,医药商业,25.64,28.15,24.79,26.79,24.79,15710230,426959584.69,45.8623,2.719,12.88,否,0.93,-6.979,-6.033,-0.888,52.129,否,405340000.0,34255193.0,11025248000.0,931741249.6,47.420153,5.783875,2.263678,27.36,27.87,24.81,22.53,20.8,13.67,6.56,2021-07-05,-
2021-10-29,301017,漱玉平民,医药商业,25.71,29.25,25.31,28.02,25.31,18391523,514526922.47,53.6897,4.596,14.71,否,1.21,5.776,-9.671,0.9,58.574,否,405340000.0,34255193.0,11531923000.0,974560240.85,56.713164,6.118739,2.298035,27.24,27.89,25.27,22.86,20.94,13.9,6.67,2021-07-05,-
2021-11-01,301017,漱玉平民,医药商业,27.58,28.41,26.6,27.48,26.6,13800417,385639740.88,40.2871,-1.933,6.47,否,0.93,5.368,-4.017,-3.342,48.943,否,405340000.0,34255193.0,11308986000.0,955719884.7,55.616776,6.00045,2.253609,26.97,27.8,25.67,23.17,21.08,14.13,6.78,2021-07-05,-
2021-11-02,301017,漱玉平民,医药商业,27.65,29.99,27.1,28.63,27.1,19625952,572246901.0,57.2934,4.194,10.5,否,1.37,6.868,-0.59,9.568,57.049,否,405340000.0,34255193.0,11783233800.0,995798460.51,57.949092,6.252082,2.348115,27.4,28.05,26.16,23.52,21.24,14.37,6.9,2021-07-05,-
2021-11-03,301017,漱玉平民,医药商业,27.85,30.91,26.94,29.36,26.94,19704805,574224774.35,57.5236,2.546,13.9,否,1.26,4.782,10.834,2.981,64.851,否,405340000.0,34255193.0,12083185400.0,1021147303.33,59.424233,6.411234,2.407888,28.06,28.13,26.67,23.91,21.4,14.61,7.01,2021-07-05,-
2021-11-04,301017,漱玉平民,医药商业,29.36,30.53,28.09,29.79,28.09,17911125,532730094.18,52.2873,1.476,8.32,否,1.03,8.406,14.225,-3.965,66.425,否,405340000.0,34255193.0,12261535000.0,1036219588.25,60.301343,6.505864,2.443429,28.66,28.01,27.22,24.32,21.57,14.86,7.13,2021-07-05,-
2021-11-05,301017,漱玉平民,医药商业,29.19,30.48,28.07,28.17,28.07,14639309,435069970.58,42.736,-5.455,8.1,否,0.82,-1.607,5.151,-1.607,50.561,否,405340000.0,34255193.0,11592724000.0,979698519.8,57.012179,6.150999,2.310151,28.69,27.96,27.62,24.67,21.71,15.09,7.25,2021-07-05,-
2021-11-08,301017,漱玉平民,医药商业,27.13,27.58,26.0,26.05,26.0,13655683,367002930.81,39.8646,-7.518,5.59,否,0.8,-11.274,-7.031,-9.549,33.112,否,405340000.0,34255193.0,10721243000.0,906049854.85,52.726298,5.688599,2.136486,28.4,27.69,27.89,24.92,21.83,15.31,7.35,2021-07-05,-
2021-11-09,301017,漱玉平民,医药商业,26.26,27.37,26.01,26.43,26.01,10650400,288340249.1,31.0913,1.475,5.22,否,0.62,-11.279,-3.821,-0.227,40.436,否,405340000.0,34255193.0,10879325600.0,919409380.12,53.503737,5.772476,2.167988,27.96,27.68,27.97,25.19,21.96,15.53,7.46,2021-07-05,-
2021-11-10,301017,漱玉平民,医药商业,26.43,27.85,25.53,27.53,25.53,13595775,371533014.79,39.6897,4.136,8.79,否,0.89,-2.272,-3.842,5.56,43.985,否,405340000.0,34255193.0,11329253000.0,957432644.35,55.716448,6.011204,2.257648,27.59,27.83,27.86,25.52,22.09,15.76,7.57,2021-07-05,-
2021-11-11,301017,漱玉平民,医药商业,27.48,28.27,26.74,27.06,26.74,9757631,271667256.4,28.4851,-1.682,5.58,否,0.69,3.877,-7.834,1.008,43.86,否,405340000.0,34255193.0,11138743200.0,941332703.64,54.779534,5.910121,2.219684,27.05,27.85,27.86,25.82,22.22,15.99,7.67,2021-07-05,-
2021-11-12,301017,漱玉平民,医药商业,27.11,27.66,26.85,27.47,26.85,7256303,201314187.51,21.1831,1.492,3.02,否,0.58,3.935,-7.788,-1.963,36.463,否,405340000.0,34255193.0,11304932600.0,955377332.77,55.596842,5.998299,2.252801,26.91,27.8,27.84,26.11,22.35,16.22,7.78,2021-07-05,-
2021-11-15,301017,漱玉平民,医药商业,27.49,29.44,27.28,28.89,27.28,14900178,430711124.25,43.4976,5.199,7.85,否,1.36,4.94,2.556,5.131,39.633,否,405340000.0,34255193.0,11892675600.0,1005047362.62,58.487319,6.310151,2.369924,27.48,27.94,27.87,26.43,22.51,16.46,7.9,2021-07-05,-
2021-11-16,301017,漱玉平民,医药商业,28.86,31.89,28.36,28.36,28.36,18906822,576660773.76,55.194,-1.841,12.2,否,1.68,4.804,8.868,-0.943,14.217,否,405340000.0,34255193.0,11673792000.0,986549558.4,57.410866,6.194013,2.326306,27.86,27.91,27.98,26.74,22.66,16.69,8.01,2021-07-05,-
2021-11-17,301017,漱玉平民,医药商业,27.08,31.69,26.72,30.33,26.72,20850441,623570993.73,60.868,6.944,17.53,否,1.62,10.411,14.756,3.304,1.813,否,405340000.0,34255193.0,12484472000.0,1055059944.4,61.397731,6.624153,2.487855,28.42,28.01,28.07,27.12,22.83,16.95,8.13,2021-07-05,-
2021-11-18,301017,漱玉平民,医药商业,30.5,31.33,28.84,29.42,28.84,15313735,465591802.37,44.7049,-3.02,8.21,否,1.07,1.835,6.865,-1.242,8.842,否,405340000.0,34255193.0,12107505800.0,1023202614.91,59.543839,6.424138,2.412735,28.89,27.97,27.99,27.47,22.98,17.19,8.25,2021-07-05,-
2021-11-19,301017,漱玉平民,医药商业,29.54,29.64,28.15,29.08,28.15,10563099,309009934.6,30.8365,-1.138,5.09,否,0.68,2.539,7.465,3.23,4.717,否,405340000.0,34255193.0,11969690200.0,1011555849.29,58.866072,6.351014,2.385271,29.22,28.06,28.01,27.77,23.12,17.43,8.37,2021-07-05,-
2021-11-22,301017,漱玉平民,医药商业,28.89,30.32,28.37,29.11,28.37,10905328,324659418.54,31.8355,0.102,6.71,否,0.68,-4.022,5.97,11.747,2.392,否,405340000.0,34255193.0,11981850400.0,1012583505.08,58.925875,6.357466,2.387695,29.26,28.37,28.03,28.05,23.27,17.68,8.48,2021-07-05,-
2021-11-23,301017,漱玉平民,医药商业,28.48,29.99,28.37,28.63,28.37,11120426,328967156.43,32.4635,-1.658,5.55,否,0.73,-2.685,-0.9,8.324,9.568,否,405340000.0,34255193.0,11783233800.0,995798460.51,57.949092,6.252082,2.348115,29.31,28.59,28.13,28.18,23.44,17.91,8.6,2021-07-05,-
2021-11-24,301017,漱玉平民,医药商业,28.46,34.35,28.07,34.35,28.07,18628147,593972779.29,54.3805,19.986,21.95,否,1.35,18.122,21.121,24.773,20.484,是,405340000.0,34255193.0,14138259200.0,1194821131.84,69.530937,7.501638,2.817415,30.12,29.27,28.55,28.33,23.7,18.2,8.74,2021-07-05,-
2021-11-25,301017,漱玉平民,医药商业,34.47,35.13,31.19,31.51,31.19,18750192,618636632.2,54.7368,-8.257,11.47,否,1.41,8.245,3.891,16.445,1.58,否,405340000.0,34255193.0,12970880000.0,1096166176.0,63.789851,6.882237,2.584784,30.54,29.72,28.78,28.48,23.9,18.46,8.86,2021-07-05,-
2021-11-26,301017,漱玉平民,医药商业,31.96,32.09,30.25,30.45,30.25,12904837,406182415.76,37.6726,-3.375,5.81,否,0.92,6.357,3.501,10.848,6.357,否,405340000.0,34255193.0,12533112800.0,1059170567.56,61.636943,6.649961,2.497548,30.81,30.01,28.91,28.57,24.09,18.72,8.98,2021-07-05,-
2021-11-29,301017,漱玉平民,医药商业,29.74,31.41,29.72,30.79,29.72,10810269,334787215.23,31.558,1.1,5.53,否,0.75,-10.364,5.88,6.577,6.91,否,405340000.0,34255193.0,12670928400.0,1070817333.18,62.31471,6.723085,2.525011,31.15,30.2,29.07,28.65,24.3,18.97,9.11,2021-07-05,-
2021-11-30,301017,漱玉平民,医药商业,30.4,31.47,30.14,31.08,30.14,11253557,352618030.72,32.8521,0.96,4.32,否,0.78,-1.365,6.767,9.591,17.327,否,405340000.0,34255193.0,12792530400.0,1081093891.08,62.91274,6.787606,2.549244,31.64,30.48,29.19,28.81,24.5,19.23,9.23,2021-07-05,-
2021-12-01,301017,漱玉平民,医药商业,30.71,30.71,29.1,29.29,29.1,10131949,305108342.84,29.5778,-5.767,5.16,否,0.7,-3.81,2.305,-3.429,12.308,否,405340000.0,34255193.0,12054811600.0,1018749439.82,59.284692,6.396179,2.402234,30.62,30.37,29.19,28.84,24.69,19.48,9.35,2021-07-05,-
2021-12-02,301017,漱玉平民,医药商业,29.05,29.79,28.7,28.94,28.7,7177741,212977669.74,20.9537,-1.177,3.73,否,0.56,-6.008,-15.75,-1.632,8.025,否,405340000.0,34255193.0,11912942600.0,1006760122.27,58.586991,6.320904,2.373963,30.11,30.32,29.15,28.77,24.88,19.72,9.46,2021-07-05,-
2021-12-03,301017,漱玉平民,医药商业,29.17,29.17,26.87,26.94,26.87,9394186,263412289.51,27.4241,-6.907,7.96,否,0.9,-13.32,-14.503,-7.359,-3.854,否,405340000.0,34255193.0,11090102400.0,937222080.48,54.540322,5.884312,2.209991,29.41,30.11,29.09,28.71,25.03,19.94,9.57,2021-07-05,-
2021-12-06,301017,漱玉平民,医药商业,26.7,26.98,25.86,25.9,25.86,6141519,164291637.98,17.9287,-3.874,4.17,否,0.63,-11.574,-14.943,-11.027,-5.75,否,405340000.0,34255193.0,10660442000.0,900911575.9,52.427284,5.656338,2.12437,28.43,29.79,29.08,28.61,25.17,20.16,9.68,2021-07-05,-
2021-12-07,301017,漱玉平民,医药商业,26.04,26.99,25.85,26.78,25.85,7353152,198157028.91,21.4658,3.384,4.41,否,0.83,-7.464,-13.024,-6.462,-6.462,否,405340000.0,34255193.0,11021194600.0,931398697.67,54.201439,5.84775,2.196259,27.57,29.6,29.1,28.62,25.31,20.38,9.78,2021-07-05,-
2021-12-08,301017,漱玉平民,医药商业,26.55,27.27,26.14,26.95,26.14,5925740,160659918.31,17.2988,0.662,4.23,否,0.74,0.037,-13.288,-21.543,-8.208,否,405340000.0,34255193.0,11094155800.0,937564632.41,54.560257,5.886463,2.210798,27.1,28.86,29.07,28.65,25.45,20.61,9.89,2021-07-05,-
2021-12-09,301017,漱玉平民,医药商业,26.63,29.84,26.61,28.23,26.61,13078503,376823519.03,38.1796,4.713,11.98,否,1.82,8.996,-3.619,-10.409,-5.237,否,405340000.0,34255193.0,11617044400.0,981753831.38,57.131785,6.163903,2.314998,26.96,28.54,29.13,28.7,25.62,20.84,10.0,2021-07-05,-
2021-12-10,301017,漱玉平民,医药商业,27.61,28.84,27.39,27.84,27.39,8144517,231050064.64,23.776,-1.361,5.13,否,0.97,3.958,-3.801,-8.571,-1.171,否,405340000.0,34255193.0,11458961800.0,968394306.11,56.354346,6.080026,2.283496,27.14,28.27,29.14,28.69,25.78,21.07,10.12,2021-07-05,-
2021-12-13,301017,漱玉平民,医药商业,27.71,28.54,27.19,28.43,27.19,7279031,206141820.95,21.2494,2.122,4.85,否,0.9,5.492,5.531,-7.665,9.136,否,405340000.0,34255193.0,11702165800.0,988947421.91,57.550406,6.209068,2.33196,27.65,28.04,29.12,28.73,25.95,21.31,10.23,2021-07-05,-
2021-12-14,301017,漱玉平民,医药商业,27.97,29.63,27.97,28.95,27.97,8672780,254152982.18,25.3181,1.836,5.85,否,1.04,2.55,11.776,-6.853,9.535,否,405340000.0,34255193.0,11916996000.0,1007102674.2,58.606925,6.323055,2.374771,28.08,27.83,29.15,28.74,26.13,21.55,10.34,2021-07-05,-
2021-12-15,301017,漱玉平民,医药商业,28.68,29.35,27.38,27.38,27.38,7546905,216902438.75,22.0314,-5.442,6.8,否,0.88,-1.652,2.24,-6.521,-0.545,否,405340000.0,34255193.0,11268452000.0,952294365.4,55.417433,5.978943,2.245532,28.17,27.63,29.0,28.67,26.29,21.78,10.45,2021-07-05,-
2021-12-16,301017,漱玉平民,医药商业,26.98,28.07,26.98,27.36,26.98,5074885,141485404.79,14.8149,-0.072,3.96,否,0.57,-3.764,1.521,-5.46,1.109,否,405340000.0,34255193.0,11260345200.0,951609261.54,55.377564,5.974642,2.243916,27.99,27.48,28.9,28.59,26.45,22.01,10.56,2021-07-05,-
2021-12-17,301017,漱玉平民,医药商业,27.65,27.65,26.41,26.44,26.41,5275548,144048039.64,15.4007,-3.348,4.54,否,0.72,-8.67,-6.341,-1.856,-3.75,否,405340000.0,34255193.0,10883379000.0,919751932.05,53.523672,5.774627,2.168796,27.71,27.43,28.77,28.53,26.6,22.23,10.67,2021-07-05,-
2021-12-20,301017,漱玉平民,医药商业,26.4,26.98,25.99,26.0,25.99,4219557,113452408.98,12.318,-1.676,3.76,否,0.62,-5.04,-6.609,0.386,-10.003,否,405340000.0,34255193.0,10700976000.0,904337095.2,52.626627,5.677845,2.132447,27.23,27.44,28.61,28.53,26.73,22.44,10.77,2021-07-05,-
2021-12-21,301017,漱玉平民,医药商业,26.0,27.17,25.71,26.4,25.71,4640200,125525801.57,13.546,1.553,5.61,否,0.75,-3.509,-7.14,-1.419,-6.911,否,405340000.0,34255193.0,10867165400.0,918381724.33,53.443934,5.766024,2.165565,26.72,27.4,28.5,28.53,26.86,22.66,10.88,2021-07-05,-
2021-12-22,301017,漱玉平民,医药商业,26.39,26.76,26.05,26.19,26.05,4002919,106984783.6,11.6856,-0.821,2.69,否,0.75,-0.946,-9.534,-2.82,-13.65,否,405340000.0,34255193.0,10777990600.0,910845581.87,53.005379,5.718709,2.147794,26.48,27.32,28.09,28.49,27.0,22.88,10.98,2021-07-05,-
2021-12-23,301017,漱玉平民,医药商业,26.19,26.24,22.81,23.01,22.81,10683751,259108312.29,31.1887,-12.147,13.09,否,2.3,-11.5,-15.961,-18.491,-21.788,否,405340000.0,34255193.0,9468742400.0,800201308.48,46.566591,5.024033,1.886893,25.61,26.8,27.67,28.35,27.09,23.07,11.08,2021-07-05,-
2021-12-24,301017,漱玉平民,医药商业,23.01,23.73,22.55,22.88,22.55,5824790,136677022.7,17.0041,-0.557,5.14,否,1.01,-13.333,-16.374,-17.816,-21.32,否,405340000.0,34255193.0,9416048200.0,795748133.39,46.307445,4.996074,1.876392,24.9,26.3,27.29,28.2,27.16,23.27,11.17,2021-07-05,-
2021-12-27,301017,漱玉平民,医药商业,22.84,24.24,22.32,23.78,22.32,6492276,155062204.88,18.9527,3.96,8.39,否,1.11,-9.202,-10.061,-16.356,-18.31,否,405340000.0,34255193.0,9788961000.0,827262910.95,48.141403,5.193938,1.950705,24.45,25.84,26.94,28.03,27.23,23.46,11.26,2021-07-05,-
2021-12-28,301017,漱玉平民,医药商业,23.51,24.08,23.41,23.56,23.41,3951104,94896992.76,11.5343,-0.952,2.82,否,0.62,2.39,-9.385,-18.618,-17.709,否,405340000.0,34255193.0,9695732800.0,819384216.56,47.682913,5.144472,1.932126,23.88,25.3,26.56,27.87,27.3,23.66,11.36,2021-07-05,-
2021-12-29,301017,漱玉平民,医药商业,23.64,24.54,23.44,23.61,23.44,4700137,114355179.21,13.7209,0.209,4.68,否,0.76,3.191,-10.568,-13.769,-31.266,否,405340000.0,34255193.0,9715999800.0,821096976.21,47.782585,5.155225,1.936165,23.37,24.92,26.28,27.64,27.38,23.62,11.45,2021-07-05,-
2021-12-30,301017,漱玉平民,医药商业,23.53,24.47,23.24,23.89,23.24,4944395,119866472.49,14.434,1.21,5.21,否,0.78,0.463,-8.782,-12.683,-24.183,否,405340000.0,36182493.0,9833548400.0,877787280.18,48.360681,5.217596,1.95959,23.54,24.58,26.03,27.46,27.46,23.59,11.55,2021-07-05,-
2021-12-31,301017,漱玉平民,医药商业,24.13,24.7,23.74,23.78,23.74,4918785,120696130.79,13.5944,-0.453,4.0,否,0.95,0.934,3.346,-10.061,-21.905,否,405340000.0,36043393.0,9788961000.0,870447940.95,48.141403,5.193938,1.950705,23.72,24.31,25.87,27.28,27.53,23.59,11.64,2021-07-05,-
2022-01-04,301017,漱玉平民,医药商业,23.33,24.4,23.33,23.75,23.33,4009801,97538798.53,11.0822,-0.124,4.51,否,0.8,0.593,3.802,-8.654,-22.865,否,405340000.0,36043393.0,9776800800.0,869366639.16,48.0816,5.187486,1.948281,23.72,24.09,25.76,27.1,27.58,23.58,11.74,2021-07-05,-
2022-01-05,301017,漱玉平民,医药商业,23.33,23.33,21.98,22.62,21.98,6597437,151072749.29,17.1749,-4.768,5.68,否,1.46,-5.316,-4.878,-14.318,-27.22,否,405340000.0,38413300.0,9310659800.0,882353501.0,45.789152,4.940156,1.855391,23.53,23.71,25.55,26.9,27.54,23.57,11.83,2021-07-05,-
2022-01-06,301017,漱玉平民,医药商业,22.46,23.22,22.29,23.07,22.29,3821818,88907647.92,9.9492,2.003,4.14,否,0.76,-2.986,-2.08,-11.913,-21.236,否,405340000.0,38413300.0,9497116200.0,900023619.0,46.706131,5.039088,1.892547,23.42,23.4,25.36,26.53,27.43,23.57,11.92,2021-07-05,-
2022-01-07,301017,漱玉平民,医药商业,23.32,23.32,22.01,22.12,22.01,3052469,70233511.33,7.9464,-4.14,5.68,否,0.63,-6.863,-6.311,-3.868,-23.566,否,405340000.0,38413300.0,9103936400.0,862762718.0,44.772501,4.83047,1.814196,23.07,23.31,25.05,26.21,27.35,23.57,12.01,2021-07-05,-
2022-01-10,301017,漱玉平民,医药商业,22.42,23.26,22.09,22.64,22.09,3887902,89224000.1,10.1212,2.36,5.3,否,0.87,0.088,-5.232,-1.049,-15.961,否,405340000.0,38413300.0,9318766600.0,883121767.0,45.829021,4.944457,1.857006,22.84,23.28,24.79,25.95,27.26,23.56,12.1,2021-07-05,-
2022-01-11,301017,漱玉平民,医药商业,22.61,25.16,22.46,23.65,22.46,9504098,232999284.97,24.7417,4.437,11.92,否,2.22,2.514,-0.547,-0.547,-8.687,否,405340000.0,38413300.0,9732213400.0,922303333.0,47.862322,5.163828,1.939396,22.82,23.27,24.55,25.72,27.18,23.57,12.19,2021-07-05,-
2022-01-12,301017,漱玉平民,医药商业,23.19,24.06,22.81,23.56,22.81,5180688,123364641.36,13.4867,-0.375,5.29,否,0.96,6.51,-0.8,0.0,-12.024,否,405340000.0,38413300.0,9695732800.0,918846136.0,47.682913,5.144472,1.932126,23.01,23.27,24.28,25.46,27.14,23.58,12.29,2021-07-05,-
2022-01-13,301017,漱玉平民,医药商业,23.34,23.99,22.66,23.69,22.66,5901521,140627156.52,15.3632,0.585,5.64,否,1.16,4.638,4.73,0.339,-12.096,否,405340000.0,38413300.0,9752480400.0,924223998.0,47.961994,5.174582,1.943435,23.13,23.28,24.1,25.28,27.06,23.59,12.38,2021-07-05,-
2022-01-14,301017,漱玉平民,医药商业,23.43,24.73,23.15,24.24,23.15,7517208,183795227.69,19.5693,2.286,6.65,否,1.37,2.495,5.072,1.465,-14.134,否,405340000.0,38413300.0,9975417400.0,945351313.0,49.058382,5.29287,1.987861,23.56,23.31,23.94,25.12,26.94,23.61,12.48,2021-07-05,-
2022-01-17,301017,漱玉平民,医药商业,24.03,24.16,22.19,22.77,22.19,7095952,164991884.96,18.4726,-6.054,8.13,否,1.11,-3.353,2.939,-4.247,-18.211,否,405340000.0,38413300.0,9371460800.0,888115496.0,46.088167,4.972416,1.867507,23.58,23.21,23.76,24.98,26.85,23.61,12.57,2021-07-05,-
2022-01-18,301017,漱玉平民,医药商业,22.8,22.86,21.33,21.62,21.33,6031085,133988959.4,15.7005,-5.061,6.7,否,0.86,-8.738,-4.505,-8.968,-23.954,否,405340000.0,38413300.0,8897213000.0,843171935.0,43.755851,4.720784,1.773001,23.18,23.0,23.54,24.84,26.73,23.61,12.66,2021-07-05,-
2022-01-19,301017,漱玉平民,医药商业,21.18,21.96,21.18,21.74,21.18,2540152,55842558.46,6.6127,0.547,3.6,否,0.4,-10.314,-8.076,-3.89,-24.905,否,405340000.0,38413300.0,8945853800.0,847781531.0,43.995063,4.746593,1.782694,22.81,22.91,23.31,24.67,26.65,23.61,12.74,2021-07-05,-
2022-01-20,301017,漱玉平民,医药商业,21.76,21.91,20.59,20.6,20.59,3864267,82411215.06,10.0597,-5.211,6.07,否,0.66,-9.53,-12.564,-10.707,-24.763,否,405340000.0,38413300.0,8479712800.0,803606236.0,41.702615,4.499262,1.689803,22.19,22.66,23.03,24.46,26.56,23.61,12.83,2021-07-05,-
2022-01-21,301017,漱玉平民,医药商业,20.6,20.83,20.32,20.6,20.32,2079068,43414333.29,5.4124,0.0,2.49,否,0.38,-4.718,-13.043,-6.872,-24.708,否,405340000.0,38413300.0,8479712800.0,803606236.0,41.702615,4.499262,1.689803,21.47,22.51,22.91,24.21,26.45,23.62,12.91,2021-07-05,-
2022-01-24,301017,漱玉平民,医药商业,20.76,20.76,20.22,20.58,20.22,1494299,31070781.53,3.8901,-0.096,2.63,否,0.35,-5.336,-15.099,-9.099,-22.163,否,405340000.0,38413300.0,8471606000.0,802837970.0,41.662746,4.494961,1.688187,21.03,22.31,22.79,23.96,26.33,23.64,12.99,2021-07-05,-
2022-01-25,301017,漱玉平民,医药商业,20.39,20.54,19.44,19.72,19.44,2565679,51629994.94,6.6791,-4.211,5.36,否,0.8,-4.272,-13.395,-16.617,-24.154,否,405340000.0,38413300.0,8114906800.0,769034266.0,39.908525,4.305699,1.617106,20.65,21.91,22.59,23.67,26.2,23.64,13.07,2021-07-05,-
2022-01-26,301017,漱玉平民,医药商业,19.73,20.04,19.51,19.82,19.51,1715035,34383399.38,4.4647,0.55,2.7,否,0.68,-3.786,-8.326,-15.874,-24.924,否,405340000.0,38413300.0,8159494200.0,773259729.0,40.127803,4.329357,1.625991,20.26,21.54,22.4,23.37,26.05,23.65,13.15,2021-07-05,-
2022-01-27,301017,漱玉平民,医药商业,20.0,20.0,19.1,19.11,19.1,2213370,43447781.7,5.762,-3.626,4.57,否,0.94,-7.143,-12.098,-19.333,-27.033,否,405340000.0,38413300.0,7863596000.0,745218020.0,38.672597,4.172356,1.567026,19.97,21.08,22.18,23.09,25.88,23.64,13.23,2021-07-05,-
2022-01-28,301017,漱玉平民,医药商业,19.28,19.8,19.13,19.7,19.13,1971636,39174362.32,5.1327,3.093,3.51,否,0.98,-0.101,-4.369,-18.729,-14.385,否,405340000.0,38413300.0,8106800000.0,768266000.0,39.868657,4.301398,1.61549,19.79,20.63,21.97,22.84,25.71,23.64,13.3,2021-07-05,-
2022-02-07,301017,漱玉平民,医药商业,20.28,20.33,19.63,19.97,19.63,1646606,33414947.47,4.2866,1.4,3.55,否,0.83,0.757,-3.058,-12.297,-12.719,否,405340000.0,38413300.0,8220295200.0,779021724.0,40.426818,4.361617,1.638107,19.66,20.35,21.78,22.62,25.58,23.65,13.38,2021-07-05,-
2022-02-08,301017,漱玉平民,医药商业,19.8,20.46,19.8,20.29,19.8,1793527,36769363.21,4.669,1.578,3.35,否,0.89,6.175,-1.409,-6.152,-14.676,否,405340000.0,38413300.0,8350004000.0,791313980.0,41.064716,4.43044,1.663955,19.78,20.21,21.61,22.43,25.48,23.65,13.47,2021-07-05,-
2022-02-09,301017,漱玉平民,医药商业,20.24,20.51,20.04,20.36,20.04,1389341,28652048.53,3.6168,0.34,2.33,否,0.74,3.35,3.245,-6.348,-13.582,否,405340000.0,38413300.0,8378377800.0,794002911.0,41.204257,4.445495,1.669609,19.89,20.08,21.49,22.23,25.38,23.67,13.55,2021-07-05,-
2022-02-10,301017,漱玉平民,医药商业,20.35,20.65,20.05,20.13,20.05,1708820,35210420.35,4.4485,-1.113,2.95,否,0.95,0.801,1.564,-2.282,-14.74,否,405340000.0,38413300.0,8285149600.0,785167852.0,40.745767,4.396029,1.651031,20.09,20.03,21.35,22.03,25.26,23.68,13.63,2021-07-05,-
2022-02-11,301017,漱玉平民,医药商业,20.13,20.34,19.28,19.4,19.28,1908680,37764091.46,4.9688,-3.62,5.23,否,1.12,-4.386,1.518,-5.825,-18.794,否,405340000.0,38413300.0,7985198000.0,756742010.0,39.270627,4.236877,1.591258,20.03,19.91,21.21,21.91,25.13,23.67,13.7,2021-07-05,-
2022-02-14,301017,漱玉平民,医药商业,19.2,20.18,19.2,19.63,19.2,1736842,34754007.54,4.5215,1.168,5.03,否,1.03,-3.585,-0.355,-4.616,-17.452,否,405340000.0,38413300.0,8078426200.0,765577069.0,39.729116,4.286343,1.609836,19.96,19.81,21.06,21.8,25.0,23.67,13.78,2021-07-05,-
2022-02-15,301017,漱玉平民,医药商业,19.71,20.02,19.35,19.99,19.35,1888386,38014298.29,4.916,1.857,3.41,否,1.11,-0.695,0.1,1.369,-15.832,否,405340000.0,38413300.0,8228402000.0,779789990.0,40.466687,4.365919,1.639723,19.9,19.84,20.88,21.67,24.85,23.68,13.86,2021-07-05,-
2022-02-16,301017,漱玉平民,医药商业,20.03,20.93,19.81,20.59,19.81,3226074,66613940.95,8.3983,3.005,5.57,否,1.87,6.134,1.479,3.885,-8.974,否,405340000.0,38413300.0,8475659400.0,803222103.0,41.682681,4.497112,1.688995,19.95,19.92,20.73,21.57,24.72,23.69,13.95,2021-07-05,-
2022-02-17,301017,漱玉平民,医药商业,20.39,21.62,20.3,21.3,20.3,7603260,162896328.87,19.7933,3.443,6.41,否,3.63,8.507,4.617,11.46,-7.672,否,405340000.0,38413300.0,8767504200.0,830879679.0,43.117952,4.651962,1.747153,20.18,20.14,20.61,21.5,24.57,23.7,14.03,2021-07-05,-
2022-02-18,301017,漱玉平民,医药商业,20.88,21.81,20.59,21.62,20.59,5676633,122538880.14,14.7778,1.479,5.73,否,1.73,8.154,7.402,9.746,-2.26,否,405340000.0,38413300.0,8897213000.0,843171935.0,43.755851,4.720784,1.773001,20.63,20.33,20.48,21.42,24.44,23.71,14.12,2021-07-05,-
2022-02-21,301017,漱玉平民,医药商业,21.35,23.57,21.17,23.12,21.17,9305813,213146318.52,24.2255,6.97,11.07,否,2.31,12.288,19.175,15.774,2.12,否,405340000.0,38413300.0,9517383200.0,901944284.0,46.805803,5.049841,1.896586,21.32,20.64,20.49,21.4,24.34,23.73,14.21,2021-07-05,-
2022-02-22,301017,漱玉平民,医药商业,22.45,23.09,21.38,21.78,21.38,8130090,181727110.09,21.1648,-5.792,7.41,否,1.47,2.254,10.953,7.344,-7.907,否,405340000.0,38413300.0,8966120800.0,849702196.0,44.094734,4.757346,1.786732,21.68,20.79,20.5,21.33,24.22,23.75,14.3,2021-07-05,-
2022-02-23,301017,漱玉平民,医药商业,21.4,21.95,21.3,21.58,21.3,4682883,102770464.77,12.1908,-0.949,2.98,否,0.69,-0.185,7.954,5.992,-8.404,否,405340000.0,38413300.0,8880999400.0,841635403.0,43.676113,4.712181,1.76977,21.88,20.91,20.49,21.3,24.1,23.77,14.38,2021-07-05,-
2022-02-24,301017,漱玉平民,医药商业,21.28,21.8,20.29,20.61,20.29,5083505,108324759.59,13.2337,-4.473,7.03,否,0.72,-10.856,0.097,2.385,-13.001,否,405340000.0,38413300.0,8483766200.0,803990369.0,41.722549,4.501413,1.690611,21.74,20.96,20.5,21.22,23.87,23.78,14.47,2021-07-05,-
2022-02-25,301017,漱玉平民,医药商业,20.9,23.64,20.68,21.86,20.68,9268402,210273279.14,24.1281,6.068,14.33,否,1.41,0.367,2.629,12.68,-9.818,否,405340000.0,38413300.0,8998548000.0,852775260.0,44.254209,4.774552,1.793194,21.79,21.21,20.56,21.21,23.71,23.81,14.55,2021-07-05,-
2022-02-28,301017,漱玉平民,医药商业,21.48,22.13,21.29,22.04,21.29,5778206,127824908.0,15.0422,0.811,3.83,否,0.79,2.132,1.943,12.277,-3.206,否,405340000.0,38413300.0,9071509200.0,859689654.0,44.613027,4.813264,1.807734,21.57,21.45,20.63,21.19,23.57,23.83,14.64,2021-07-05,-
2022-03-01,301017,漱玉平民,医药商业,21.91,22.01,21.64,21.96,21.64,3410578,75490821.0,8.8786,-0.358,1.7,否,0.52,6.55,-5.017,9.855,1.573,否,405340000.0,38413300.0,9039082000.0,856616590.0,44.453552,4.796059,1.801272,21.61,21.65,20.74,21.13,23.42,23.86,14.73,2021-07-05,-
2022-03-02,301017,漱玉平民,医药商业,21.96,22.95,21.63,22.58,21.63,6652784,151537873.0,17.319,2.825,6.01,否,1.18,3.294,3.673,9.665,3.864,否,405340000.0,38413300.0,9294446200.0,880816969.0,45.709415,4.931553,1.85216,21.81,21.85,20.88,21.1,23.28,23.89,14.82,2021-07-05,-
2022-03-03,301017,漱玉平民,医药商业,22.37,23.17,22.31,22.98,22.31,7364692,170822109.0,19.1722,1.744,3.84,否,1.22,4.265,6.487,7.887,11.553,否,405340000.0,38413300.0,9456582200.0,896182289.0,46.506788,5.017581,1.884469,22.28,22.01,21.07,21.08,23.18,23.93,14.91,2021-07-05,-
2022-03-04,301017,漱玉平民,医药商业,22.96,24.62,22.75,23.96,22.75,12020307,293684464.0,31.292,4.286,8.14,否,1.85,9.107,16.254,10.823,16.311,否,405340000.0,38413300.0,9861922200.0,934595589.0,48.500221,5.232651,1.965244,22.7,22.25,21.29,21.07,23.09,23.99,15.01,2021-07-05,-
2022-03-07,301017,漱玉平民,医药商业,23.14,25.61,23.0,25.03,23.0,15321388,384711856.0,39.8856,4.48,10.89,否,2.17,10.85,14.501,8.261,21.623,否,405340000.0,38413300.0,10303742800.0,976466086.0,50.673063,5.467077,2.053288,23.3,22.44,21.54,21.14,23.06,24.05,15.11,2021-07-05,-
2022-03-08,301017,漱玉平民,医药商业,24.38,24.61,21.73,21.75,21.73,11813129,271528352.0,30.7527,-13.1,11.53,否,1.32,-5.352,-1.316,-0.138,10.294,否,405340000.0,38413300.0,8953960600.0,848549797.0,44.034931,4.750894,1.784309,23.26,22.44,21.61,21.15,22.99,24.08,15.19,2021-07-05,-
2022-03-09,301017,漱玉平民,医药商业,21.35,22.62,21.17,22.1,21.17,6919748,154120057.0,18.0139,1.584,6.65,否,0.65,-7.763,0.638,2.41,11.504,否,405340000.0,38413300.0,9095829600.0,861994452.0,44.732633,4.826168,1.81258,23.16,22.49,21.7,21.16,22.92,24.11,15.28,2021-07-05,-
2022-03-10,301017,漱玉平民,医药商业,22.63,24.31,22.16,23.96,22.16,11305808,271121312.0,29.432,8.423,9.71,否,1.06,-4.275,6.112,16.254,25.379,否,405340000.0,38413300.0,9861922200.0,934595589.0,48.500221,5.232651,1.965244,23.36,22.82,21.89,21.27,22.87,24.16,15.38,2021-07-05,-
2022-03-11,301017,漱玉平民,医药商业,22.93,23.9,22.16,23.03,22.16,8594588,200105783.0,22.374,-3.905,7.27,否,0.75,5.885,0.218,5.352,16.904,否,405340000.0,38413300.0,9476849200.0,898102954.0,46.60646,5.028334,1.888508,23.17,22.94,22.07,21.35,22.78,24.2,15.47,2021-07-05,-
2022-03-14,301017,漱玉平民,医药商业,24.06,24.23,22.7,22.81,22.7,7627143,181257637.0,19.8555,-0.941,6.63,否,0.71,3.213,-4.8,3.494,14.221,否,405340000.0,38413300.0,9387674400.0,889652028.0,46.167904,4.981019,1.870738,22.73,23.02,22.23,21.43,22.69,24.24,15.56,2021-07-05,-
2022-03-15,301017,漱玉平民,医药商业,22.45,23.05,21.67,21.67,21.67,6280287,141636113.0,16.3493,-5.009,6.09,否,0.68,-9.558,-13.424,-1.321,6.801,否,405340000.0,38413300.0,8917480000.0,845092600.0,43.855522,4.731538,1.777039,22.71,22.99,22.32,21.49,22.58,24.27,15.65,2021-07-05,-
2022-03-16,301017,漱玉平民,医药商业,21.95,22.06,19.7,20.94,19.7,7467293,155663467.0,19.4393,-3.364,10.91,否,0.92,-9.075,-3.724,-7.263,2.849,否,405340000.0,38413300.0,8617528400.0,816666758.0,42.380382,4.572386,1.717266,22.48,22.82,22.33,21.53,22.45,24.29,15.73,2021-07-05,-
2022-03-17,301017,漱玉平民,医药商业,20.83,22.95,20.82,21.83,20.82,9359621,211255025.0,24.3656,4.28,10.16,否,1.13,-4.296,-1.222,-5.004,8.445,否,405340000.0,38413300.0,8986387800.0,851622861.0,44.194406,4.7681,1.790771,22.06,22.71,22.36,21.62,22.36,24.32,15.82,2021-07-05,-
2022-03-18,301017,漱玉平民,医药商业,21.56,22.16,21.3,21.39,21.3,4676732,102696162.97,12.1748,-2.03,3.92,否,0.59,-1.292,-10.726,-10.726,10.258,否,405340000.0,38413300.0,8803984800.0,834336876.0,43.297361,4.671318,1.754422,21.73,22.45,22.35,21.68,22.26,24.35,15.91,2021-07-05,-
2022-03-21,301017,漱玉平民,医药商业,21.67,23.14,21.59,22.79,21.59,7854010,180654706.55,20.4461,6.538,7.27,否,1.11,8.835,-1.042,-8.949,16.098,否,405340000.0,38413300.0,9379567600.0,888883762.0,46.128036,4.976717,1.869122,21.72,22.23,22.33,21.77,22.2,24.4,16.0,2021-07-05,-
2022-03-22,301017,漱玉平民,医药商业,23.51,23.54,21.63,21.73,21.63,7047682,158077245.01,18.347,-4.667,8.38,否,0.99,-0.458,-4.735,-0.092,8.704,否,405340000.0,38413300.0,8941800400.0,847397398.0,43.975128,4.744442,1.781886,21.74,22.23,22.33,21.82,22.12,24.42,16.08,2021-07-05,-
2022-03-23,301017,漱玉平民,医药商业,21.73,21.85,21.04,21.04,21.04,4083512,88315053.41,10.6305,-3.173,3.76,否,0.56,-1.636,-2.907,-4.796,2.186,否,405340000.0,38413300.0,8658062400.0,820508088.0,42.579725,4.593893,1.725344,21.76,22.12,22.3,21.84,22.04,24.45,16.17,2021-07-05,-
2022-03-24,301017,漱玉平民,医药商业,20.84,21.84,20.71,21.33,20.71,4658158,101158420.7,12.1264,1.405,5.38,否,0.71,-6.406,1.862,-10.977,0.141,否,405340000.0,38413300.0,8779664400.0,832032078.0,43.177755,4.658414,1.749576,21.66,21.86,22.34,21.88,21.95,24.48,16.25,2021-07-05,-
2022-03-25,301017,漱玉平民,医药商业,21.34,21.55,20.61,20.66,20.61,3972795,84982055.83,10.3422,-3.139,4.39,否,0.7,-4.924,-5.36,-10.291,-4.44,否,405340000.0,38413300.0,8504033200.0,805911034.0,41.822221,4.512166,1.694649,21.51,21.62,22.28,21.92,21.92,24.5,16.34,2021-07-05,-
2022-03-28,301017,漱玉平民,医药商业,20.56,20.88,19.99,20.3,19.99,3205231,66432281.96,8.3441,-1.764,4.29,否,0.58,-3.517,-5.096,-11.004,-12.197,否,405340000.0,38413300.0,8354057400.0,791698113.0,41.084651,4.432591,1.664763,21.01,21.37,22.19,21.94,21.87,24.51,16.42,2021-07-05,-
2022-03-29,301017,漱玉平民,医药商业,20.56,20.69,19.7,20.18,19.7,2498955,51413962.62,6.5054,-0.582,4.9,否,0.54,-5.391,-11.452,-6.876,-7.346,否,405340000.0,38413300.0,8305416600.0,787088517.0,40.845439,4.406782,1.65507,20.7,21.22,22.1,21.95,21.81,24.52,16.5,2021-07-05,-
2022-03-30,301017,漱玉平民,医药商业,20.09,21.32,19.65,20.81,19.65,4893064,102481510.47,12.7379,3.124,8.3,否,1.33,0.726,-4.234,-0.621,-3.568,否,405340000.0,38413300.0,8564834200.0,811673029.0,42.121236,4.544427,1.706765,20.66,21.21,22.01,21.96,21.77,24.54,16.58,2021-07-05,-
2022-03-31,301017,漱玉平民,医药商业,20.56,21.46,20.32,20.84,20.32,4733321,101263010.85,12.3221,0.142,5.49,否,1.23,2.66,-0.951,-4.535,1.116,否,405340000.0,38134300.0,8576994400.0,806921788.0,42.181039,4.550879,1.709189,20.56,21.11,21.91,21.94,21.72,24.55,16.66,2021-07-05,-
2022-04-01,301017,漱玉平民,医药商业,20.66,20.74,19.8,19.83,19.8,4449585,90625753.1,11.5834,-4.82,4.49,否,1.15,-1.734,-7.032,-7.293,-9.286,否,405340000.0,38134300.0,8163547600.0,768024802.0,40.147737,4.331508,1.626799,20.39,20.95,21.7,21.88,21.65,24.56,16.74,2021-07-05,-
2022-04-06,301017,漱玉平民,医药商业,19.83,20.29,19.7,19.89,19.7,2084219,42220629.94,5.4258,0.298,2.98,否,0.53,-4.421,-3.727,-12.725,-9.755,否,405340000.0,38134300.0,8187868000.0,770312860.0,40.267343,4.344412,1.631645,20.31,20.66,21.44,21.78,21.59,24.56,16.82,2021-07-05,-
2022-04-07,301017,漱玉平民,医药商业,19.72,19.97,19.13,19.15,19.13,2622724,51715400.94,6.8276,-3.713,4.26,否,0.7,-8.109,-5.665,-11.873,-12.796,否,405340000.0,38134300.0,7883863000.0,741712135.0,38.772269,4.183109,1.571064,20.1,20.4,21.31,21.69,21.51,24.54,16.9,2021-07-05,-
2022-04-08,301017,漱玉平民,医药商业,19.11,19.24,18.27,18.4,18.27,2812000,52933650.84,7.3204,-3.959,5.09,否,0.75,-7.211,-8.821,-12.548,-18.512,否,405340000.0,38134300.0,7571751200.0,712348724.0,37.237325,4.017506,1.508868,19.62,20.14,21.13,21.58,21.44,24.49,16.97,2021-07-05,-
2022-04-11,301017,漱玉平民,医药商业,18.41,18.66,17.81,18.0,17.81,1850504,34252267.16,4.8174,-2.141,4.66,否,0.55,-9.502,-13.503,-15.612,-21.671,否,405340000.0,38134300.0,7409615200.0,697095004.0,36.439952,3.931478,1.476558,19.05,19.81,20.83,21.49,21.36,24.39,17.05,2021-07-05,-
2022-04-12,301017,漱玉平民,医药商业,18.0,18.71,17.6,18.71,17.6,2243624,41237048.1,5.8407,3.939,6.18,否,0.81,-2.298,-10.221,-9.439,-21.912,否,405340000.0,38134300.0,7701460000.0,724551700.0,37.875224,4.086328,1.534716,18.83,19.61,20.62,21.39,21.3,24.32,17.12,2021-07-05,-
2022-04-13,301017,漱玉平民,医药商业,18.58,18.58,17.94,17.95,17.94,1861985,34347298.7,4.8472,-4.053,3.42,否,0.8,-2.446,-9.481,-11.576,-28.286,否,405340000.0,38134300.0,7389348200.0,695188289.0,36.340281,3.920724,1.472519,18.44,19.38,20.37,21.25,21.22,24.24,17.19,2021-07-05,-
2022-04-14,301017,漱玉平民,医药商业,18.32,19.19,17.98,18.5,17.98,2923794,55340347.3,7.6114,3.072,6.75,否,1.28,2.778,-6.988,-8.325,-14.943,否,405340000.0,38134300.0,7616338600.0,716543497.0,37.456603,4.041163,1.517753,18.31,19.21,20.21,21.14,21.14,24.16,17.27,2021-07-05,-
2022-04-15,301017,漱玉平民,医药商业,18.24,18.56,18.02,18.12,18.02,1839559,34069847.64,4.7889,-2.076,2.93,否,0.79,-3.153,-5.379,-12.926,-18.009,否,405340000.0,38134300.0,7458256000.0,701671120.0,36.679164,3.957286,1.486251,18.26,18.94,20.07,20.99,21.04,24.09,17.34,2021-07-05,-
2022-04-18,301017,漱玉平民,医药商业,18.04,18.11,17.39,17.97,17.39,1498672,27165809.2,3.9014,-0.815,3.97,否,0.7,0.111,-2.337,-13.772,-25.0,否,405340000.0,38134300.0,7397455000.0,695950975.0,36.380149,3.925026,1.474135,18.25,18.65,19.88,20.82,20.95,24.0,17.41,2021-07-05,-
2022-04-19,301017,漱玉平民,医药商业,18.0,19.0,17.81,18.41,17.81,2594762,48615145.67,6.7549,2.411,6.63,否,1.25,-0.486,2.278,-7.161,-20.061,否,405340000.0,38134300.0,7575804600.0,712730067.0,37.25726,4.019656,1.509676,18.19,18.51,19.73,20.64,20.85,23.9,17.48,2021-07-05,-
2022-04-20,301017,漱玉平民,医药商业,18.12,19.05,18.12,18.79,18.12,3437461,65237908.21,8.9486,2.087,5.03,否,1.6,3.698,0.428,-5.53,-17.624,否,405340000.0,38134300.0,7733887200.0,727602444.0,38.034698,4.103534,1.541178,18.36,18.4,19.53,20.43,20.79,23.82,17.56,2021-07-05,-
2022-04-21,301017,漱玉平民,医药商业,18.71,20.23,18.5,19.15,18.5,6207307,122309956.48,16.1593,1.887,9.22,否,2.52,6.566,6.685,0.0,-11.629,否,405340000.0,38134300.0,7879809600.0,741330792.0,38.752334,4.180959,1.570257,18.49,18.4,19.4,20.34,20.74,23.74,17.64,2021-07-05,-
2022-04-22,301017,漱玉平民,医药商业,18.57,19.27,18.07,18.33,18.07,4573098,86165847.33,11.905,-4.27,6.28,否,1.47,-0.435,-0.919,-0.38,-12.464,否,405340000.0,38134300.0,7543377400.0,709679323.0,37.097785,4.002451,1.503214,18.53,18.39,19.27,20.22,20.69,23.67,17.71,2021-07-05,-
2022-04-25,301017,漱玉平民,医药商业,17.73,17.73,15.45,15.66,15.45,4287259,72264515.91,11.1609,-14.562,12.41,否,1.17,-16.658,-13.576,-13.0,-28.264,否,405340000.0,38134300.0,6444906000.0,606335370.0,31.695582,3.419611,1.284315,18.07,18.16,18.98,19.94,20.61,23.58,17.77,2021-07-05,-
2022-04-26,301017,漱玉平民,医药商业,15.48,16.96,15.48,16.12,15.48,4093586,68018326.83,10.6567,2.956,9.43,否,0.97,-15.822,-10.295,-13.843,-24.638,否,405340000.0,38134300.0,6635415800.0,624258491.0,32.632495,3.520694,1.322279,17.61,17.9,18.76,19.71,20.53,23.49,17.84,2021-07-05,-
2022-04-27,301017,漱玉平民,医药商业,15.99,16.34,14.97,16.25,14.97,3626394,57574538.58,9.4405,0.794,8.49,否,0.8,-11.348,-11.733,-9.471,-28.697,否,405340000.0,38134300.0,6688110000.0,629215950.0,32.891642,3.548653,1.33278,17.1,17.73,18.55,19.49,20.46,23.39,17.9,2021-07-05,-
2022-04-28,301017,漱玉平民,医药商业,16.24,16.54,15.32,15.45,15.32,2897005,46436855.34,7.5417,-4.909,7.45,否,0.64,-1.341,-17.775,-16.486,-28.9,否,405340000.0,38134300.0,6359784600.0,598327167.0,50.14921,3.279758,1.111018,16.36,17.43,18.32,19.28,20.39,23.29,17.96,2021-07-05,-
2022-04-29,301017,漱玉平民,医药商业,15.74,16.71,15.63,16.51,15.63,4277577,71051188.4,11.1357,6.82,7.01,否,1.1,2.419,-13.786,-8.885,-21.53,否,405340000.0,38134300.0,6793498400.0,639130868.0,53.5692,3.503425,1.186785,16.0,17.26,18.1,19.14,20.33,23.19,18.03,2021-07-05,-
2022-05-05,301017,漱玉平民,医药商业,16.66,17.82,16.25,17.53,16.25,3806459,66893575.69,9.9092,6.205,9.49,否,0.99,7.877,-4.364,-2.449,-17.815,否,405340000.0,38134300.0,7215052000.0,678790540.0,56.893303,3.720821,1.260428,16.37,17.22,17.94,18.99,20.31,23.09,18.1,2021-07-05,-
2022-05-06,301017,漱玉平民,医药商业,16.84,17.71,16.84,17.52,16.84,2383987,42263128.38,6.2061,-0.056,4.94,否,0.64,13.398,11.877,-4.834,-15.198,否,405340000.0,38134300.0,7210998600.0,678409197.0,56.861341,3.718731,1.25972,16.65,17.13,17.82,18.86,20.27,22.99,18.17,2021-07-05,-
2022-05-09,301017,漱玉平民,医药商业,17.56,18.19,17.55,17.97,17.55,2070155,37614123.5,5.3892,2.586,3.65,否,0.61,8.843,11.476,-4.364,-11.478,否,405340000.0,38134300.0,7397455000.0,695950975.0,58.331617,3.814887,1.292293,17.0,17.05,17.72,18.7,20.24,22.91,18.24,2021-07-05,-
2022-05-10,301017,漱玉平民,医药商业,18.06,18.08,17.71,18.04,17.71,1725256,31413589.81,4.4913,0.384,2.08,否,0.56,2.909,11.015,-5.796,-10.605,否,405340000.0,38134300.0,7425828800.0,698620376.0,58.555355,3.82952,1.29725,17.51,16.94,17.67,18.58,20.2,22.84,18.31,2021-07-05,-
2022-05-11,301017,漱玉平民,医药商业,18.01,18.51,17.9,17.97,17.9,2359741,43484722.98,6.143,-0.382,3.38,否,0.83,2.568,16.311,-1.964,-13.647,否,405340000.0,38134300.0,7397455000.0,695950975.0,58.331617,3.814887,1.292293,17.81,16.9,17.65,18.48,20.16,22.77,18.38,2021-07-05,-
2022-05-12,301017,漱玉平民,医药商业,17.8,18.56,17.74,18.18,17.74,2013076,37339485.46,5.2406,1.151,4.6,否,0.82,1.169,10.115,16.092,-12.764,否,405340000.0,38134300.0,7482576400.0,703959178.0,59.00283,3.858784,1.307163,17.94,17.15,17.66,18.37,20.13,22.69,18.46,2021-07-05,-
2022-05-13,301017,漱玉平民,医药商业,18.18,18.82,18.18,18.28,18.18,2025332,38061747.5,5.2725,0.542,3.52,否,0.96,1.33,4.278,13.4,-7.816,否,405340000.0,38134300.0,7523110400.0,707772608.0,59.322456,3.879688,1.314244,18.09,17.37,17.64,18.29,20.11,22.62,18.53,2021-07-05,-
2022-05-16,301017,漱玉平民,医药商业,18.3,19.19,18.27,18.66,18.27,2842698,53841567.95,7.4003,2.101,5.06,否,1.39,3.84,6.507,14.831,-6.184,否,405340000.0,38134300.0,7681193000.0,722644985.0,60.568994,3.961212,1.34186,18.23,17.61,17.67,18.24,20.09,22.55,18.61,2021-07-05,-
2022-05-17,301017,漱玉平民,医药商业,18.42,18.95,17.89,18.16,17.89,2289406,42300779.28,5.9599,-2.691,5.65,否,1.04,-0.11,1.057,17.54,-5.17,否,405340000.0,38134300.0,7474469600.0,703196492.0,58.938905,3.854604,1.305747,18.25,17.88,17.65,18.17,20.06,22.46,18.68,2021-07-05,-
2022-05-18,301017,漱玉平民,医药商业,18.13,18.3,17.85,17.94,17.85,1637100,29948012.0,4.2618,-1.193,2.49,否,0.71,-1.86,-0.554,8.661,-2.5,否,405340000.0,38134300.0,7385294800.0,694806946.0,58.23573,3.808616,1.290169,18.24,18.03,17.64,18.08,20.02,22.37,18.75,2021-07-05,-
2022-05-19,301017,漱玉平民,医药商业,17.64,18.0,17.52,17.8,17.52,1268155,22858740.47,3.3013,-0.823,2.69,否,0.59,-4.609,-0.946,1.54,-1.111,否,405340000.0,38134300.0,7324493800.0,689086801.0,57.756292,3.777261,1.279547,18.17,18.05,17.64,17.97,19.96,22.26,18.82,2021-07-05,-
2022-05-20,301017,漱玉平民,医药商业,18.17,18.43,17.88,17.98,17.88,1521947,27968779.56,3.962,1.052,3.04,否,0.76,-0.991,-1.1,2.626,-3.902,否,405340000.0,38134300.0,7401508400.0,696332318.0,58.36358,3.816977,1.293001,18.11,18.1,17.61,17.91,19.9,22.17,18.89,2021-07-05,-
2022-05-23,301017,漱玉平民,医药商业,17.97,18.32,17.82,18.28,17.82,1388799,25683715.81,3.6154,1.643,2.79,否,0.73,1.895,0.0,1.725,1.838,否,405340000.0,38134300.0,7523110400.0,707772608.0,59.322456,3.879688,1.314244,18.03,18.13,17.59,17.86,19.82,22.08,18.97,2021-07-05,-
2022-05-24,301017,漱玉平民,医药商业,18.22,18.29,17.17,17.19,17.17,2140692,38367560.16,5.5728,-5.981,6.14,否,1.32,-3.427,-7.878,-4.712,-7.081,否,405340000.0,38134300.0,7073183000.0,665443535.0,55.774615,3.647659,1.235645,17.84,18.04,17.49,17.79,19.74,21.98,19.03,2021-07-05,-
2022-05-25,301017,漱玉平民,医药商业,17.18,17.6,16.97,17.53,16.97,1413501,24855415.31,3.6797,2.006,3.67,否,0.89,-2.503,-3.469,-2.449,-3.256,否,405340000.0,38134300.0,7215052000.0,678790540.0,56.893303,3.720821,1.260428,17.76,18.0,17.45,17.77,19.67,21.89,19.1,2021-07-05,-
2022-05-26,301017,漱玉平民,医药商业,17.71,17.82,17.09,17.51,17.09,1228875,21773658.21,3.1991,-0.112,4.16,否,0.79,-4.212,-2.397,-3.685,-2.56,否,405340000.0,38134300.0,7206945200.0,678027854.0,56.829378,3.716641,1.259012,17.7,17.93,17.54,17.75,19.62,21.75,19.17,2021-07-05,-
2022-05-27,301017,漱玉平民,医药商业,17.54,17.72,17.09,17.27,17.09,1237181,21758245.54,3.2207,-1.35,3.6,否,0.8,0.465,-2.978,-5.525,-6.192,否,405340000.0,38134300.0,7109663600.0,668875622.0,56.062278,3.666472,1.242017,17.56,17.83,17.6,17.7,19.55,21.63,19.24,2021-07-05,-
2022-05-30,301017,漱玉平民,医药商业,17.4,17.57,17.06,17.29,17.06,1028452,18004929.57,2.6773,0.115,2.98,否,0.69,-1.369,-3.838,-7.342,-7.983,否,405340000.0,38134300.0,7089396600.0,666968907.0,55.902465,3.656021,1.238477,17.36,17.7,17.65,17.68,19.47,21.52,19.31,2021-07-05,-
2022-05-31,301017,漱玉平民,医药商业,17.18,17.44,16.83,17.35,16.83,1298500,22548786.0,3.3803,0.343,3.54,否,0.92,-0.914,-5.088,-4.46,-9.399,否,405340000.0,38134300.0,7113717000.0,669256965.0,56.09424,3.668563,1.242726,17.39,17.61,17.75,17.64,19.39,21.41,19.38,2021-07-05,-
2022-06-01,301017,漱玉平民,医药商业,17.26,17.62,17.16,17.25,17.16,1187554,20909584.47,3.0915,-0.57,2.68,否,0.96,-0.116,0.349,-3.846,-5.892,否,405340000.0,38134300.0,7073183000.0,665443535.0,55.774615,3.647659,1.235645,17.33,17.55,17.79,17.61,19.3,21.29,19.45,2021-07-05,-
2022-06-02,301017,漱玉平民,医药商业,17.19,17.5,16.82,17.03,16.82,1404810,24087379.05,3.6571,-1.318,3.95,否,1.17,-1.504,-2.852,-4.326,8.748,否,405340000.0,38134300.0,6979954800.0,656672646.0,55.039477,3.599581,1.219358,17.24,17.47,17.76,17.58,19.2,21.19,19.52,2021-07-05,-
2022-06-06,301017,漱玉平民,医药商业,17.09,17.45,16.93,17.42,16.93,1513408,26514316.36,3.9398,2.323,3.08,否,1.23,0.403,-0.514,-3.115,8.065,否,405340000.0,38134300.0,7142090800.0,671926366.0,56.317978,3.683195,1.247682,17.27,17.41,17.76,17.55,19.09,21.09,19.59,2021-07-05,-
2022-06-07,301017,漱玉平民,医药商业,17.46,17.87,17.18,17.79,17.18,2540135,45259836.46,6.6126,2.1,3.97,否,1.97,3.13,3.011,-2.681,9.477,否,405340000.0,38134300.0,7292066600.0,686036057.0,57.500592,3.760538,1.273882,17.37,17.36,17.75,17.51,18.97,21.02,19.66,2021-07-05,-
2022-06-08,301017,漱玉平民,医药商业,17.76,17.76,17.05,17.23,17.05,2100739,36880181.96,5.4688,-3.113,4.0,否,1.32,1.174,-0.347,0.233,11.521,否,405340000.0,38134300.0,7065076200.0,664680849.0,55.71069,3.643478,1.234228,17.34,17.37,17.71,17.45,18.9,20.94,19.73,2021-07-05,-
2022-06-09,301017,漱玉平民,医药商业,17.22,17.22,16.55,16.56,16.55,1867760,31771238.39,4.8623,-3.901,3.9,否,1.07,-4.937,-4.553,-5.533,0.303,否,405340000.0,38134300.0,6789445000.0,638749525.0,53.537238,3.501335,1.186077,17.21,17.27,17.64,17.39,18.8,20.86,19.8,2021-07-05,-
2022-06-10,301017,漱玉平民,医药商业,16.56,16.87,16.56,16.72,16.56,911163,15438101.24,2.372,0.955,1.85,否,0.48,-6.015,-3.072,-4.512,-4.621,否,405340000.0,38134300.0,6854299400.0,644851013.0,54.048638,3.53478,1.197407,17.14,17.19,17.56,17.43,18.68,20.77,19.86,2021-07-05,-
2022-06-13,301017,漱玉平民,医药商业,16.69,16.86,16.63,16.78,16.63,978400,16571616.0,2.547,0.355,1.36,否,0.55,-2.612,-1.468,-2.837,-4.224,否,405340000.0,38134300.0,6878619800.0,647139071.0,54.240413,3.547322,1.201655,17.02,17.14,17.49,17.45,18.58,20.68,19.93,2021-07-05,-
2022-06-14,301017,漱玉平民,医药商业,16.67,16.67,16.04,16.42,16.04,1506710,24845822.8,3.9224,-2.121,3.77,否,0.9,-0.845,-5.741,-5.032,-8.625,否,405340000.0,38134300.0,6732697400.0,633410723.0,53.089762,3.47207,1.176164,16.74,17.06,17.38,17.45,18.47,20.58,20.0,2021-07-05,-
2022-06-15,301017,漱玉平民,医药商业,16.41,16.64,16.27,16.32,16.27,1378444,22887900.81,3.5885,-0.602,2.29,否,0.94,-2.392,-8.263,-5.937,-9.534,否,405340000.0,38134300.0,6692163400.0,629597293.0,52.770137,3.451166,1.169083,16.56,16.95,17.28,17.48,18.38,20.48,20.06,2021-07-05,-
2022-06-16,301017,漱玉平民,医药商业,16.32,16.7,16.23,16.52,16.23,1392486,23292057.88,3.625,1.211,2.91,否,1.05,-1.549,-4.121,-4.232,-8.069,否,405340000.0,38134300.0,6773231400.0,637224153.0,53.409388,3.492973,1.183245,16.55,16.88,17.21,17.48,18.31,20.38,20.13,2021-07-05,-
2022-06-17,301017,漱玉平民,医药商业,16.32,16.66,16.2,16.6,16.2,1389879,23136625.29,3.6182,0.479,2.81,否,1.13,1.096,0.242,-2.525,-8.691,否,405340000.0,38134300.0,6805658600.0,640274897.0,53.665088,3.509696,1.18891,16.53,16.84,17.15,17.45,18.22,20.29,20.19,2021-07-05,-
2022-06-20,301017,漱玉平民,医药商业,16.6,17.46,16.57,17.24,16.57,2354462,40683879.75,6.1293,3.871,5.36,否,1.77,5.637,3.11,-1.033,-5.689,否,405340000.0,38134300.0,7069129600.0,665062192.0,55.742652,3.645569,1.234936,16.62,16.82,17.12,17.44,18.15,20.21,20.26,2021-07-05,-
2022-06-21,301017,漱玉平民,医药商业,17.14,17.44,16.95,17.12,16.95,1721700,29899992.0,4.482,-0.745,2.87,否,1.07,3.632,2.026,-3.766,-8.253,否,405340000.0,38134300.0,7016435400.0,660104733.0,55.327139,3.618394,1.225731,16.76,16.75,17.06,17.41,18.06,20.13,20.33,2021-07-05,-
2022-06-22,301017,漱玉平民,医药商业,17.12,20.22,17.12,18.94,17.12,10664769,200587366.4,27.7632,10.63,18.14,否,6.47,14.096,15.347,9.925,4.295,否,405340000.0,38134300.0,7762261000.0,730271845.0,61.208245,4.003018,1.356023,17.28,16.92,17.14,17.44,18.01,20.07,20.41,2021-07-05,-
2022-06-23,301017,漱玉平民,医药商业,18.55,18.72,18.02,18.18,18.02,8078208,148930432.23,21.0297,-3.969,3.71,否,2.3,5.452,11.397,9.783,1.338,否,405340000.0,38134300.0,7454202600.0,701289777.0,58.779093,3.844152,1.302206,17.62,17.08,17.18,17.45,17.96,20.0,20.48,2021-07-05,-
2022-06-24,301017,漱玉平民,医药商业,17.98,18.09,17.61,17.84,17.61,4731218,85248454.36,12.3166,-1.903,2.66,否,0.98,4.206,7.99,6.699,0.225,否,405340000.0,38134300.0,7312333600.0,687942772.0,57.660404,3.77099,1.277423,17.86,17.2,17.19,17.44,17.91,19.93,20.55,2021-07-05,-
2022-06-27,301017,漱玉平民,医药商业,17.8,18.41,17.77,17.9,17.77,4754859,86453086.51,12.3782,0.333,3.6,否,0.86,-5.491,7.831,6.675,-0.445,否,405340000.0,38134300.0,7336654000.0,690230830.0,57.852179,3.783532,1.281671,18.0,17.31,17.23,17.43,17.86,19.89,20.62,2021-07-05,-
2022-06-28,301017,漱玉平民,医药商业,17.95,17.95,17.44,17.77,17.44,3038252,54345644.2,7.9094,-0.718,2.82,否,0.51,-2.255,3.074,8.222,-2.79,否,405340000.0,38134300.0,7283959800.0,685273371.0,57.436666,3.756357,1.272466,18.13,17.44,17.25,17.4,17.82,19.85,20.69,2021-07-05,-
2022-06-29,301017,漱玉平民,医药商业,17.77,18.39,17.61,17.95,17.61,5651785,103031137.2,14.7131,1.002,4.4,否,0.9,0.617,4.848,9.988,4.421,否,405340000.0,38134300.0,7356921000.0,692137545.0,58.011992,3.793984,1.285212,17.93,17.61,17.28,17.39,17.78,19.8,20.76,2021-07-05,-
2022-06-30,301017,漱玉平民,医药商业,17.95,18.56,17.69,18.33,17.69,6261621,115110601.21,16.3007,2.149,4.85,否,1.19,2.402,-3.221,10.956,4.564,否,405340000.0,39861700.0,7515003600.0,739035918.0,59.258531,3.875507,1.312828,17.96,17.79,17.33,17.4,17.74,19.75,20.84,2021-07-05,-
2022-07-01,301017,漱玉平民,医药商业,18.09,18.2,17.37,17.43,17.37,4769716,85021676.63,12.4168,-4.908,4.53,否,0.98,-1.913,-4.125,5.0,-0.457,否,405340000.0,39861700.0,7146144200.0,702761771.0,56.34994,3.685285,1.24839,17.88,17.87,17.35,17.39,17.68,19.7,20.91,2021-07-05,-
2022-07-04,301017,漱玉平民,医药商业,17.2,17.66,16.86,17.43,16.86,3349711,58733608.36,8.4033,0.0,4.59,否,0.68,-2.897,-2.298,1.102,0.926,否,405340000.0,39861700.0,7146144200.0,702761771.0,56.34994,3.685285,1.24839,17.78,17.89,17.35,17.37,17.64,19.65,20.98,2021-07-05,-
2022-07-05,301017,漱玉平民,医药商业,17.43,17.74,16.93,16.99,16.93,3162708,55198477.78,1.924,-2.553,4.65,否,0.69,-7.31,-5.084,-0.759,-1.735,否,405340000.0,164380000.0,6963741200.0,2824048400.0,54.911627,3.59122,1.216526,17.63,17.88,17.31,17.33,17.59,19.59,21.05,2021-07-05,-
2022-07-06,301017,漱玉平民,医药商业,17.2,17.24,16.71,16.84,16.71,2091373,35823856.72,1.2723,-0.873,3.14,否,0.45,-3.385,-5.234,-11.088,-2.939,否,405340000.0,164380000.0,6902940200.0,2799391400.0,54.432189,3.559864,1.205904,17.4,17.67,17.29,17.32,17.56,19.53,21.11,2021-07-05,-
2022-07-07,301017,漱玉平民,医药商业,17.01,17.02,16.52,16.55,16.52,1912747,32238637.81,1.1636,-1.703,2.94,否,0.49,-5.049,-7.799,-8.966,-4.058,否,405340000.0,164380000.0,6785391600.0,2751721200.0,53.505275,3.499244,1.185369,17.05,17.5,17.29,17.29,17.53,19.48,21.18,2021-07-05,-
2022-07-08,301017,漱玉平民,医药商业,16.61,16.86,16.56,16.65,16.56,1320957,22325142.99,0.8036,0.597,1.79,否,0.43,-2.001,-9.165,-6.67,-2.231,否,405340000.0,164380000.0,6825925600.0,2768159200.0,53.824901,3.520148,1.19245,16.89,17.38,17.29,17.26,17.5,19.43,21.25,2021-07-05,-
2022-07-11,301017,漱玉平民,医药商业,16.52,17.32,16.52,17.11,16.52,2656568,45859548.51,1.6161,2.732,4.81,否,1.12,1.603,-1.836,-4.413,-1.78,否,405340000.0,164380000.0,7012382000.0,2843774000.0,55.295177,3.616304,1.225023,16.83,17.31,17.31,17.25,17.48,19.39,21.31,2021-07-05,-
2022-07-12,301017,漱玉平民,医药商业,17.18,17.18,16.33,16.46,16.33,2347642,39397836.44,1.4282,-3.757,4.91,否,1.05,-0.544,-5.565,-7.372,-7.476,否,405340000.0,164380000.0,6748911000.0,2736927000.0,53.217613,3.480431,1.178996,16.72,17.17,17.31,17.22,17.45,19.34,21.38,2021-07-05,-
2022-07-13,301017,漱玉平民,医药商业,16.38,16.56,16.16,16.39,16.16,1399455,23107378.8,0.8514,-0.42,2.46,否,0.68,-1.562,-3.531,-8.691,-4.875,否,405340000.0,164380000.0,6720537200.0,2725420400.0,52.993875,3.465799,1.174039,16.63,17.02,17.31,17.19,17.42,19.28,21.45,2021-07-05,-
2022-07-14,301017,漱玉平民,医药商业,16.38,16.85,16.31,16.61,16.31,1653474,27796095.14,1.0059,1.327,3.26,否,0.86,-2.922,-1.366,-9.384,0.302,否,405340000.0,164380000.0,6809712000.0,2761584000.0,53.69705,3.511786,1.189618,16.64,16.85,17.32,17.17,17.39,19.22,21.51,2021-07-05,-
2022-07-15,301017,漱玉平民,医药商业,16.55,17.16,16.27,16.68,16.27,2471886,42048106.34,1.5038,0.417,5.36,否,1.32,1.337,0.785,-4.303,-0.239,否,405340000.0,164380000.0,6838085800.0,2773090600.0,53.920788,3.526419,1.194574,16.65,16.77,17.32,17.16,17.37,19.16,21.46,2021-07-05,-
2022-07-18,301017,漱玉平民,医药商业,16.35,16.96,16.35,16.9,16.35,2114805,35909156.7,1.2865,1.304,3.62,否,1.0,3.112,1.502,-3.041,0.715,否,405340000.0,164380000.0,6927260600.0,2809254200.0,54.623964,3.572407,1.210153,16.61,16.72,17.3,17.14,17.34,19.1,21.43,2021-07-05,-
2022-07-19,301017,漱玉平民,医药商业,16.91,17.17,16.66,16.97,16.66,1821692,31113684.28,1.1082,0.41,2.98,否,0.91,2.167,-0.818,-0.118,3.35,否,405340000.0,164380000.0,6955634400.0,2820760800.0,54.847702,3.587039,1.215109,16.71,16.72,17.3,17.11,17.31,19.05,21.39,2021-07-05,-
2022-07-20,301017,漱玉平民,医药商业,16.94,18.19,16.81,17.66,16.81,6227518,111612295.99,3.7885,4.079,8.16,否,3.29,5.875,7.29,4.869,8.211,否,405340000.0,164380000.0,7239372400.0,2935826800.0,57.085079,3.733363,1.264677,16.96,16.8,17.23,17.13,17.29,19.02,21.37,2021-07-05,-
2022-07-21,301017,漱玉平民,医药商业,17.31,18.0,17.3,17.95,17.3,5099272,91145787.74,3.1021,1.624,3.92,否,1.78,6.213,9.518,8.459,8.656,否,405340000.0,164380000.0,7356921000.0,2983497000.0,58.011992,3.793984,1.285212,17.23,16.94,17.22,17.18,17.28,18.99,21.34,2021-07-05,-
2022-07-22,301017,漱玉平民,医药商业,17.86,18.02,17.33,17.46,17.33,3277160,58236717.15,1.9936,-2.7,3.8,否,0.92,2.887,5.117,4.865,5.181,否,405340000.0,164380000.0,7158304400.0,2902950800.0,56.445828,3.691556,1.250515,17.39,17.02,17.2,17.2,17.31,18.96,21.32,2021-07-05,-
2022-07-25,301017,漱玉平民,医药商业,17.46,17.61,17.16,17.18,17.16,1990628,34919020.07,1.211,-1.586,2.6,否,0.54,-2.718,2.998,0.409,-0.348,否,405340000.0,164380000.0,7044809200.0,2856924400.0,55.550877,3.633027,1.230688,17.44,17.03,17.17,17.21,17.33,18.93,21.3,2021-07-05,-
2022-07-26,301017,漱玉平民,医药商业,17.35,17.55,17.18,17.43,17.18,1508839,26459858.33,0.9179,1.438,2.19,否,0.41,-2.897,3.136,5.893,1.811,否,405340000.0,164380000.0,7146144200.0,2898019400.0,56.34994,3.685285,1.24839,17.54,17.12,17.15,17.25,17.35,18.9,21.28,2021-07-05,-
2022-07-27,301017,漱玉平民,医药商业,17.47,17.98,17.42,17.73,17.42,3771730,67718934.96,2.2945,1.702,3.18,否,1.04,1.546,4.478,8.176,-6.389,否,405340000.0,164380000.0,7267746200.0,2947333400.0,57.308816,3.747996,1.269634,17.55,17.26,17.14,17.29,17.39,18.89,21.26,2021-07-05,-
2022-07-28,301017,漱玉平民,医药商业,17.86,17.98,17.65,17.68,17.65,3575173,64347658.32,2.1749,-0.279,1.84,否,1.14,2.91,0.113,6.442,-2.75,否,405340000.0,164380000.0,7247479200.0,2939114400.0,57.149004,3.737544,1.266093,17.5,17.36,17.11,17.33,17.41,18.87,21.24,2021-07-05,-
2022-07-29,301017,漱玉平民,医药商业,17.68,17.72,17.22,17.29,17.22,2106934,37115452.8,1.2817,-2.181,2.8,否,0.75,-0.803,-3.677,3.657,-3.083,否,405340000.0,164380000.0,7089396600.0,2875006200.0,55.902465,3.656021,1.238477,17.46,17.43,17.1,17.36,17.4,18.85,21.22,2021-07-05,-
2022-08-01,301017,漱玉平民,医药商业,17.29,17.45,17.0,17.4,17.0,1583644,27681316.91,0.9634,0.629,2.63,否,0.61,-1.861,-0.344,2.959,-2.793,否,405340000.0,164380000.0,7133984000.0,2893088000.0,56.254053,3.679014,1.246266,17.51,17.48,17.1,17.36,17.4,18.84,21.2,2021-07-05,-
2022-08-02,301017,漱玉平民,医药商业,17.37,17.37,16.27,16.53,16.27,3466425,57953217.8,2.1088,-5.0,6.36,否,1.38,-6.505,-3.783,-2.593,-6.978,否,405340000.0,164380000.0,6777284800.0,2748433600.0,53.44135,3.495064,1.183953,17.33,17.43,17.07,17.34,17.38,18.81,21.18,2021-07-05,-
2022-08-03,301017,漱玉平民,医药商业,16.28,16.77,16.17,16.31,16.17,1908400,31686390.4,1.161,-1.316,3.65,否,0.66,-5.668,-6.426,-7.644,-9.136,否,405340000.0,164380000.0,6688110000.0,2712270000.0,52.738175,3.449076,1.168375,17.04,17.3,17.05,17.25,17.35,18.77,21.15,2021-07-05,-
2022-08-04,301017,漱玉平民,医药商业,16.31,16.5,16.07,16.34,16.07,1194376,19686648.42,0.7266,0.182,2.67,否,0.47,-6.092,-7.84,-8.969,-10.857,否,405340000.0,164380000.0,6700270200.0,2717201400.0,52.834062,3.455347,1.170499,16.77,17.14,17.04,17.19,17.32,18.74,21.13,2021-07-05,-
2022-08-05,301017,漱玉平民,医药商业,16.43,16.66,16.31,16.65,16.31,1662522,27782203.06,1.0114,1.875,2.12,否,0.81,0.726,-5.826,-4.639,-4.475,否,405340000.0,164380000.0,6825925600.0,2768159200.0,53.824901,3.520148,1.19245,16.65,17.05,17.04,17.15,17.3,18.71,21.12,2021-07-05,-
2022-08-08,301017,漱玉平民,医药商业,16.51,17.12,16.51,17.11,16.51,2351116,40254592.78,1.4303,2.732,3.62,否,1.2,4.905,-1.041,-0.407,-1.836,否,405340000.0,164380000.0,7012382000.0,2843774000.0,55.295177,3.616304,1.225023,16.59,17.05,17.04,17.13,17.28,18.69,21.11,2021-07-05,-
2022-08-09,301017,漱玉平民,医药商业,17.11,17.11,16.71,16.89,16.71,1512907,25791828.57,0.9204,-1.272,2.31,否,0.71,3.366,-2.931,-3.098,-0.589,否,405340000.0,164380000.0,6923207200.0,2807610400.0,54.592001,3.570316,1.209445,16.66,16.99,17.06,17.1,17.25,18.67,21.1,2021-07-05,-
2022-08-10,301017,漱玉平民,医药商业,16.8,17.7,16.72,17.46,16.72,2806781,49045418.47,1.7075,3.396,5.8,否,1.63,4.865,5.626,-1.523,3.682,否,405340000.0,164380000.0,7158304400.0,2902950800.0,56.445828,3.691556,1.250515,16.89,16.97,17.11,17.08,17.24,18.65,21.09,2021-07-05,-
2022-08-11,301017,漱玉平民,医药商业,17.49,17.59,17.3,17.48,17.3,1596263,28169647.21,0.9711,0.113,1.64,否,0.84,2.162,7.174,-1.131,5.619,否,405340000.0,164380000.0,7166411200.0,2906238400.0,56.509753,3.695737,1.251931,17.12,16.95,17.16,17.05,17.23,18.62,21.09,2021-07-05,-
2022-08-12,301017,漱玉平民,医药商业,17.49,17.55,17.22,17.28,17.22,1393500,24489344.0,0.8477,-1.131,1.87,否,0.7,2.309,5.753,-0.058,3.784,否,405340000.0,164380000.0,7085343200.0,2873362400.0,55.870503,3.65393,1.237769,17.24,16.95,17.19,17.05,17.22,18.59,21.08,2021-07-05,-
2022-08-15,301017,漱玉平民,医药商业,17.27,17.37,17.12,17.29,17.12,896798,15633944.72,0.5456,0.057,1.49,否,0.46,-0.974,3.844,-0.632,1.052,否,405340000.0,164380000.0,7089396600.0,2875006200.0,55.902465,3.656021,1.238477,17.28,16.93,17.2,17.04,17.21,18.55,21.07,2021-07-05,-
2022-08-16,301017,漱玉平民,医药商业,17.29,17.43,17.17,17.32,17.17,952625,16635197.5,0.5795,0.172,1.54,否,0.58,-0.915,1.227,4.779,5.225,否,405340000.0,105924300.0,7101556800.0,1855793736.0,55.998353,3.662292,1.240601,17.37,17.01,17.22,17.05,17.19,18.5,21.06,2021-07-05,-
2022-08-17,301017,漱玉平民,医药商业,17.34,17.42,17.12,17.19,17.12,1031417,17967872.82,0.6275,-0.742,1.77,否,0.67,-0.521,1.776,5.395,4.881,否,405340000.0,105924300.0,7048862600.0,1842023577.0,55.58284,3.635117,1.231396,17.31,17.1,17.2,17.07,17.19,18.47,21.05,2021-07-05,-
2022-08-18,301017,漱玉平民,医药商业,17.18,17.19,16.86,16.94,16.86,1361889,23324382.07,0.8285,-1.495,1.96,否,1.16,-2.024,-2.978,3.672,1.987,否,405340000.0,105924300.0,6943474200.0,1814483259.0,54.751814,3.580768,1.212985,17.2,17.16,17.15,17.08,17.18,18.43,21.04,2021-07-05,-
2022-08-19,301017,漱玉平民,医药商业,16.95,17.23,16.74,16.78,16.74,1116225,19155039.23,0.6791,-0.934,2.92,否,0.99,-3.118,-4.005,0.781,0.6,否,405340000.0,105924300.0,6878619800.0,1797535371.0,54.240413,3.547322,1.201655,17.1,17.17,17.11,17.08,17.17,18.4,21.03,2021-07-05,-
2022-08-22,301017,漱玉平民,医药商业,16.8,17.03,16.66,16.93,16.66,929754,15878919.54,0.5656,0.884,2.18,否,0.87,-1.513,-2.025,-1.052,0.178,否,405340000.0,105924300.0,6939420800.0,1813424016.0,54.719851,3.578678,1.212277,17.03,17.16,17.1,17.08,17.16,18.35,21.02,2021-07-05,-
2022-08-23,301017,漱玉平民,医药商业,17.14,17.14,16.72,16.8,16.72,990644,16892345.01,0.9352,-0.759,2.45,否,0.92,-0.826,-2.834,-0.533,-1.002,否,405340000.0,105924300.0,6886726600.0,1799653857.0,54.304339,3.551503,1.203072,16.93,17.15,17.07,17.09,17.16,18.31,21.01,2021-07-05,-
2022-08-24,301017,漱玉平民,医药商业,16.59,16.89,16.51,16.53,16.51,1125077,18924316.96,1.0622,-1.589,2.24,否,1.04,-1.49,-4.561,-5.326,-6.399,否,405340000.0,105924300.0,6777284800.0,1771054296.0,53.44135,3.495064,1.183953,16.8,17.05,17.01,17.09,17.14,18.27,21.0,2021-07-05,-
2022-08-25,301017,漱玉平民,医药商业,16.5,16.99,16.5,16.68,16.5,1390468,23595949.96,1.2722,0.897,2.93,否,1.26,-1.477,-2.967,-4.577,-7.075,否,405340000.0,109300000.0,6838085800.0,1843891000.0,53.920788,3.526419,1.194574,16.74,16.97,16.96,17.09,17.13,18.22,20.99,2021-07-05,-
2022-08-26,301017,漱玉平民,医药商业,16.71,16.88,16.57,16.58,16.57,875181,14782694.33,0.8007,-0.593,1.84,否,0.79,-1.31,-2.125,-4.051,-5.04,否,405340000.0,109300000.0,6797551800.0,1832961000.0,53.601163,3.505515,1.187493,16.7,16.9,16.92,17.09,17.13,18.16,20.98,2021-07-05,-
2022-08-29,301017,漱玉平民,医药商业,16.42,16.79,16.24,16.78,16.24,812334,13627189.64,0.7432,1.193,3.34,否,0.76,1.512,0.0,-2.95,-2.328,否,405340000.0,109300000.0,6878619800.0,1854821000.0,54.240413,3.547322,1.201655,16.67,16.85,16.89,17.09,17.11,18.1,20.96,2021-07-05,-
2022-08-30,301017,漱玉平民,医药商业,17.0,17.08,16.77,16.87,16.77,1111771,18987417.94,1.0172,0.53,1.83,否,1.07,1.139,-0.354,-2.598,-3.213,否,405340000.0,109300000.0,6915100400.0,1864658000.0,49.570673,3.507484,1.109571,16.69,16.81,16.91,17.08,17.1,18.04,20.94,2021-07-05,-
2022-08-31,301017,漱玉平民,医药商业,17.18,17.29,16.44,16.56,16.44,2049206,34759860.4,1.8748,-1.817,5.04,否,1.93,-0.121,-1.429,-3.665,-6.599,否,405340000.0,109300000.0,6789445000.0,1830775000.0,48.669916,3.443749,1.089408,16.69,16.75,16.92,17.05,17.09,17.99,20.93,2021-07-05,-
2022-09-01,301017,漱玉平民,医药商业,16.35,16.77,16.31,16.64,16.31,1264385,21205328.44,1.1568,0.478,2.75,否,1.01,-0.834,0.665,-1.771,-5.882,否,405340000.0,109300000.0,6821872200.0,1839519000.0,48.90237,3.460197,1.094612,16.69,16.72,16.94,17.0,17.09,17.95,20.92,2021-07-05,-
2022-09-02,301017,漱玉平民,医药商业,17.24,17.7,16.93,17.13,16.93,4366601,76048423.37,3.9951,2.912,4.63,否,3.57,1.541,2.698,2.086,-0.925,否,405340000.0,109300000.0,7020488800.0,1893076000.0,50.326146,3.56094,1.126481,16.8,16.75,16.96,16.99,17.1,17.89,20.92,2021-07-05,-
2022-09-05,301017,漱玉平民,医药商业,16.93,17.46,16.83,17.02,16.83,2489761,42914133.35,2.2779,-0.635,3.7,否,1.3,2.778,2.654,0.532,-2.184,否,405340000.0,109300000.0,6975901400.0,1881053000.0,50.006523,3.538324,1.119326,16.84,16.76,16.96,16.99,17.1,17.84,20.91,2021-07-05,-
2022-09-06,301017,漱玉平民,医药商业,16.94,17.05,16.79,16.93,16.79,1939809,33185205.31,1.7748,-0.523,1.51,否,0.86,1.743,0.894,0.774,2.42,否,405340000.0,109300000.0,6939420800.0,1871216000.0,49.745013,3.51982,1.113473,16.86,16.77,16.96,16.97,17.11,17.79,20.9,2021-07-05,-
2022-09-07,301017,漱玉平民,医药商业,16.86,16.91,16.71,16.72,16.71,1231866,20889021.91,1.1271,-1.227,1.17,否,0.51,-2.393,-0.889,1.149,2.514,否,405340000.0,109300000.0,6854299400.0,1848263000.0,49.134823,3.476645,1.099815,16.89,16.79,16.92,16.94,17.12,17.75,20.89,2021-07-05,-
2022-09-08,301017,漱玉平民,医药商业,16.67,16.85,16.59,16.63,16.59,1011778,17058338.93,0.9257,-0.532,1.54,否,0.45,-2.291,0.423,-0.3,1.775,否,405340000.0,109300000.0,6817818800.0,1838426000.0,48.873313,3.458141,1.093961,16.89,16.79,16.88,16.9,17.12,17.71,20.88,2021-07-05,-
2022-09-09,301017,漱玉平民,医药商业,16.63,16.91,16.58,16.86,16.58,1160400,19692127.0,1.0617,1.367,1.96,否,0.53,-0.413,1.322,1.689,1.261,否,405340000.0,109300000.0,6911047000.0,1863565000.0,49.541616,3.505428,1.10892,16.83,16.81,16.86,16.89,17.12,17.67,20.88,2021-07-05,-
2022-09-13,301017,漱玉平民,医药商业,16.75,16.98,16.75,16.8,16.75,1332750,22707412.0,1.2194,-0.352,1.35,否,0.85,0.478,-1.926,0.119,-1.812,否,405340000.0,109300000.0,6886726600.0,1857007000.0,49.367276,3.493093,1.105018,16.79,16.82,16.83,16.87,17.11,17.63,20.88,2021-07-05,-
2022-09-14,301017,漱玉平民,医药商业,16.56,16.69,16.38,16.65,16.38,1204028,20152189.0,1.1016,-0.883,1.82,否,0.9,0.12,-2.174,-1.304,-1.421,否,405340000.0,109300000.0,6825925600.0,1840612000.0,48.931426,3.462253,1.095262,16.73,16.79,16.8,16.87,17.11,17.58,20.87,2021-07-05,-
2022-09-15,301017,漱玉平民,医药商业,16.7,16.78,16.26,16.33,16.26,1343400,22303187.0,1.2291,-1.9,3.15,否,1.13,-3.144,-3.544,-1.389,-6.472,否,405340000.0,109300000.0,6696216800.0,1805636000.0,48.001613,3.396462,1.074449,16.65,16.77,16.76,16.87,17.06,17.54,20.87,2021-07-05,-
2022-09-16,301017,漱玉平民,医药商业,16.25,16.4,15.67,15.69,15.67,1454681,23492825.26,1.3309,-3.935,4.48,否,1.2,-6.607,-6.16,-5.709,-10.24,否,405340000.0,109300000.0,6432745800.0,1734591000.0,46.11293,3.262824,1.032174,16.47,16.68,16.7,16.85,17.02,17.49,20.86,2021-07-05,-
2022-09-19,301017,漱玉平民,医药商业,15.77,15.9,15.35,15.48,15.35,961565,15103928.76,0.8797,-1.323,3.53,否,0.74,-7.027,-6.915,-9.632,-10.417,否,405340000.0,109300000.0,6347624400.0,1711638000.0,45.50274,3.219649,1.018516,16.19,16.51,16.63,16.81,16.98,17.44,20.84,2021-07-05,-
2022-09-20,301017,漱玉平民,医药商业,15.7,15.75,15.42,15.73,15.42,553321,8766224.38,0.5062,1.596,2.11,否,0.44,-3.674,-6.702,-7.579,-9.023,否,405340000.0,109300000.0,6448959400.0,1738963000.0,46.229156,3.271048,1.034775,15.98,16.38,16.57,16.77,16.95,17.4,20.83,2021-07-05,-
2022-09-21,301017,漱玉平民,医药商业,15.55,15.68,15.42,15.65,15.42,619569,9748945.93,0.5669,-0.503,1.63,否,0.56,-0.255,-6.845,-7.561,-9.642,否,405340000.0,109300000.0,6416532200.0,1730219000.0,45.996703,3.2546,1.029572,15.78,16.25,16.51,16.72,16.91,17.36,20.82,2021-07-05,-
2022-09-22,301017,漱玉平民,医药商业,15.63,15.7,15.33,15.33,15.33,823875,12939342.39,0.7538,-2.085,2.4,否,0.84,-0.969,-7.928,-8.313,-10.82,否,405340000.0,109300000.0,6282770000.0,1694150000.0,45.037833,3.186753,1.008109,15.58,16.12,16.45,16.65,16.87,17.32,20.81,2021-07-05,-
2022-09-23,301017,漱玉平民,医药商业,15.42,15.42,14.87,15.0,14.87,885204,13479627.29,0.8099,-2.129,3.61,否,1.0,-4.641,-8.145,-9.802,-11.452,否,405340000.0,109300000.0,6149007800.0,1658081000.0,44.078963,3.118906,0.986646,15.44,15.95,16.37,16.57,16.81,17.28,20.8,2021-07-05,-
2022-09-26,301017,漱玉平民,医药商业,14.99,15.04,14.86,14.88,14.86,799015,12065676.0,0.731,-0.791,1.19,否,1.04,-4.92,-5.163,-11.744,-11.323,否,405340000.0,109300000.0,6100367000.0,1644965000.0,43.730283,3.094235,0.978842,15.32,15.75,16.28,16.49,16.77,17.23,20.79,2021-07-05,-
2022-09-27,301017,漱玉平民,医药商业,14.99,15.21,14.91,15.18,14.91,621674,9478751.68,0.5688,1.993,1.99,否,0.84,-0.978,-1.938,-9.643,-10.337,否,405340000.0,109300000.0,6221969000.0,1677755000.0,44.601983,3.155914,0.998353,15.21,15.59,16.2,16.42,16.73,17.19,20.78,2021-07-05,-
2022-09-28,301017,漱玉平民,医药商业,15.18,15.3,14.65,14.73,14.65,1602300,24169863.0,1.466,-2.932,4.23,否,2.14,-1.8,-6.357,-11.532,-12.321,否,405340000.0,109300000.0,6039566000.0,1628570000.0,43.294433,3.063395,0.969086,15.02,15.4,16.1,16.33,16.69,17.14,20.77,2021-07-05,-
2022-09-29,301017,漱玉平民,医药商业,14.84,15.11,14.79,14.9,14.79,1599864,24262110.87,1.4637,1.141,2.15,否,1.69,0.134,-4.792,-8.757,-9.861,否,405340000.0,109300000.0,6108473800.0,1647151000.0,43.788396,3.098346,0.980142,14.94,15.26,16.01,16.26,16.66,17.11,20.75,2021-07-05,-
2022-09-30,301017,漱玉平民,医药商业,14.93,16.68,14.84,15.62,14.84,2737533,43400277.18,2.5046,4.844,12.34,否,2.49,2.899,1.892,-0.446,-6.355,否,405340000.0,109300000.0,6404372000.0,1726940000.0,45.909533,3.248432,1.027621,15.06,15.25,15.96,16.21,16.65,17.09,20.74,2021-07-05,-
2022-10-10,301017,漱玉平民,医药商业,15.41,15.8,14.87,15.0,14.87,2376665,36664176.34,2.1744,-3.987,5.95,否,1.61,1.833,0.0,-3.101,-9.53,否,405340000.0,109300000.0,6149007800.0,1658081000.0,44.078963,3.118906,0.986646,15.09,15.2,15.86,16.15,16.62,17.06,20.73,2021-07-05,-
2022-10-11,301017,漱玉平民,医药商业,14.84,14.99,14.26,14.73,14.26,1881300,27721912.5,1.7212,-1.78,4.88,否,1.05,-1.141,-1.008,-6.357,-12.217,否,405340000.0,109300000.0,6039566000.0,1628570000.0,43.294433,3.063395,0.969086,15.0,15.1,15.74,16.08,16.58,17.03,20.72,2021-07-05,-
2022-10-12,301017,漱玉平民,医药商业,14.63,14.95,14.44,14.91,14.44,1218886,18100025.96,1.1152,1.208,3.49,否,0.6,-4.545,-1.779,-4.728,-11.618,否,405340000.0,109300000.0,6112527200.0,1648244000.0,43.817453,3.100402,0.980793,15.03,15.03,15.64,16.02,16.55,17.0,20.7,2021-07-05,-
2022-10-13,301017,漱玉平民,医药商业,14.92,15.47,14.73,15.33,14.73,1551568,23916102.19,1.4195,2.785,4.97,否,0.79,2.2,4.073,0.0,-7.428,否,405340000.0,109300000.0,6282770000.0,1694150000.0,45.037833,3.186753,1.008109,15.12,15.03,15.57,15.98,16.54,16.98,20.69,2021-07-05,-
2022-10-14,301017,漱玉平民,医药商业,15.33,16.12,15.32,15.86,15.32,2212745,35526130.63,2.0245,3.484,5.23,否,1.13,7.671,6.443,5.733,-4.688,否,405340000.0,109300000.0,6501653600.0,1753172000.0,46.606893,3.297776,1.043231,15.17,15.11,15.53,15.95,16.52,16.96,20.67,2021-07-05,-
2022-10-17,301017,漱玉平民,医药商业,15.8,16.29,15.72,16.0,15.72,2018200,32786861.23,1.8465,0.873,3.55,否,1.09,7.311,2.433,7.527,-6.597,否,405340000.0,109300000.0,6558401200.0,1768474000.0,47.013686,3.326559,1.052336,15.37,15.23,15.49,15.93,16.51,16.94,20.66,2021-07-05,-
2022-10-18,301017,漱玉平民,医药商业,16.04,16.58,15.91,16.3,15.91,2349808,38757373.4,2.1499,1.916,4.2,否,1.32,6.327,8.667,7.378,-4.23,否,405340000.0,109300000.0,6684056600.0,1802357000.0,47.914443,3.390294,1.072498,15.68,15.34,15.47,15.92,16.5,16.92,20.65,2021-07-05,-
2022-10-19,301017,漱玉平民,医药商业,16.42,16.42,15.88,15.92,15.88,1362143,22071470.94,1.2462,-2.365,3.34,否,0.73,0.378,8.079,8.079,-5.966,否,405340000.0,109300000.0,6525974000.0,1759730000.0,46.781233,3.310111,1.047133,15.88,15.46,15.43,15.88,16.48,16.9,20.63,2021-07-05,-
2022-10-20,301017,漱玉平民,医药商业,15.84,16.46,15.82,16.09,15.82,1947177,31912881.97,1.7815,1.056,4.04,否,1.03,0.563,7.914,7.987,-3.768,否,405340000.0,109300000.0,6594881800.0,1778311000.0,47.275196,3.345063,1.05819,16.03,15.58,15.42,15.87,16.46,16.87,20.62,2021-07-05,-
2022-10-21,301017,漱玉平民,医药商业,16.08,16.28,15.87,15.96,15.87,1164900,18868113.0,1.0658,-0.799,2.52,否,0.59,-2.086,4.11,2.177,-4.029,否,405340000.0,109300000.0,6542187600.0,1764102000.0,46.89746,3.318335,1.049734,16.05,15.61,15.43,15.85,16.42,16.85,20.58,2021-07-05,-
2022-10-24,301017,漱玉平民,医药商业,16.17,16.29,15.51,15.56,15.51,1490019,23851986.98,1.3632,-2.478,4.89,否,0.84,-2.261,-1.892,3.733,-7.711,否,405340000.0,109300000.0,6380051600.0,1720382000.0,45.735193,3.236096,1.023719,15.97,15.67,15.43,15.79,16.39,16.85,20.52,2021-07-05,-
2022-10-25,301017,漱玉平民,医药商业,15.6,15.71,15.14,15.26,15.14,1011300,15671820.0,0.9253,-1.97,3.68,否,0.61,-5.158,-4.625,3.598,-9.167,否,405340000.0,109300000.0,6254396200.0,1686499000.0,44.834436,3.172361,1.003557,15.76,15.72,15.41,15.73,16.36,16.85,20.48,2021-07-05,-
2022-10-26,301017,漱玉平民,医药商业,15.29,16.02,15.29,15.82,15.29,1534266,24591721.32,1.4037,3.694,4.8,否,1.1,-0.877,-2.945,6.103,-4.985,否,405340000.0,109300000.0,6485440000.0,1748800000.0,46.490666,3.289552,1.040629,15.74,15.81,15.42,15.7,16.33,16.84,20.43,2021-07-05,-
2022-10-27,301017,漱玉平民,医药商业,16.22,16.28,15.75,16.16,15.75,1605200,26034337.17,1.4686,2.125,3.31,否,1.12,3.856,1.508,5.414,-1.041,否,405340000.0,109300000.0,6623255600.0,1785962000.0,47.478593,3.359455,1.062742,15.75,15.89,15.46,15.68,16.31,16.85,20.38,2021-07-05,-
2022-10-28,301017,漱玉平民,医药商业,15.99,16.2,15.23,15.27,15.23,1475775,23369860.83,1.3502,-5.508,6.0,否,1.08,0.066,-5.096,-3.72,-2.677,否,405340000.0,109300000.0,6258449600.0,1687592000.0,46.392541,3.144947,0.913091,15.61,15.83,15.47,15.63,16.27,16.84,20.34,2021-07-05,-
2022-10-31,301017,漱玉平民,医药商业,15.34,15.62,15.24,15.54,15.24,1881700,29423816.0,1.7216,1.814,2.53,否,1.32,-1.77,-2.632,-2.875,0.388,否,405340000.0,109300000.0,6371944800.0,1718196000.0,47.233856,3.201979,0.92965,15.61,15.79,15.51,15.59,16.24,16.82,20.28,2021-07-05,-
2022-11-01,301017,漱玉平民,医药商业,15.54,16.08,15.54,16.08,15.54,1624500,26030802.0,1.4863,3.435,3.44,否,1.08,-0.495,3.342,-1.35,2.225,否,405340000.0,109300000.0,6590828400.0,1777218000.0,48.856393,3.311971,0.961585,15.77,15.77,15.55,15.57,16.22,16.81,20.22,2021-07-05,-
2022-11-02,301017,漱玉平民,医药商业,16.04,17.06,15.92,16.64,15.92,3374726,56699068.03,3.0876,3.506,7.07,否,2.08,8.972,9.043,4.523,6.326,否,405340000.0,109300000.0,6821872200.0,1839519000.0,50.569071,3.428073,0.995293,15.94,15.84,15.65,15.57,16.22,16.8,20.18,2021-07-05,-
2022-11-03,301017,漱玉平民,医药商业,16.47,16.68,16.32,16.55,16.32,1990528,33204471.6,1.8212,-0.535,2.14,否,1.0,6.499,4.614,2.859,7.958,否,405340000.0,109300000.0,6785391600.0,1829682000.0,50.298649,3.409741,0.989971,16.02,15.88,15.73,15.57,16.22,16.79,20.13,2021-07-05,-
2022-11-04,301017,漱玉平民,医药商业,16.47,16.97,16.47,16.76,16.47,2065133,34891516.73,1.8894,1.255,2.99,否,1.0,4.229,3.713,5.013,11.733,否,405340000.0,109300000.0,6870513000.0,1852635000.0,50.929635,3.452516,1.00239,16.31,15.96,15.79,15.61,16.23,16.78,20.09,2021-07-05,-
2022-11-07,301017,漱玉平民,医药商业,16.71,17.0,16.37,16.44,16.37,2049274,34381301.2,1.8749,-1.888,3.72,否,0.94,-1.202,7.662,5.656,10.484,否,405340000.0,109300000.0,6740804200.0,1817659000.0,49.968132,3.387336,0.983466,16.49,16.05,15.86,15.64,16.23,16.76,20.05,2021-07-05,-
2022-11-08,301017,漱玉平民,医药商业,16.51,16.69,16.24,16.47,16.24,1234261,20486766.5,1.1292,0.18,2.77,否,0.56,-0.483,5.985,7.929,8.498,否,405340000.0,109300000.0,6752964400.0,1820938000.0,50.058273,3.393446,0.98524,16.57,16.17,15.95,15.66,16.22,16.75,20.01,2021-07-05,-
2022-11-09,301017,漱玉平民,医药商业,16.51,17.19,16.47,16.94,16.47,2882471,49155499.76,2.6372,2.821,4.38,否,1.35,1.074,5.348,7.08,15.003,否,405340000.0,109300000.0,6943474200.0,1872309000.0,51.470481,3.48918,1.013035,16.63,16.29,16.05,15.71,16.22,16.73,19.96,2021-07-05,-
2022-11-10,301017,漱玉平民,医药商业,16.76,17.04,16.66,16.69,16.66,2087165,35531716.15,1.9096,-1.459,2.22,否,1.02,1.521,0.3,3.28,12.013,否,405340000.0,109300000.0,6842139200.0,1844984000.0,50.719306,3.438258,0.99825,16.66,16.34,16.12,15.75,16.2,16.72,19.92,2021-07-05,-
2022-11-11,301017,漱玉平民,医药商业,17.16,17.18,16.36,16.45,16.36,3159905,53806057.5,2.891,-1.422,4.92,否,1.53,-0.121,-0.604,7.728,5.314,否,405340000.0,109300000.0,6744857600.0,1818752000.0,49.998179,3.389372,0.984057,16.6,16.46,16.15,15.8,16.19,16.71,19.87,2021-07-05,-
2022-11-14,301017,漱玉平民,医药商业,16.45,17.9,16.36,17.65,16.36,7890456,139445803.24,7.2191,7.272,9.31,否,3.46,4.191,5.31,13.578,17.667,否,405340000.0,109300000.0,7235319000.0,1951005000.0,53.633864,3.635835,1.055614,16.84,16.67,16.23,15.89,16.19,16.71,19.83,2021-07-05,-
2022-11-15,301017,漱玉平民,医药商业,18.0,18.67,17.7,18.55,17.7,10396193,191763507.77,9.5116,5.098,5.49,否,3.01,11.144,12.835,15.361,25.933,否,405340000.0,109300000.0,7604178400.0,2050468000.0,56.368139,3.821192,1.10943,17.26,16.91,16.34,16.01,16.21,16.71,19.78,2021-07-05,-
2022-11-16,301017,漱玉平民,医药商业,18.27,18.95,17.9,18.04,17.9,6668714,123121298.95,6.1013,-2.772,5.7,否,1.26,9.666,9.532,8.413,20.993,否,405340000.0,109300000.0,7393401600.0,1993632000.0,54.805696,3.715274,1.078678,17.48,17.05,16.45,16.12,16.23,16.71,19.74,2021-07-05,-
2022-11-17,301017,漱玉平民,医药商业,17.8,20.2,17.8,19.63,17.8,12947771,255797505.25,11.8461,8.827,13.32,否,2.14,11.218,15.88,18.61,28.05,否,405340000.0,109300000.0,8045999000.0,2169605000.0,59.64326,4.043212,1.17389,18.06,17.36,16.62,16.27,16.27,16.73,19.71,2021-07-05,-
2022-11-18,301017,漱玉平民,医药商业,19.11,19.62,18.79,19.07,18.79,9511340,183616021.02,8.702,-2.821,4.23,否,1.16,2.803,14.26,13.783,20.24,否,405340000.0,109300000.0,7819008600.0,2108397000.0,57.960629,3.929146,1.140773,18.59,17.59,16.78,16.39,16.3,16.74,19.69,2021-07-05,-
2022-11-21,301017,漱玉平民,医药商业,18.84,18.98,18.28,18.6,18.28,5182660,97343863.17,4.7417,-2.488,3.68,否,0.55,3.104,13.07,13.139,16.25,否,405340000.0,109300000.0,7624445400.0,2055933000.0,56.518374,3.831376,1.112387,18.78,17.81,16.93,16.51,16.33,16.75,19.65,2021-07-05,-
2022-11-22,301017,漱玉平民,医药商业,18.68,18.82,17.81,17.94,17.81,4939216,91068367.78,4.519,-3.562,5.42,否,0.55,-8.609,1.643,8.925,10.061,否,405340000.0,109300000.0,7352867600.0,1982702000.0,54.505226,3.694905,1.072764,18.66,17.96,17.06,16.62,16.35,16.76,19.61,2021-07-05,-
2022-11-23,301017,漱玉平民,医药商业,17.81,18.09,16.96,17.31,16.96,4604037,80401683.84,4.2123,-3.473,6.34,否,0.59,-9.229,-6.685,2.184,8.731,否,405340000.0,109300000.0,7097503400.0,1913843000.0,52.612266,3.566581,1.035507,18.51,17.99,17.14,16.7,16.36,16.76,19.57,2021-07-05,-
2022-11-24,301017,漱玉平民,医药商业,17.58,17.75,17.28,17.61,17.28,2846875,50522978.35,2.6046,1.713,2.68,否,0.38,-5.323,-2.384,5.512,9.447,否,405340000.0,109300000.0,7219105400.0,1946633000.0,53.513676,3.627688,1.053249,18.11,18.09,17.21,16.77,16.38,16.76,19.53,2021-07-05,-
2022-11-25,301017,漱玉平民,医药商业,17.52,17.58,17.01,17.1,17.01,2221946,38657707.82,2.0329,-2.92,3.26,否,0.41,-4.682,-12.888,3.951,7.143,否,405340000.0,109300000.0,7008328600.0,1889797000.0,51.951233,3.52177,1.022497,17.71,18.15,17.3,16.81,16.38,16.76,19.48,2021-07-05,-
2022-11-28,301017,漱玉平民,医药商业,16.8,17.66,16.72,17.18,16.72,2990218,52185239.39,2.7358,0.521,5.49,否,0.76,-0.751,-9.911,-2.663,10.411,否,405340000.0,109300000.0,7044809200.0,1899634000.0,52.221655,3.540102,1.027819,17.43,18.1,17.39,16.85,16.39,16.76,19.43,2021-07-05,-
2022-11-29,301017,漱玉平民,医药商业,16.92,18.96,16.92,18.7,16.92,7575441,139588589.92,6.9309,8.803,11.91,否,2.15,6.19,0.538,0.809,22.543,否,405340000.0,109300000.0,7664979400.0,2066863000.0,56.818844,3.851745,1.1183,17.58,18.12,17.52,16.93,16.42,16.77,19.39,2021-07-05,-
2022-11-30,301017,漱玉平民,医药商业,18.86,19.05,17.97,18.09,17.97,4521759,83771883.91,4.137,-3.226,5.82,否,1.12,5.789,0.836,0.277,14.349,否,405340000.0,109300000.0,7417722000.0,2000190000.0,54.985978,3.727495,1.082226,17.74,18.12,17.59,17.01,16.44,16.77,19.34,2021-07-05,-
2022-12-01,301017,漱玉平民,医药商业,18.79,19.66,18.25,19.13,18.25,8904390,169868930.94,8.1467,5.738,7.76,否,2.21,11.35,10.514,-2.547,18.379,否,405340000.0,109300000.0,7843329000.0,2114955000.0,58.140911,3.941368,1.144321,18.04,18.07,17.72,17.11,16.49,16.79,19.3,2021-07-05,-
2022-12-02,301017,漱玉平民,医药商业,18.76,20.23,18.76,19.9,18.76,9677202,192012425.64,8.8538,4.031,7.7,否,1.85,6.417,13.004,4.352,30.321,否,405340000.0,109300000.0,8159494200.0,2200209000.0,60.484576,4.100244,1.190449,18.6,18.16,17.87,17.24,16.54,16.82,19.27,2021-07-05,-
2022-12-05,301017,漱玉平民,医药商业,20.53,23.29,19.82,21.84,19.82,17075119,371089127.06,15.6222,9.737,17.44,否,2.54,20.73,27.719,17.419,40.541,否,405340000.0,109300000.0,8953960600.0,2414437000.0,66.373784,4.499473,1.306359,19.53,18.48,18.14,17.45,16.62,16.86,19.22,2021-07-05,-
2022-12-06,301017,漱玉平民,医药商业,21.56,22.9,20.34,20.48,20.34,11996773,259463301.57,10.976,-6.247,11.72,否,1.26,7.057,19.208,14.158,27.363,否,405340000.0,109300000.0,8394591400.0,2263603000.0,62.227301,4.218384,1.224749,19.89,18.73,18.35,17.62,16.68,16.89,19.17,2021-07-05,-
2022-12-07,301017,漱玉平民,医药商业,20.57,20.94,19.66,20.72,19.66,8556586,177029349.78,7.8285,1.207,6.28,否,0.82,4.121,10.802,19.7,24.519,否,405340000.0,109300000.0,8495926400.0,2290928000.0,62.978475,4.269306,1.239533,20.41,19.08,18.53,17.78,16.74,16.92,19.14,2021-07-05,-
2022-12-08,301017,漱玉平民,医药商业,20.47,21.26,20.18,20.45,20.18,6359907,132791620.72,5.8188,-1.336,5.2,否,0.57,-6.364,13.046,16.127,23.565,否,405340000.0,109300000.0,8382431200.0,2260324000.0,62.13716,4.212273,1.222975,20.68,19.36,18.72,17.93,16.8,16.96,19.09,2021-07-05,-
2022-12-09,301017,漱玉平民,医药商业,20.57,20.93,20.07,20.4,20.07,5314673,110109038.36,4.8625,-0.242,4.21,否,0.5,-0.391,6.639,19.298,21.718,否,405340000.0,109300000.0,8362164200.0,2254859000.0,61.986925,4.202089,1.220018,20.78,19.69,18.92,18.1,16.87,16.99,19.05,2021-07-05,-
2022-12-12,301017,漱玉平民,医药商业,20.47,21.38,20.4,21.13,20.4,7976978,169618078.74,7.2982,3.587,4.8,否,0.81,1.979,6.181,22.992,28.528,否,405340000.0,109300000.0,8662115800.0,2335741000.0,64.210401,4.352818,1.26378,20.64,20.08,19.09,18.28,16.94,17.03,19.02,2021-07-05,-
2022-12-13,301017,漱玉平民,医药商业,21.41,22.25,20.58,21.26,20.58,8117518,174290462.78,7.4268,0.608,7.91,否,1.01,3.961,-2.656,13.69,29.083,否,405340000.0,109300000.0,8714810000.0,2349950000.0,64.601012,4.379297,1.271468,20.79,20.34,19.23,18.46,17.01,17.06,18.99,2021-07-05,-
2022-12-14,301017,漱玉平民,医药商业,20.76,20.76,19.72,20.17,19.72,6734781,137337131.56,6.1617,-5.116,4.93,否,0.93,-1.127,-1.514,11.498,19.067,否,405340000.0,109300000.0,8268936000.0,2229720000.0,61.295844,4.15524,1.206416,20.68,20.55,19.34,18.58,17.07,17.09,18.96,2021-07-05,-
2022-12-15,301017,漱玉平民,医药商业,19.63,20.6,19.61,19.97,19.61,4535243,92363755.06,4.1494,-0.98,4.9,否,0.66,-5.49,-3.62,4.391,19.652,否,405340000.0,109300000.0,8187868000.0,2207860000.0,60.694904,4.114503,1.194588,20.59,20.63,19.35,18.69,17.13,17.1,18.94,2021-07-05,-
2022-12-16,301017,漱玉平民,医药商业,19.99,20.47,19.76,19.83,19.76,4410864,89400960.25,4.0356,-0.693,3.56,否,0.67,-6.726,-3.032,-0.352,20.547,否,405340000.0,109300000.0,8131120400.0,2192558000.0,60.274247,4.085986,1.186309,20.47,20.63,19.39,18.79,17.2,17.11,18.91,2021-07-05,-
2022-12-19,301017,漱玉平民,医药商业,20.03,20.03,18.56,18.7,18.56,5329179,101983207.95,4.8757,-5.733,7.43,否,0.84,-7.288,-8.333,-14.377,5.949,否,405340000.0,109300000.0,7664979400.0,2066863000.0,56.818844,3.851745,1.1183,19.99,20.31,19.4,18.87,17.25,17.12,18.88,2021-07-05,-
2022-12-20,301017,漱玉平民,医药商业,18.55,18.91,18.19,18.46,18.19,3034345,56581366.85,2.7762,-1.269,3.81,否,0.52,-7.561,-12.636,-9.863,-0.485,否,405340000.0,109300000.0,7567697800.0,2040631000.0,56.097716,3.80286,1.104107,19.43,20.11,19.42,18.93,17.3,17.12,18.84,2021-07-05,-
2022-12-21,301017,漱玉平民,医药商业,18.39,18.64,18.29,18.44,18.29,2495168,46540274.21,2.2829,-0.107,1.87,否,0.52,-7.01,-13.264,-11.004,2.217,否,405340000.0,109300000.0,7559591000.0,2038445000.0,56.037622,3.798786,1.102924,19.08,19.88,19.48,18.98,17.35,17.13,18.8,2021-07-05,-
2022-12-22,301017,漱玉平民,医药商业,18.44,18.67,17.71,17.78,17.71,3197899,58436686.88,2.9258,-3.593,5.2,否,0.81,-4.92,-11.849,-13.056,-9.424,否,405340000.0,109300000.0,7288013200.0,1965214000.0,54.024474,3.662315,1.063302,18.64,19.61,19.49,19.02,17.39,17.13,18.76,2021-07-05,-
2022-12-23,301017,漱玉平民,医药商业,17.77,18.06,17.48,17.59,17.48,1753800,31402641.0,1.6046,-1.057,3.23,否,0.47,-4.713,-11.918,-13.775,-7.761,否,405340000.0,109300000.0,7210998600.0,1944447000.0,53.453582,3.623614,1.052066,18.19,19.33,19.51,19.06,17.43,17.12,18.71,2021-07-05,-
2022-12-26,301017,漱玉平民,医药商业,17.68,18.04,17.25,17.39,17.25,2196779,38882148.71,2.0099,-1.124,4.44,否,0.69,-5.694,-12.305,-17.7,-6.505,否,405340000.0,109300000.0,7129930600.0,1922587000.0,52.852642,3.582876,1.040238,17.93,18.96,19.52,19.05,17.47,17.12,18.67,2021-07-05,-
2022-12-27,301017,漱玉平民,医药商业,17.46,17.55,16.69,16.94,16.69,2900279,49613785.68,2.6535,-2.615,4.95,否,1.14,-4.724,-9.412,-20.32,-5.574,否,405340000.0,109300000.0,6943474200.0,1872309000.0,51.470481,3.48918,1.013035,17.63,18.53,19.43,19.0,17.5,17.12,18.63,2021-07-05,-
2022-12-28,301017,漱玉平民,医药商业,17.01,17.01,16.45,16.61,16.45,2262365,38020329.6,2.0699,-1.926,3.27,否,0.9,-5.571,-10.022,-17.65,-4.044,否,405340000.0,109300000.0,6809712000.0,1836240000.0,50.47893,3.421963,0.993519,17.26,18.17,19.36,18.95,17.53,17.11,18.59,2021-07-05,-
2022-12-29,301017,漱玉平民,医药商业,16.6,18.07,16.48,17.76,16.48,6795040,120355432.65,6.2169,6.905,9.58,否,2.76,2.128,-3.688,-11.067,0.852,否,405340000.0,109300000.0,7279906400.0,1963028000.0,53.96438,3.658241,1.062119,17.26,17.95,19.29,18.89,17.58,17.12,18.56,2021-07-05,-
2022-12-30,301017,漱玉平民,医药商业,17.42,17.88,17.06,17.79,17.06,4235230,75019591.44,3.8749,0.167,4.62,否,1.33,5.018,0.056,-10.287,4.035,否,405340000.0,109300000.0,7292066600.0,1966307000.0,54.054521,3.664352,1.063893,17.3,17.75,19.19,18.84,17.62,17.13,18.52,2021-07-05,-
2023-01-03,301017,漱玉平民,医药商业,17.48,18.65,17.48,18.46,17.48,3971348,73518131.97,3.6334,3.78,6.56,否,1.08,11.138,4.946,-1.283,7.451,否,405340000.0,109300000.0,7567697800.0,2040631000.0,56.097716,3.80286,1.104107,17.51,17.72,19.02,18.84,17.67,17.15,18.49,2021-07-05,-
2023-01-04,301017,漱玉平民,医药商业,18.31,18.52,17.97,18.29,17.97,2307397,42421996.89,2.1111,-0.911,3.0,否,0.57,2.984,5.175,-0.921,-2.193,否,405340000.0,109300000.0,7498790000.0,2022050000.0,55.586917,3.768233,1.094054,17.78,17.71,18.91,18.85,17.73,17.16,18.47,2021-07-05,-
2023-01-05,301017,漱玉平民,医药商业,18.3,18.31,17.89,17.9,17.89,1762301,32136404.41,1.6124,-2.162,2.32,否,0.45,0.618,5.667,-2.928,-1.05,否,405340000.0,109300000.0,7336654000.0,1978330000.0,54.385038,3.686757,1.070399,18.04,17.65,18.77,18.87,17.78,17.17,18.45,2021-07-05,-
2023-01-06,301017,漱玉平民,医药商业,17.89,18.03,17.53,17.58,17.53,1568145,28137778.9,1.4347,-1.768,2.76,否,0.41,-4.767,5.84,-1.125,-8.102,否,405340000.0,109300000.0,7206945200.0,1943354000.0,53.423535,3.621577,1.051474,18.0,17.63,18.62,18.87,17.82,17.18,18.43,2021-07-05,-
2023-01-09,301017,漱玉平民,医药商业,17.5,17.67,17.31,17.35,17.31,2109800,37202695.02,1.9303,-1.294,2.02,否,0.76,-5.139,-2.309,-1.364,-12.814,否,405340000.0,109300000.0,7113717000.0,1918215000.0,52.732454,3.574729,1.037873,17.92,17.61,18.47,18.88,17.84,17.18,18.4,2021-07-05,-
2023-01-10,301017,漱玉平民,医药商业,17.52,17.52,17.16,17.22,17.16,1409888,24637093.12,1.2899,-0.741,2.11,否,0.6,-3.799,-3.204,-0.978,-21.154,否,405340000.0,109300000.0,7061022800.0,1904006000.0,52.341843,3.548249,1.030185,17.67,17.59,18.27,18.88,17.87,17.19,18.38,2021-07-05,-
2023-01-11,301017,漱玉平民,医药商业,17.1,17.38,17.02,17.03,17.02,1256243,21796294.32,1.1494,-1.148,2.12,否,0.69,-3.129,-7.746,0.531,-16.846,否,405340000.0,109300000.0,6979954800.0,1882146000.0,51.740904,3.507512,1.018357,17.42,17.6,18.06,18.82,17.88,17.19,18.35,2021-07-05,-
2023-01-12,301017,漱玉平民,医药商业,16.91,17.09,16.7,16.76,16.7,1420100,24193382.0,1.2993,-1.568,2.26,否,0.88,-3.401,-8.365,0.903,-19.112,否,405340000.0,109300000.0,6870513000.0,1852635000.0,50.929635,3.452516,1.00239,17.19,17.61,17.89,18.78,17.89,17.19,18.32,2021-07-05,-
2023-01-13,301017,漱玉平民,医药商业,16.76,16.95,16.67,16.91,16.67,1603100,27274605.0,1.4667,0.885,1.65,否,1.03,-1.8,-5.531,-4.786,-17.311,否,405340000.0,109300000.0,6931314000.0,1869030000.0,51.38034,3.483069,1.01126,17.05,17.53,17.74,18.7,17.91,17.18,18.3,2021-07-05,-
2023-01-16,301017,漱玉平民,医药商业,16.86,17.07,16.81,16.96,16.81,2018448,34622829.21,1.8467,0.292,1.52,否,1.29,-0.411,-3.527,-4.666,-16.863,否,405340000.0,109300000.0,6951581000.0,1874495000.0,51.530575,3.493254,1.014217,16.98,17.45,17.6,18.61,17.92,17.17,18.27,2021-07-05,-
2023-01-17,301017,漱玉平民,医药商业,16.89,16.97,16.67,16.73,16.67,1390700,23593682.0,1.2724,-1.341,1.75,否,0.9,-0.179,-3.573,-9.372,-20.823,否,405340000.0,109300000.0,6858352800.0,1849356000.0,50.839494,3.446405,1.000616,16.88,17.27,17.5,18.44,17.94,17.17,18.25,2021-07-05,-
2023-01-18,301017,漱玉平民,医药商业,16.73,16.87,16.69,16.75,16.69,1134680,19233339.96,1.0381,0.118,1.06,否,0.74,-0.946,-2.729,-8.42,-21.214,否,405340000.0,109300000.0,6866459600.0,1851542000.0,50.899588,3.450479,1.001798,16.82,17.12,17.41,18.31,17.97,17.16,18.23,2021-07-05,-
2023-01-19,301017,漱玉平民,医药商业,16.74,16.83,16.67,16.73,16.67,1071306,18141257.46,0.9802,-0.118,0.94,否,0.71,-1.356,-1.762,-6.536,-17.055,否,405340000.0,109300000.0,6858352800.0,1849356000.0,50.839494,3.446405,1.000616,16.82,17.0,17.33,18.18,17.98,17.16,18.2,2021-07-05,-
2023-01-20,301017,漱玉平民,医药商业,16.82,17.16,16.76,17.13,16.76,1723098,29537302.61,1.5765,2.364,2.36,否,1.19,2.391,2.208,-2.56,-14.221,否,405340000.0,109300000.0,7020488800.0,1893076000.0,52.041374,3.527881,1.024271,16.86,16.96,17.29,18.07,18.0,17.15,18.18,2021-07-05,-
2023-01-30,301017,漱玉平民,医药商业,17.16,17.4,17.02,17.15,17.02,2416156,41917101.16,2.2106,0.116,2.25,否,1.65,2.388,1.419,-1.153,-13.515,否,405340000.0,109300000.0,7028595600.0,1895262000.0,52.101467,3.531954,1.025454,16.9,16.94,17.27,17.96,18.03,17.15,18.15,2021-07-05,-
2023-01-31,301017,漱玉平民,医药商业,17.82,18.74,17.64,18.45,17.64,9281078,170512487.12,8.4914,7.613,6.4,否,6.0,10.281,8.785,7.143,-1.337,否,405340000.0,109300000.0,7563644400.0,2039538000.0,56.067669,3.800823,1.103516,17.24,17.06,17.33,17.87,18.08,17.16,18.13,2021-07-05,-
2023-02-01,301017,漱玉平民,医药商业,18.19,19.09,18.14,18.9,18.14,6067943,114727635.0,5.5516,2.412,5.14,否,1.94,10.333,12.971,10.981,2.384,否,405340000.0,109300000.0,7746047400.0,2088723000.0,57.419783,3.892482,1.130128,17.67,17.25,17.42,17.79,18.12,17.17,18.11,2021-07-05,-
2023-02-02,301017,漱玉平民,医药商业,19.05,21.95,18.97,21.19,18.97,11837784,248002439.28,10.8305,12.14,15.75,否,2.88,23.557,26.507,26.432,14.913,否,405340000.0,109300000.0,8686436200.0,2342299000.0,64.390683,4.365039,1.267328,18.56,17.69,17.65,17.83,18.2,17.21,18.1,2021-07-05,-
2023-02-03,301017,漱玉平民,医药商业,21.2,21.87,20.75,21.0,20.75,7413701,159233254.33,6.7829,-0.887,5.27,否,1.18,13.821,25.523,24.187,18.11,否,405340000.0,109300000.0,8609421600.0,2321532000.0,63.819791,4.326338,1.256092,19.34,18.1,17.81,17.86,18.27,17.25,18.1,2021-07-05,-
2023-02-06,301017,漱玉平民,医药商业,20.63,21.56,20.63,21.09,20.63,4856742,103903619.49,4.4435,0.424,4.43,否,0.66,11.587,23.117,24.351,19.898,否,405340000.0,109300000.0,8645902200.0,2331369000.0,64.090213,4.34467,1.261414,20.13,18.51,17.98,17.9,18.35,17.29,18.1,2021-07-05,-
2023-02-07,301017,漱玉平民,医药商业,21.21,21.58,20.96,21.14,20.96,3260934,70103073.4,2.9835,0.234,2.95,否,0.41,-0.236,23.265,26.36,21.564,否,405340000.0,109300000.0,8666169200.0,2336834000.0,64.240448,4.354855,1.264371,20.66,18.95,18.11,17.98,18.42,17.33,18.1,2021-07-05,-
2023-02-08,301017,漱玉平民,医药商业,20.78,21.29,20.57,20.58,20.57,3813308,80332026.31,3.4888,-2.666,3.41,否,0.57,-2.0,11.545,22.866,21.488,否,405340000.0,109300000.0,8435125400.0,2274533000.0,62.52777,4.238753,1.230663,21.0,19.34,18.23,18.05,18.49,17.35,18.1,2021-07-05,-
2023-02-09,301017,漱玉平民,医药商业,20.78,20.83,20.38,20.47,20.38,2822060,58699984.6,2.5819,-0.529,2.21,否,0.45,-2.94,8.307,22.355,23.239,否,405340000.0,109300000.0,8390538000.0,2262510000.0,62.197254,4.216347,1.224157,20.86,19.71,18.36,18.12,18.55,17.38,18.1,2021-07-05,-
2023-02-10,301017,漱玉平民,医药商业,20.37,20.71,19.98,20.27,19.98,3549800,72893068.0,3.2478,-0.966,3.57,否,0.8,-4.115,-4.342,18.33,14.133,否,405340000.0,109300000.0,8309470000.0,2240650000.0,61.596314,4.175609,1.21233,20.71,20.02,18.49,18.2,18.61,17.41,18.1,2021-07-05,-
2023-02-13,301017,漱玉平民,医药商业,20.32,21.1,20.25,20.42,20.25,3733085,77601012.75,3.4154,0.732,4.2,否,1.02,-0.777,-2.762,19.067,14.784,否,405340000.0,109300000.0,8370271000.0,2257045000.0,62.047019,4.206162,1.221201,20.58,20.35,18.64,18.3,18.68,17.43,18.1,2021-07-05,-
2023-02-14,301017,漱玉平民,医药商业,20.37,20.96,20.17,20.34,20.17,2961532,61231701.62,2.7095,-0.387,3.87,否,0.86,-0.635,-3.556,10.244,10.184,否,405340000.0,109300000.0,8337843800.0,2248301000.0,61.806643,4.189867,1.216469,20.42,20.54,18.8,18.4,18.72,17.46,18.11,2021-07-05,-
2023-02-15,301017,漱玉平民,医药商业,20.34,20.48,20.05,20.14,20.05,1887659,38622841.71,1.727,-0.972,2.09,否,0.56,-0.641,-4.73,6.561,10.115,否,405340000.0,109300000.0,8256775800.0,2226441000.0,61.205703,4.14913,1.204642,20.33,20.66,18.96,18.5,18.75,17.48,18.11,2021-07-05,-
2023-02-16,301017,漱玉平民,医药商业,21.32,22.19,20.92,21.09,20.92,9234500,200591999.37,8.4488,4.713,6.28,否,3.09,3.281,2.478,-0.472,17.821,否,405340000.0,109300000.0,8645902200.0,2331369000.0,64.090213,4.34467,1.261414,20.45,20.65,19.17,18.65,18.8,17.51,18.11,2021-07-05,-
2023-02-17,301017,漱玉平民,医药商业,20.87,22.59,20.87,21.48,20.87,9086371,200807582.69,8.3132,1.828,8.16,否,2.13,5.605,4.934,2.286,22.184,否,405340000.0,109300000.0,8803984800.0,2373996000.0,65.262046,4.424109,1.284478,20.69,20.7,19.4,18.78,18.83,17.55,18.12,2021-07-05,-
2023-02-20,301017,漱玉平民,医药商业,21.18,21.26,20.5,20.86,20.5,5234000,110084478.7,4.7887,-2.855,3.55,否,0.97,3.575,2.911,-1.091,20.231,否,405340000.0,109300000.0,8552674000.0,2306230000.0,63.399133,4.297822,1.247813,20.78,20.68,19.6,18.88,18.86,17.58,18.12,2021-07-05,-
2023-02-21,301017,漱玉平民,医药商业,20.75,21.06,20.46,20.6,20.46,2552847,53280303.5,2.3356,-1.28,2.89,否,0.45,-2.323,0.881,-2.554,19.628,否,405340000.0,109300000.0,8443232200.0,2276719000.0,62.587864,4.242826,1.231845,20.83,20.63,19.79,18.95,18.89,17.61,18.12,2021-07-05,-
2023-02-22,301017,漱玉平民,医药商业,20.59,20.7,20.29,20.37,20.29,1656750,34247387.5,1.5158,-1.104,2.02,否,0.3,-5.168,0.147,-1.02,19.612,否,405340000.0,109300000.0,8350004000.0,2251580000.0,61.896784,4.195978,1.218244,20.88,20.6,19.97,19.02,18.93,17.64,18.13,2021-07-05,-
2023-02-23,301017,漱玉平民,医药商业,20.37,20.54,20.01,20.13,20.01,2155004,44138709.96,1.9716,-1.165,2.57,否,0.39,-3.5,-0.05,-1.661,20.107,否,405340000.0,109300000.0,8252722400.0,2225348000.0,61.175656,4.147093,1.204051,20.69,20.57,20.14,19.09,18.98,17.67,18.13,2021-07-05,-
2023-02-24,301017,漱玉平民,医药商业,19.97,20.31,19.84,19.9,19.84,1574810,31854275.15,1.4408,-1.13,2.31,否,0.38,-3.398,-5.642,-1.825,17.682,否,405340000.0,109300000.0,8159494200.0,2200209000.0,60.484576,4.100244,1.190449,20.37,20.53,20.28,19.17,19.02,17.7,18.13,2021-07-05,-
2023-02-27,301017,漱玉平民,医药商业,20.26,20.31,19.75,19.78,19.75,1898000,38268438.0,1.7365,-0.646,2.83,否,0.72,-2.896,-7.914,-3.134,16.627,否,405340000.0,109300000.0,8106800000.0,2186000000.0,60.093965,4.073765,1.182761,20.16,20.47,20.41,19.25,19.06,17.72,18.12,2021-07-05,-
2023-02-28,301017,漱玉平民,医药商业,19.78,20.15,19.63,20.1,19.63,2098600,42352464.0,1.92,1.65,2.65,否,1.07,-0.149,-3.643,-1.18,20.143,否,405340000.0,109300000.0,8240562200.0,2222069000.0,61.085515,4.140982,1.202276,20.06,20.45,20.49,19.35,19.11,17.75,18.12,2021-07-05,-
2023-03-01,301017,漱玉平民,医药商业,20.0,20.18,19.7,20.05,19.7,1987200,40082018.02,1.8181,-0.246,2.41,否,1.06,0.754,-2.67,-0.447,19.701,否,405340000.0,109300000.0,8220295200.0,2216604000.0,60.93528,4.130798,1.199319,19.99,20.44,20.55,19.45,19.14,17.78,18.11,2021-07-05,-
2023-03-02,301017,漱玉平民,医药商业,20.15,20.17,19.66,19.78,19.66,1423600,28546628.55,1.3025,-1.381,2.56,否,0.73,0.0,-2.896,-6.211,18.231,否,405340000.0,109300000.0,8106800000.0,2186000000.0,60.093965,4.073765,1.182761,19.92,20.31,20.48,19.55,19.16,17.8,18.1,2021-07-05,-
2023-03-03,301017,漱玉平民,医药商业,19.84,20.04,19.47,19.54,19.47,1879600,37361252.0,1.7197,-1.2,2.9,否,1.05,-2.786,-2.931,-9.032,14.069,否,405340000.0,109300000.0,8009518400.0,2159768000.0,59.372837,4.02488,1.168568,19.85,20.11,20.41,19.64,19.17,17.83,18.09,2021-07-05,-
2023-03-06,301017,漱玉平民,医药商业,19.58,20.32,19.53,20.2,19.53,3267190,66126286.87,2.9892,3.391,4.05,否,1.76,0.748,1.508,-3.164,17.784,否,405340000.0,109300000.0,8281096200.0,2232999000.0,61.385985,4.161351,1.20819,19.93,20.05,20.36,19.75,19.18,17.86,18.09,2021-07-05,-
2023-03-07,301017,漱玉平民,医药商业,19.87,20.24,19.43,19.44,19.43,1962000,39262031.0,1.7951,-3.769,4.01,否,0.92,-1.719,-1.719,-5.631,5.366,否,405340000.0,109300000.0,7968984400.0,2148838000.0,59.072367,4.004511,1.162654,19.8,19.93,20.28,19.84,19.14,17.88,18.08,2021-07-05,-
2023-03-08,301017,漱玉平民,医药商业,19.36,19.82,19.28,19.78,19.28,1488900,29658676.0,1.3622,1.729,2.8,否,0.71,1.228,-1.592,-2.896,4.656,否,405340000.0,109300000.0,8106800000.0,2186000000.0,60.093965,4.073765,1.182761,19.75,19.87,20.24,19.94,19.12,17.9,18.07,2021-07-05,-
2023-03-09,301017,漱玉平民,医药商业,19.82,19.92,19.54,19.67,19.54,1084500,21592812.0,0.9922,-0.55,1.95,否,0.54,-2.624,-1.895,-2.285,-7.173,否,405340000.0,109300000.0,8062212600.0,2173977000.0,59.763448,4.051359,1.176256,19.73,19.82,20.2,20.03,19.11,17.92,18.06,2021-07-05,-
2023-03-10,301017,漱玉平民,医药商业,19.72,19.87,19.21,19.33,19.21,1159323,22721419.51,1.0607,-1.709,3.37,否,0.6,-0.566,-2.275,-2.864,-7.952,否,405340000.0,109300000.0,7924397000.0,2136815000.0,58.741851,3.982105,1.156149,19.68,19.77,20.15,20.11,19.09,17.95,18.05,2021-07-05,-
2023-03-13,301017,漱玉平民,医药商业,19.4,20.86,19.21,20.64,19.21,5275503,108185975.98,4.8266,6.752,8.54,否,2.94,4.348,5.629,4.348,-2.134,否,405340000.0,109300000.0,8459445800.0,2281091000.0,62.708052,4.250974,1.234211,19.77,19.85,20.16,20.22,19.09,17.98,18.05,2021-07-05,-
2023-03-14,301017,漱玉平民,医药商业,20.7,20.78,19.64,19.72,19.64,3362700,68027160.0,3.0766,-4.456,5.56,否,1.53,0.254,-2.376,-1.891,-6.717,否,405340000.0,109300000.0,8082479600.0,2179442000.0,59.913683,4.061544,1.179213,19.83,19.82,20.13,20.27,19.07,18.0,18.03,2021-07-05,-
2023-03-15,301017,漱玉平民,医药商业,19.77,20.22,19.7,19.75,19.7,1664500,33512549.0,1.5229,0.151,2.66,否,0.67,2.173,1.595,-1.496,-4.033,否,405340000.0,109300000.0,8094639800.0,2182721000.0,60.003824,4.067654,1.180987,19.82,19.79,20.11,20.3,19.04,18.03,18.02,2021-07-05,-
2023-03-16,301017,漱玉平民,医药商业,19.69,20.04,19.08,19.44,19.08,1727555,34264262.8,1.5806,-1.552,4.86,否,0.69,-5.814,-1.719,-1.719,-5.032,否,405340000.0,109300000.0,7968984400.0,2148838000.0,59.072367,4.004511,1.162654,19.78,19.75,20.03,20.24,19.03,18.05,17.99,2021-07-05,-
2023-03-17,301017,漱玉平民,医药商业,19.61,19.73,19.12,19.36,19.12,1877000,36714853.0,1.7173,-0.407,3.1,否,0.71,-1.826,-1.576,-0.921,-4.489,否,405340000.0,109300000.0,7936557200.0,2140094000.0,58.831992,3.988216,1.157923,19.78,19.73,19.92,20.18,19.02,18.08,17.98,2021-07-05,-
2023-03-20,301017,漱玉平民,医药商业,19.5,19.5,18.42,18.92,18.42,3324869,63105421.8,3.042,-2.298,5.57,否,1.2,-4.203,-2.121,-6.337,-7.346,否,405340000.0,109300000.0,7754154200.0,2090909000.0,57.479877,3.896556,1.131311,19.44,19.61,19.83,20.11,19.01,18.1,17.97,2021-07-05,-
2023-03-21,301017,漱玉平民,医药商业,18.93,19.41,18.76,19.34,18.76,2146900,41675716.0,1.9642,2.248,3.45,否,0.9,-0.514,-6.298,-0.514,-4.916,否,405340000.0,109300000.0,7928450400.0,2137908000.0,58.771898,3.984142,1.15674,19.36,19.6,19.76,20.05,19.02,18.13,17.95,2021-07-05,-
2023-03-22,301017,漱玉平民,医药商业,19.34,19.66,19.16,19.26,19.16,1482619,29021153.75,1.3565,-0.409,2.56,否,0.69,-0.517,-2.333,-2.629,-4.369,否,405340000.0,109300000.0,7896023200.0,2129164000.0,58.531522,3.967847,1.152009,19.26,19.54,19.71,20.01,19.03,18.16,17.94,2021-07-05,-
2023-03-23,301017,漱玉平民,医药商业,19.26,19.48,19.07,19.36,19.07,1650298,32211593.04,1.5099,0.513,2.1,否,0.78,2.326,-1.975,-1.576,-8.203,否,405340000.0,109300000.0,7936557200.0,2140094000.0,58.831992,3.988216,1.157923,19.25,19.51,19.67,19.97,19.04,18.2,17.92,2021-07-05,-
2023-03-24,301017,漱玉平民,医药商业,19.57,21.12,19.51,19.97,19.51,5130830,105812324.52,4.6943,3.167,8.32,否,2.45,3.257,2.726,3.311,-7.03,否,405340000.0,109300000.0,8187868000.0,2207860000.0,60.694904,4.114503,1.194588,19.37,19.58,19.67,19.96,19.08,18.23,17.92,2021-07-05,-
2023-03-27,301017,漱玉平民,医药商业,19.84,20.54,19.54,20.34,19.54,4743108,96159305.77,4.3395,1.832,5.0,否,1.73,5.607,5.062,-1.453,-2.493,否,405340000.0,109300000.0,8337843800.0,2248301000.0,61.806643,4.189867,1.216469,19.65,19.55,19.7,19.96,19.13,18.28,17.91,2021-07-05,-
2023-03-28,301017,漱玉平民,医药商业,19.97,20.75,19.8,20.24,19.8,4038804,82393686.91,3.6952,-0.486,4.72,否,1.33,4.545,6.977,2.637,-1.748,否,405340000.0,109300000.0,8297309800.0,2237371000.0,61.506173,4.169499,1.210556,19.83,19.6,19.71,19.95,19.17,18.32,17.91,2021-07-05,-
2023-03-29,301017,漱玉平民,医药商业,20.72,21.56,20.37,20.86,20.37,7194736,152304319.92,6.5826,3.078,5.86,否,2.11,4.457,7.859,5.62,2.405,否,405340000.0,109300000.0,8552674000.0,2306230000.0,63.399133,4.297822,1.247813,20.15,19.71,19.75,19.98,19.24,18.37,17.91,2021-07-05,-
2023-03-30,301017,漱玉平民,医药商业,20.44,20.87,19.73,20.07,19.73,5174032,105386022.55,4.7338,-3.792,5.5,否,1.14,-1.327,4.206,3.241,-0.298,否,405340000.0,109300000.0,8228402000.0,2218790000.0,60.995374,4.134872,1.200502,20.3,19.77,19.76,19.94,19.3,18.41,17.89,2021-07-05,-
2023-03-31,301017,漱玉平民,医药商业,20.03,21.53,20.03,21.39,20.03,5651439,119637026.38,5.1706,6.552,7.44,否,1.08,5.682,10.486,10.486,7.487,否,405340000.0,109300000.0,8767504200.0,2364159000.0,64.991623,4.405777,1.279156,20.58,19.98,19.85,19.94,19.36,18.47,17.89,2021-07-05,-
2023-04-03,301017,漱玉平民,医药商业,21.45,21.75,20.44,21.18,20.44,6532876,138053964.98,5.977,-0.971,6.15,否,1.22,1.534,6.059,11.945,7.078,否,405340000.0,109300000.0,8682382800.0,2341206000.0,64.360636,4.363002,1.266737,20.75,20.2,19.9,19.95,19.41,18.52,17.89,2021-07-05,-
2023-04-04,301017,漱玉平民,医药商业,20.92,21.59,20.63,20.78,20.63,3692735,78619720.79,3.3785,-1.867,4.58,否,0.65,3.538,2.163,7.446,3.383,否,405340000.0,109300000.0,8520246800.0,2297486000.0,63.158757,4.281527,1.243082,20.86,20.35,19.97,19.96,19.45,18.56,17.89,2021-07-05,-
2023-04-06,301017,漱玉平民,医药商业,20.88,21.27,20.52,20.67,20.52,2694011,56792768.48,2.4648,-0.571,3.62,否,0.48,-3.366,2.125,7.321,3.092,否,405340000.0,109300000.0,8471606000.0,2284370000.0,62.798193,4.257084,1.235985,20.82,20.49,20.01,19.97,19.49,18.61,17.89,2021-07-05,-
2023-04-07,301017,漱玉平民,医药商业,20.64,21.02,20.52,20.94,20.52,2698075,56846069.45,2.4685,1.34,2.44,否,0.57,-1.133,0.384,8.161,5.865,否,405340000.0,109300000.0,8585101200.0,2314974000.0,63.639509,4.314117,1.252544,20.99,20.64,20.08,19.99,19.54,18.66,17.89,2021-07-05,-
2023-04-10,301017,漱玉平民,医药商业,20.76,20.9,20.4,20.52,20.4,2253300,46905629.0,2.0616,-2.03,2.41,否,0.53,-1.251,2.242,2.754,5.015,否,405340000.0,109300000.0,8410805000.0,2267975000.0,62.347488,4.226531,1.227114,20.82,20.7,20.14,20.01,19.59,18.71,17.9,2021-07-05,-
2023-04-11,301017,漱玉平民,医药商业,20.45,21.11,20.45,20.75,20.45,2274120,47896540.3,2.0806,1.157,3.23,否,0.64,0.387,-2.992,2.016,2.723,否,405340000.0,109300000.0,8508086600.0,2294207000.0,63.068616,4.275416,1.241307,20.73,20.74,20.14,20.05,19.65,18.75,17.9,2021-07-05,-
2023-04-12,301017,漱玉平民,医药商业,20.75,21.3,20.56,20.94,20.56,2520056,53324996.64,2.3056,0.905,3.57,否,0.93,0.0,-1.133,3.458,7.716,否,405340000.0,109300000.0,8585101200.0,2314974000.0,63.639509,4.314117,1.252544,20.76,20.81,20.2,20.07,19.71,18.79,17.9,2021-07-05,-
2023-04-13,301017,漱玉平民,医药商业,20.7,20.83,20.41,20.72,20.41,2083070,43411401.35,1.9058,-1.039,2.03,否,0.84,0.975,-0.289,-0.671,4.752,否,405340000.0,109300000.0,8495926400.0,2290928000.0,62.978475,4.269306,1.239533,20.77,20.8,20.25,20.1,19.77,18.83,17.9,2021-07-05,-
2023-04-14,301017,漱玉平民,医药商业,20.62,21.07,20.44,20.66,20.44,2142408,44847051.83,1.9601,-0.334,3.05,否,0.91,-0.434,-0.048,2.94,5.033,否,405340000.0,109300000.0,8467552600.0,2283277000.0,62.768146,4.255048,1.235394,20.72,20.86,20.31,20.13,19.84,18.86,17.9,2021-07-05,-
2023-04-17,301017,漱玉平民,医药商业,20.76,20.76,20.21,20.23,20.21,2123403,43697295.06,1.9427,-2.058,2.68,否,0.94,-3.391,-3.391,-5.423,4.656,否,405340000.0,109300000.0,8293256400.0,2236278000.0,61.476126,4.167462,1.209964,20.66,20.74,20.36,20.15,19.89,18.9,17.91,2021-07-05,-
2023-04-18,301017,漱玉平民,医药商业,20.37,20.37,19.7,19.97,19.7,1971314,39736629.54,1.8036,-1.271,3.32,否,0.88,-3.62,-2.68,-5.713,-3.246,否,405340000.0,109300000.0,8187868000.0,2207860000.0,60.694904,4.114503,1.194588,20.5,20.62,20.41,20.14,19.94,18.93,17.91,2021-07-05,-
2023-04-19,301017,漱玉平民,医药商业,19.97,20.2,19.72,19.77,19.72,1580500,31842858.12,1.446,-1.04,2.43,否,0.73,-4.308,-4.723,-4.86,0.254,否,405340000.0,109300000.0,8102746600.0,2184907000.0,60.063918,4.071728,1.182169,20.27,20.52,20.43,20.15,19.99,18.97,17.92,2021-07-05,-
2023-04-20,301017,漱玉平民,医药商业,19.54,19.95,19.42,19.57,19.42,1505200,29852809.16,1.3771,-1.001,2.7,否,0.76,-3.262,-6.543,-5.322,-0.911,否,405340000.0,109300000.0,8021678600.0,2163047000.0,59.462978,4.03099,1.170342,20.04,20.41,20.45,20.15,20.04,19.0,17.92,2021-07-05,-
2023-04-21,301017,漱玉平民,医药商业,19.56,19.71,19.08,19.08,19.08,1629719,31900867.76,1.4911,-2.476,3.18,否,0.87,-4.457,-7.915,-8.883,-1.852,否,405340000.0,109300000.0,7823062000.0,2109490000.0,57.990676,3.931183,1.141364,19.72,20.22,20.43,20.13,20.08,19.03,17.93,2021-07-05,-
2023-04-24,301017,漱玉平民,医药商业,19.66,20.03,19.23,19.66,19.23,3179850,63117595.7,2.9093,3.005,4.2,否,1.8,-0.556,-4.84,-4.191,1.55,否,405340000.0,109300000.0,8058159200.0,2172884000.0,59.733401,4.049322,1.175664,19.61,20.14,20.42,20.14,20.12,19.06,17.93,2021-07-05,-
2023-04-25,301017,漱玉平民,医药商业,19.58,20.07,19.1,19.32,19.1,1971700,38926744.0,1.8039,-1.71,4.93,否,1.0,-1.277,-4.498,-6.892,2.114,否,405340000.0,109300000.0,7920343600.0,2135722000.0,58.711804,3.980068,1.155557,19.48,19.99,20.37,20.09,20.16,19.09,17.94,2021-07-05,-
2023-04-26,301017,漱玉平民,医药商业,19.39,20.74,19.06,20.74,19.06,3680221,75141891.98,3.3671,7.37,8.7,否,1.86,8.7,3.856,-0.955,7.239,否,405340000.0,109300000.0,8504033200.0,2293114000.0,63.038569,4.27338,1.240716,19.67,19.97,20.39,20.13,20.2,19.14,17.95,2021-07-05,-
2023-04-27,301017,漱玉平民,医药商业,20.36,20.87,19.24,19.59,19.24,6163815,123835842.93,5.6394,-5.577,7.86,否,2.58,-0.356,-0.91,-5.454,1.713,否,405340000.0,109300000.0,8029785400.0,2165233000.0,32.845495,3.72721,0.966507,19.68,19.86,20.33,20.12,20.21,19.17,17.95,2021-07-05,-
2023-04-28,301017,漱玉平民,医药商业,19.67,19.67,18.24,18.74,18.24,4640823,87579277.37,4.2459,-4.341,7.27,否,1.4,-3.002,-4.241,-9.293,-3.202,否,405340000.0,109300000.0,7681193000.0,2071235000.0,31.419593,3.565403,0.924548,19.61,19.67,20.26,20.1,20.17,19.18,17.95,2021-07-05,-
2023-05-04,301017,漱玉平民,医药商业,18.68,18.81,18.29,18.47,18.29,3493600,65277162.3,3.1963,-1.425,2.74,否,0.89,-10.945,-3.197,-8.7,-7.511,否,405340000.0,109300000.0,7571751200.0,2041724000.0,30.971926,3.514603,0.911375,19.37,19.49,20.12,20.07,20.13,19.2,17.95,2021-07-05,-
2023-05-05,301017,漱玉平民,医药商业,18.53,18.53,17.88,18.09,17.88,2697700,49309245.0,2.4682,-2.034,3.53,否,0.68,-7.657,-7.986,-9.414,-11.062,否,405340000.0,109300000.0,7417722000.0,2000190000.0,30.341876,3.443107,0.892836,19.13,19.3,19.96,20.04,20.08,19.21,17.95,2021-07-05,-
2023-05-08,301017,漱玉平民,医药商业,18.06,18.41,17.89,18.37,17.89,1903000,35171837.6,1.7411,1.53,2.9,否,0.46,-1.974,-4.917,-7.081,-9.239,否,405340000.0,109300000.0,7531217200.0,2030794000.0,30.806123,3.495788,0.906497,18.65,19.16,19.84,20.01,20.03,19.23,17.96,2021-07-05,-
2023-05-09,301017,漱玉平民,医药商业,18.26,18.37,17.71,17.73,17.71,1800500,32695221.25,1.6473,-3.498,3.61,否,0.48,-4.006,-14.513,-9.402,-15.005,否,405340000.0,109300000.0,7267746200.0,1959749000.0,29.728406,3.373492,0.874784,18.28,18.98,19.69,19.96,19.98,19.24,17.97,2021-07-05,-
2023-05-10,301017,漱玉平民,医药商业,17.81,17.82,17.36,17.49,17.36,2077795,36756377.5,1.901,-1.339,2.57,否,0.71,-3.317,-10.72,-8.333,-12.855,否,405340000.0,109300000.0,7170464600.0,1933517000.0,29.33048,3.328337,0.863075,18.03,18.82,19.52,19.9,19.93,19.24,17.97,2021-07-05,-
2023-05-11,301017,漱玉平民,医药商业,17.63,17.76,17.4,17.4,17.4,1183566,20994168.31,1.0829,-0.509,2.04,否,0.49,-5.28,-7.15,-11.495,-18.654,否,405340000.0,109300000.0,7133984000.0,1923680000.0,29.181258,3.311403,0.858684,17.82,18.59,19.36,19.81,19.88,19.25,17.98,2021-07-05,-
2023-05-12,301017,漱玉平民,医药商业,17.43,17.65,17.31,17.36,17.31,1360005,24054944.83,1.2443,-0.227,1.93,否,0.7,-2.087,-6.01,-10.145,-18.036,否,405340000.0,109300000.0,7117770400.0,1919308000.0,29.114937,3.303877,0.856732,17.67,18.4,19.2,19.71,19.83,19.26,17.98,2021-07-05,-
2023-05-15,301017,漱玉平民,医药商业,17.36,18.64,17.3,18.5,17.3,3982027,72656426.58,3.6432,6.549,7.69,否,2.39,5.775,2.266,-10.8,-10.972,否,405340000.0,109300000.0,7583911400.0,2045003000.0,31.021667,3.520248,0.912839,17.7,18.17,19.07,19.65,19.8,19.26,17.99,2021-07-05,-
2023-05-16,301017,漱玉平民,医药商业,18.38,18.88,18.14,18.18,18.14,2411855,44812148.74,2.2066,-1.71,3.96,否,1.16,4.483,-1.034,-7.198,-12.046,否,405340000.0,109300000.0,7454202600.0,2010027000.0,30.491098,3.46004,0.897227,17.79,18.03,18.95,19.56,19.77,19.26,17.99,2021-07-05,-
2023-05-17,301017,漱玉平民,医药商业,18.0,18.29,17.83,18.29,17.83,1710764,31312767.76,1.5652,0.598,2.56,否,0.78,5.357,3.158,-2.401,-12.655,否,405340000.0,109300000.0,7498790000.0,2022050000.0,30.673481,3.480737,0.902593,17.95,17.99,18.83,19.5,19.72,19.26,17.99,2021-07-05,-
2023-05-18,301017,漱玉平民,医药商业,18.14,18.38,17.75,17.88,17.75,1936300,35068961.0,1.7715,-2.27,3.46,否,0.91,-3.351,2.23,-3.194,-12.865,否,405340000.0,109300000.0,7328547200.0,1976144000.0,29.97711,3.401714,0.882102,18.04,17.93,18.71,19.39,19.66,19.25,17.99,2021-07-05,-
2023-05-19,301017,漱玉平民,医药商业,17.51,18.33,17.51,18.24,17.51,1725164,31614320.39,1.5784,2.047,4.59,否,0.76,0.33,4.828,0.829,-12.096,否,405340000.0,109300000.0,7478523000.0,2016585000.0,30.59058,3.471329,0.900154,18.22,17.94,18.62,19.29,19.62,19.24,17.99,2021-07-05,-
2023-05-22,301017,漱玉平民,医药商业,18.19,19.14,18.04,18.57,18.04,2503199,47201468.54,2.2902,1.789,6.07,否,1.06,1.531,6.97,1.089,-11.318,否,405340000.0,109300000.0,7612285200.0,2052654000.0,31.137729,3.533418,0.916254,18.23,17.96,18.56,19.21,19.59,19.24,17.99,2021-07-05,-
2023-05-23,301017,漱玉平民,医药商业,18.55,18.94,18.34,18.53,18.34,1897850,35932090.41,1.7364,-0.213,3.19,否,0.92,3.635,0.162,4.512,-10.569,否,405340000.0,109300000.0,7596071600.0,2048282000.0,31.071407,3.525892,0.914303,18.3,18.04,18.51,19.14,19.55,19.24,17.99,2021-07-05,-
2023-05-24,301017,漱玉平民,医药商业,18.37,18.5,18.03,18.29,18.03,1441327,26567583.2,1.3187,-1.281,2.56,否,0.74,0.274,0.605,4.574,-11.471,否,405340000.0,109300000.0,7498790000.0,2022050000.0,30.673481,3.480737,0.902593,18.3,18.12,18.47,19.06,19.52,19.25,17.99,2021-07-05,-
2023-05-25,301017,漱玉平民,医药商业,18.22,18.36,18.05,18.11,18.05,1218800,22401925.0,1.1151,-0.973,1.73,否,0.64,-2.477,-0.984,4.08,-10.479,否,405340000.0,109300000.0,7425828800.0,2002376000.0,30.375037,3.44687,0.893811,18.35,18.2,18.39,18.97,19.49,19.26,17.99,2021-07-05,-
2023-05-26,301017,漱玉平民,医药商业,18.15,18.17,17.88,18.14,17.88,842427,15366104.13,0.7707,0.164,1.64,否,0.48,-2.105,1.454,4.493,-9.164,否,405340000.0,109300000.0,7437989000.0,2005655000.0,30.424777,3.452514,0.895275,18.33,18.27,18.34,18.89,19.47,19.27,17.99,2021-07-05,-
2023-05-29,301017,漱玉平民,医药商业,18.0,18.37,18.0,18.09,18.0,835400,15367943.0,0.7643,-0.273,2.07,否,0.53,-1.093,-0.822,-2.216,-8.498,否,405340000.0,109300000.0,7417722000.0,2000190000.0,30.341876,3.443107,0.892836,18.23,18.23,18.2,18.79,19.43,19.27,17.99,2021-07-05,-
2023-05-30,301017,漱玉平民,医药商业,18.7,18.7,17.81,18.02,17.81,1449190,26363977.2,1.3259,-0.385,4.95,否,1.16,-0.497,-2.962,-0.88,-7.92,否,405340000.0,109300000.0,7344760800.0,1980516000.0,30.043431,3.40924,0.884054,18.13,18.22,18.12,18.7,19.4,19.27,17.99,2021-07-05,-
2023-05-31,301017,漱玉平民,医药商业,17.85,18.33,17.82,17.86,17.82,1410085,25487094.05,1.2901,-0.938,2.87,否,1.22,-1.544,-3.616,-2.351,-6.394,否,405340000.0,109300000.0,7275853000.0,1961935000.0,29.761567,3.377255,0.87576,18.04,18.17,18.08,18.61,19.37,19.27,17.99,2021-07-05,-
2023-06-01,301017,漱玉平民,医药商业,17.84,18.02,17.67,17.71,17.67,1105757,19822562.6,1.0117,-0.836,2.01,否,0.96,-2.101,-3.171,-0.951,-9.919,否,405340000.0,109300000.0,7215052000.0,1945540000.0,29.512863,3.349033,0.868441,17.96,18.16,18.04,18.53,19.34,19.25,17.99,2021-07-05,-
2023-06-02,301017,漱玉平民,医药商业,17.62,17.89,17.61,17.67,17.61,1253695,22241587.9,1.147,-0.225,1.57,否,1.11,-1.942,-2.43,-3.125,-8.54,否,405340000.0,109300000.0,7198838400.0,1941168000.0,29.446542,3.341507,0.86649,17.87,18.1,18.02,18.45,19.3,19.24,18.0,2021-07-05,-
2023-06-05,301017,漱玉平民,医药商业,17.77,18.34,17.52,18.29,17.52,3397320,61768352.81,3.1083,3.547,4.67,否,2.81,2.408,0.827,-1.508,-11.813,否,405340000.0,109300000.0,7454202600.0,2010027000.0,30.491098,3.46004,0.897227,17.91,18.07,18.02,18.4,19.28,19.21,18.0,2021-07-05,-
2023-06-06,301017,漱玉平民,医药商业,18.18,18.29,17.59,17.62,17.59,1911236,34388677.62,1.7486,-3.698,3.86,否,1.11,-0.508,-2.598,-4.911,-10.056,否,405340000.0,109300000.0,7178571400.0,1935703000.0,29.363641,3.3321,0.86405,17.83,17.98,18.01,18.33,19.24,19.18,18.0,2021-07-05,-
2023-06-07,301017,漱玉平民,医药商业,17.72,18.5,17.36,17.93,17.36,3385772,61037814.36,3.0977,1.75,6.49,否,1.86,1.471,-0.499,-1.968,-4.322,否,405340000.0,109300000.0,7304226800.0,1969586000.0,29.877629,3.390426,0.879175,17.84,17.94,18.03,18.3,19.21,19.16,18.0,2021-07-05,-
2023-06-08,301017,漱玉平民,医药商业,18.06,18.06,17.62,17.94,17.62,1340637,24133192.86,1.2266,0.056,2.5,否,0.61,-1.914,0.448,-0.939,-2.87,否,405340000.0,109300000.0,7308280200.0,1970679000.0,29.894209,3.392307,0.879663,17.89,17.93,18.06,18.24,19.19,19.14,18.0,2021-07-05,-
2023-06-09,301017,漱玉平民,医药商业,17.91,18.16,17.62,17.7,17.62,1477500,26443129.0,1.3518,-1.331,3.05,否,0.65,0.454,-0.056,-2.426,-2.156,否,405340000.0,109300000.0,7210998600.0,1944447000.0,29.496283,3.347151,0.867953,17.9,17.88,18.08,18.18,19.14,19.12,18.01,2021-07-05,-
2023-06-12,301017,漱玉平民,医药商业,17.62,17.79,17.32,17.79,17.32,1351204,23871630.59,1.2362,0.506,2.64,否,0.59,-0.781,0.679,-1.658,-3.157,否,405340000.0,109300000.0,7247479200.0,1954284000.0,29.645505,3.364085,0.872344,17.8,17.85,18.04,18.09,19.11,19.09,18.01,2021-07-05,-
2023-06-13,301017,漱玉平民,医药商业,17.86,17.91,17.57,17.65,17.57,765825,13612522.0,0.7007,-0.783,1.9,否,0.4,-1.616,-3.499,-2.053,-0.451,否,405340000.0,109300000.0,7190731600.0,1938982000.0,29.413381,3.337744,0.865514,17.8,17.82,18.02,18.02,19.07,19.06,18.01,2021-07-05,-
2023-06-14,301017,漱玉平民,医药商业,17.57,18.35,17.52,18.26,17.52,3820075,69669479.55,3.495,3.495,4.74,否,2.3,3.164,3.632,2.24,4.403,否,405340000.0,109300000.0,7442042400.0,2006748000.0,30.441358,3.454396,0.895763,17.87,17.86,18.01,18.01,19.05,19.04,18.01,2021-07-05,-
2023-06-15,301017,漱玉平民,医药商业,18.35,18.81,18.17,18.58,18.17,2851219,52992580.32,2.6086,1.743,3.49,否,1.63,4.441,3.625,4.912,6.782,否,405340000.0,109300000.0,7571751200.0,2041724000.0,30.971926,3.514603,0.911375,18.0,17.94,18.05,18.01,19.04,19.03,18.02,2021-07-05,-
2023-06-16,301017,漱玉平民,医药商业,18.45,18.7,18.27,18.31,18.27,1690744,31315339.21,1.5469,-1.445,2.3,否,0.82,3.739,2.062,3.622,5.472,否,405340000.0,109300000.0,7462309400.0,2012213000.0,30.524259,3.463803,0.898202,18.12,18.01,18.05,18.02,19.03,19.02,18.02,2021-07-05,-
2023-06-19,301017,漱玉平民,医药商业,18.21,18.34,17.92,17.98,17.92,1429784,25965346.55,1.3081,-1.847,2.34,否,0.68,-1.533,1.582,-1.695,-2.811,否,405340000.0,109300000.0,7324493800.0,1975051000.0,29.96053,3.399833,0.881614,18.16,17.98,18.02,18.0,19.01,19.01,18.03,2021-07-05,-
2023-06-20,301017,漱玉平民,医药商业,18.06,18.39,17.96,17.98,17.96,1584782,28905190.27,1.4499,0.0,2.43,否,0.75,-3.229,1.068,2.043,-1.1,否,405340000.0,109300000.0,7324493800.0,1975051000.0,29.96053,3.399833,0.881614,18.22,18.01,18.0,18.01,18.98,19.01,18.03,2021-07-05,-
2023-06-21,301017,漱玉平民,医药商业,17.92,17.95,17.67,17.78,17.67,1309261,23415993.41,1.1979,-1.107,1.55,否,0.58,-2.895,0.737,-0.837,-2.788,否,405340000.0,109300000.0,7243425800.0,1953191000.0,29.628925,3.362203,0.871857,18.13,18.0,17.97,18.02,18.96,19.0,18.04,2021-07-05,-
2023-06-26,301017,漱玉平民,医药商业,17.66,17.66,17.27,17.36,17.27,1402359,24513811.17,1.283,-2.35,2.18,否,0.79,-3.448,-4.929,-3.233,-2.908,否,405340000.0,109300000.0,7073183000.0,1907285000.0,28.932554,3.283181,0.851365,17.88,17.94,17.93,18.02,18.91,19.0,18.04,2021-07-05,-
2023-06-27,301017,漱玉平民,医药商业,17.51,17.85,17.27,17.84,17.27,1318100,23422455.0,1.2059,2.751,3.32,否,0.89,-0.779,-3.983,0.791,-2.193,否,405340000.0,109300000.0,7267746200.0,1959749000.0,29.728406,3.373492,0.874784,17.79,17.95,17.92,18.04,18.87,19.0,18.05,2021-07-05,-
2023-06-28,301017,漱玉平民,医药商业,17.74,18.4,17.74,18.31,17.74,2232200,40716585.0,2.0423,2.677,3.74,否,1.58,2.981,0.0,2.923,-1.4,否,405340000.0,109300000.0,7462309400.0,2012213000.0,30.524259,3.463803,0.898202,17.85,18.01,17.93,18.03,18.84,19.01,18.06,2021-07-05,-
2023-06-29,301017,漱玉平民,医药商业,18.25,18.75,18.15,18.52,18.15,1752966,32562087.34,1.6038,1.141,3.26,否,1.12,6.682,3.003,4.929,-0.054,否,405340000.0,109300000.0,7547430800.0,2035166000.0,30.872444,3.503314,0.908448,17.96,18.09,17.95,18.04,18.8,19.02,18.06,2021-07-05,-
2023-06-30,301017,漱玉平民,医药商业,18.53,19.03,18.33,18.94,18.33,1884900,35669854.0,1.7245,2.256,3.76,否,1.18,6.166,5.339,3.724,3.554,否,405340206.0,109300206.0,7717677522.24,2081075922.24,31.568831,3.582338,0.92894,18.19,18.16,18.01,18.06,18.78,19.04,18.07,2021-07-05,-
2023-07-03,301017,漱玉平民,医药商业,18.97,19.1,18.57,18.64,18.57,1200955,22598011.35,1.0988,-1.576,2.78,否,0.7,1.802,4.837,0.323,2.927,否,405340206.0,109300206.0,7596075460.44,2048285860.44,31.071407,3.525892,0.914303,18.45,18.17,18.05,18.09,18.74,19.05,18.07,2021-07-05,-
2023-07-04,301017,漱玉平民,医药商业,18.81,18.81,18.28,18.5,18.28,1243400,23010601.45,1.1376,-0.747,2.83,否,0.74,-0.108,6.567,1.038,1.985,否,405340206.0,109300206.0,7539327831.6,2032983831.6,30.839299,3.499553,0.907473,18.58,18.19,18.1,18.1,18.69,19.05,18.07,2021-07-05,-
2023-07-05,301017,漱玉平民,医药商业,18.41,18.55,18.32,18.39,18.32,693500,12841255.36,0.6345,-0.591,1.24,否,0.42,-2.904,3.083,2.28,1.658,否,405340206.0,109300206.0,7494740408.94,2020960808.94,30.656917,3.478857,0.902106,18.6,18.23,18.1,18.09,18.65,19.05,18.07,2021-07-05,-
2023-07-06,301017,漱玉平民,医药商业,18.39,18.6,18.17,18.45,18.17,964976,17838972.87,0.8829,0.325,2.33,否,0.71,-1.019,0.765,2.614,2.386,否,405340206.0,109300206.0,7519060821.3,2027518821.3,30.756398,3.490146,0.905033,18.58,18.27,18.14,18.09,18.62,19.05,18.07,2021-07-05,-
2023-07-07,301017,漱玉平民,医药商业,18.26,18.54,17.85,18.4,17.85,871800,16100794.0,0.7976,-0.27,3.77,否,0.73,-0.541,-0.648,3.487,3.024,否,405340206.0,109300206.0,7498793811.0,2022053811.0,30.673497,3.480738,0.902594,18.48,18.34,18.17,18.09,18.57,19.06,18.08,2021-07-05,-
2023-07-10,301017,漱玉平民,医药商业,18.45,18.62,18.23,18.54,18.23,729500,13562034.0,0.6674,0.757,2.11,否,0.73,0.816,-2.112,6.797,4.687,否,405340206.0,109300206.0,7555541439.84,2037355839.84,30.905621,3.507079,0.909424,18.46,18.45,18.2,18.11,18.54,19.07,18.08,2021-07-05,-
2023-07-11,301017,漱玉平民,医药商业,18.54,18.55,18.3,18.49,18.3,464548,8600200.52,0.425,-0.268,1.34,否,0.52,0.217,-0.805,3.643,4.641,否,405340206.0,109300206.0,7535274429.54,2031890829.54,30.822719,3.497672,0.906985,18.45,18.52,18.24,18.12,18.5,19.08,18.08,2021-07-05,-
2023-07-12,301017,漱玉平民,医药商业,18.48,18.64,18.3,18.4,18.3,565757,10491900.36,0.5176,-0.484,1.83,否,0.76,0.0,-0.541,0.492,0.601,否,405340206.0,109300206.0,7498793811.0,2022053811.0,30.673497,3.480738,0.902594,18.46,18.53,18.27,18.13,18.46,19.09,18.08,2021-07-05,-
2023-07-13,301017,漱玉平民,医药商业,18.54,18.7,18.29,18.66,18.29,880874,16444205.49,0.8059,1.405,2.22,否,1.22,0.647,1.468,0.756,5.902,否,405340206.0,109300206.0,7604182264.56,2050471864.56,31.104584,3.529657,0.915279,18.5,18.54,18.32,18.15,18.43,19.1,18.09,2021-07-05,-
2023-07-14,301017,漱玉平民,医药商业,18.62,18.65,18.38,18.47,18.38,716275,13289845.0,0.6553,-1.013,1.44,否,1.02,-0.108,0.108,-2.482,3.012,否,405340206.0,109300206.0,7527167625.42,2029704825.42,30.789559,3.493909,0.906009,18.51,18.49,18.33,18.17,18.39,19.11,18.09,2021-07-05,-
2023-07-17,301017,漱玉平民,医药商业,18.41,18.45,18.19,18.4,18.19,817453,15044192.97,0.7479,-0.377,1.4,否,1.22,0.0,0.0,-1.288,2.564,否,405340206.0,109300206.0,7498793811.0,2022053811.0,30.673497,3.480738,0.902594,18.48,18.47,18.32,18.19,18.36,19.13,18.1,2021-07-05,-
2023-07-18,301017,漱玉平民,医药商业,18.65,18.65,18.2,18.34,18.2,609800,11222154.65,0.5579,-0.324,2.43,否,0.89,-1.715,-1.079,-0.865,3.616,否,405340206.0,109300206.0,7474473398.64,2015495798.64,30.574015,3.469449,0.899667,18.45,18.45,18.32,18.22,18.33,19.14,18.11,2021-07-05,-
2023-07-19,301017,漱玉平民,医药商业,18.34,18.57,18.23,18.45,18.23,729040,13498573.73,0.667,0.597,1.84,否,1.02,-0.108,-0.216,0.326,3.71,否,405340206.0,109300206.0,7519060821.3,2027518821.3,30.756398,3.490146,0.905033,18.46,18.46,18.34,18.22,18.31,19.15,18.11,2021-07-05,-
2023-07-20,301017,漱玉平民,医药商业,18.45,18.83,18.39,18.67,18.39,1153050,21647100.0,1.0549,1.186,2.37,否,1.54,1.467,1.467,1.192,5.779,否,405340206.0,109300206.0,7608235666.62,2051564866.62,31.121164,3.531538,0.915767,18.47,18.48,18.38,18.26,18.3,19.17,18.12,2021-07-05,-
2023-07-21,301017,漱玉平民,医药商业,18.73,19.24,18.49,18.93,18.49,2059100,39185036.5,1.8839,1.385,4.0,否,2.56,3.217,1.447,2.88,3.669,否,405340206.0,109300206.0,7713624120.18,2079982920.18,31.552251,3.580457,0.928452,18.56,18.54,18.44,18.29,18.29,19.19,18.13,2021-07-05,-
2023-07-24,301017,漱玉平民,医药商业,19.02,19.25,18.72,18.95,18.72,1341214,25594418.76,1.2271,0.105,2.79,否,1.25,2.71,2.599,2.211,1.991,否,405340206.0,109300206.0,7721730924.3,2082168924.3,31.585412,3.58422,0.929428,18.67,18.58,18.51,18.32,18.28,19.2,18.14,2021-07-05,-
2023-07-25,301017,漱玉平民,医药商业,19.1,19.18,18.78,19.0,18.78,1266700,24155412.0,1.1589,0.263,2.1,否,1.07,1.768,3.261,2.758,3.768,否,405340206.0,109300206.0,7741997934.6,2087633934.6,31.668313,3.593627,0.931867,18.8,18.63,18.57,18.37,18.28,19.22,18.15,2021-07-05,-
2023-07-26,301017,漱玉平民,医药商业,18.99,19.33,18.93,19.21,18.93,1270242,24494561.24,1.1622,1.1,2.09,否,0.97,1.479,4.744,4.402,6.841,否,405340206.0,109300206.0,7827119377.86,2110586977.86,32.016499,3.633138,0.942113,18.95,18.71,18.62,18.41,18.25,19.22,18.16,2021-07-05,-
2023-07-27,301017,漱玉平民,医药商业,19.21,19.55,19.07,19.26,19.07,1609461,31255672.61,1.4725,0.259,2.49,否,1.13,1.636,4.39,3.215,7.119,否,405340206.0,109300206.0,7847386388.16,2116051988.16,32.0994,3.642546,0.944552,19.07,18.77,18.65,18.47,18.24,19.23,18.17,2021-07-05,-
2023-07-28,301017,漱玉平民,医药商业,19.32,19.69,19.27,19.58,19.27,1925103,37700925.73,1.7613,1.653,2.17,否,1.28,3.053,4.874,6.01,10.124,否,405340206.0,109300206.0,7977095254.08,2151028054.08,32.629968,3.702753,0.960165,19.2,18.88,18.69,18.51,18.26,19.21,18.18,2021-07-05,-
2023-07-31,301017,漱玉平民,医药商业,19.4,19.7,19.0,19.04,19.0,1584300,30538816.0,1.4495,-2.744,3.56,否,1.07,-0.885,0.581,3.478,9.677,否,405340206.0,109300206.0,7758211542.84,2092005942.84,31.734634,3.601153,0.933819,19.22,18.94,18.71,18.53,18.27,19.2,18.19,2021-07-05,-
2023-08-01,301017,漱玉平民,医药商业,19.02,19.11,18.75,18.81,18.75,1098010,20833368.15,1.0046,-1.202,1.88,否,0.72,-2.336,-0.739,2.563,5.437,否,405340206.0,109300206.0,7664983295.46,2066866895.46,31.353288,3.557879,0.922597,19.18,18.99,18.72,18.54,18.28,19.18,18.19,2021-07-05,-
2023-08-02,301017,漱玉平民,医药商业,18.81,19.23,18.56,19.15,18.56,1637255,31078139.75,1.4979,1.798,3.54,否,1.09,-2.196,0.789,3.794,4.588,否,405340206.0,109300206.0,7802798965.5,2104028965.5,31.917017,3.621849,0.939186,19.17,19.06,18.76,18.58,18.29,19.16,18.2,2021-07-05,-
2023-08-03,301017,漱玉平民,医药商业,19.13,19.98,18.97,19.85,18.97,2519200,49565810.0,2.3048,3.636,5.3,否,1.6,4.254,3.332,6.32,7.181,否,405340206.0,109300206.0,8086537109.7,2180539109.7,33.077636,3.753553,0.973338,19.29,19.18,18.83,18.64,18.33,19.15,18.21,2021-07-05,-
2023-08-04,301017,漱玉平民,医药商业,19.78,19.91,19.07,19.08,19.07,2296800,44483445.2,2.1014,-3.86,4.26,否,1.31,1.435,-0.935,0.792,0.739,否,405340206.0,109300206.0,7774425151.08,2096377951.08,31.800955,3.608679,0.93577,19.19,19.19,18.86,18.69,18.35,19.14,18.21,2021-07-05,-
2023-08-07,301017,漱玉平民,医药商业,19.01,19.2,18.55,18.72,18.55,1506453,28328977.69,1.3783,-1.877,3.39,否,0.82,-2.245,-4.392,-1.214,0.429,否,405340206.0,109300206.0,7628502676.92,2057029876.92,31.204065,3.540946,0.918206,19.12,19.17,18.87,18.73,18.38,19.13,18.22,2021-07-05,-
2023-08-08,301017,漱玉平民,医药商业,18.62,18.97,18.4,18.8,18.4,1362991,25596372.72,1.247,0.425,3.03,否,0.75,-5.29,-1.261,-1.053,1.622,否,405340206.0,109300206.0,7660929893.4,2065773893.4,31.336708,3.555997,0.922109,19.12,19.15,18.89,18.77,18.4,19.12,18.22,2021-07-05,-
2023-08-09,301017,漱玉平民,医药商业,18.8,19.56,18.67,19.1,18.67,2409891,46333662.9,2.2048,1.587,4.71,否,1.29,0.105,1.542,-0.573,3.861,否,405340206.0,109300206.0,7782531955.2,2098563955.2,31.834116,3.612442,0.936746,19.11,19.14,18.92,18.79,18.41,19.11,18.23,2021-07-05,-
2023-08-10,301017,漱玉平民,医药商业,19.05,19.4,18.78,18.85,18.78,2175575,41720713.63,1.9905,-1.302,3.23,否,1.08,0.694,-1.567,-2.129,2.168,否,405340206.0,109300206.0,7681196903.7,2071238903.7,31.419609,3.565405,0.924549,18.91,19.1,18.93,18.8,18.42,19.1,18.23,2021-07-05,-
2023-08-11,301017,漱玉平民,医药商业,18.95,19.76,18.73,19.35,18.73,3487226,68103181.86,3.1905,2.639,5.44,否,1.79,2.926,-2.519,-1.175,5.163,否,405340206.0,109300206.0,7883867006.7,2125889006.7,32.248622,3.659479,0.948943,18.96,19.08,18.98,18.82,18.44,19.08,18.25,2021-07-05,-
2023-08-14,301017,漱玉平民,医药商业,18.9,22.02,18.9,20.74,18.9,8921417,182204431.21,8.1623,7.198,16.14,否,4.08,8.586,8.7,8.929,11.866,否,405340206.0,109300206.0,8451343295.1,2278909295.1,34.56986,3.922886,1.017248,19.37,19.25,19.09,18.89,18.49,19.08,18.26,2021-07-05,-
2023-08-15,301017,漱玉平民,医药商业,20.4,23.77,20.12,22.32,20.12,17115959,374922659.26,15.6596,7.626,17.6,否,4.66,18.408,19.231,18.66,20.714,否,405340206.0,109300206.0,9095834222.64,2452696622.64,37.206123,4.222041,1.094822,20.07,19.6,19.29,19.01,18.56,19.09,18.29,2021-07-05,-
2023-08-16,301017,漱玉平民,医药商业,21.59,22.75,20.97,21.44,20.97,12751893,277338715.7,11.6669,-3.966,7.98,否,1.87,10.801,14.043,11.958,16.522,否,405340206.0,109300206.0,8735081439.3,2355419439.3,35.730479,4.05459,1.0514,20.54,19.83,19.44,19.12,18.6,19.09,18.31,2021-07-05,-
2023-08-17,301017,漱玉平民,医药商业,20.99,22.12,20.7,21.8,20.7,11983351,257556833.65,10.9637,1.717,6.64,否,1.35,5.111,14.136,9.824,16.827,否,405340206.0,109300206.0,8885057315.52,2395860515.52,36.343949,4.124204,1.069452,21.13,20.02,19.6,19.23,18.66,19.11,18.33,2021-07-05,-
2023-08-18,301017,漱玉平民,医药商业,21.39,21.39,19.37,19.37,19.37,12019861,240400902.18,10.9971,-11.177,9.26,否,1.11,-13.217,2.759,1.52,4.873,否,405340206.0,109300206.0,7891973810.82,2128075010.82,32.281783,3.663242,0.949919,21.13,20.05,19.62,19.26,18.68,19.1,18.34,2021-07-05,-
2023-08-21,301017,漱玉平民,医药商业,19.0,19.27,18.65,18.93,18.65,6374133,121882436.59,5.8318,-2.26,3.18,否,0.51,-11.707,-2.171,1.122,2.88,否,405340206.0,109300206.0,7713624120.18,2079982920.18,31.552251,3.580457,0.928452,20.77,20.07,19.62,19.27,18.69,19.09,18.34,2021-07-05,-
2023-08-22,301017,漱玉平民,医药商业,18.96,18.99,17.71,18.61,17.71,7864443,144285788.98,7.1953,-1.682,6.78,否,0.65,-14.633,-10.27,-1.011,1.472,否,405340206.0,109300206.0,7583915254.26,2045006854.26,31.021682,3.520249,0.91284,20.03,20.05,19.6,19.28,18.7,19.08,18.35,2021-07-05,-
2023-08-23,301017,漱玉平民,医药商业,18.37,20.19,18.1,18.97,18.1,7817638,151844016.93,7.1524,1.924,11.22,否,0.77,-2.065,-15.009,-0.681,2.818,否,405340206.0,109300206.0,7729837728.42,2084354928.42,31.618572,3.587983,0.930404,19.54,20.04,19.59,19.3,18.71,19.07,18.35,2021-07-05,-
2023-08-24,301017,漱玉平民,医药商业,18.43,19.05,17.96,18.73,17.96,6349681,117211382.27,5.8094,-1.259,5.77,否,0.69,-1.057,-12.64,-0.637,0.321,否,405340206.0,109300206.0,7632556078.98,2058122878.98,31.220646,3.542827,0.918694,18.92,20.03,19.56,19.3,18.72,19.06,18.36,2021-07-05,-
2023-08-25,301017,漱玉平民,医药商业,18.6,18.78,18.16,18.26,18.16,2876676,53233194.03,2.6319,-2.496,3.29,否,0.36,-1.881,-16.239,-5.633,-3.539,否,405340206.0,109300206.0,7442046182.16,2006751782.16,30.441373,3.454398,0.895763,18.7,19.92,19.5,19.29,18.73,19.05,18.36,2021-07-05,-
2023-08-28,301017,漱玉平民,医药商业,19.05,19.39,17.95,18.01,17.95,3358669,62363713.96,3.0729,-1.362,7.9,否,0.54,-5.061,-7.021,-13.163,-4.96,否,405340206.0,109300206.0,7340711130.66,1979426730.66,30.026866,3.407361,0.883566,18.52,19.64,19.44,19.28,18.74,19.04,18.37,2021-07-05,-
2023-08-29,301017,漱玉平民,医药商业,17.75,18.78,17.75,18.72,17.75,3040652,56386750.04,2.7819,3.921,5.74,否,0.54,-0.053,-1.109,-16.129,-1.474,否,405340206.0,109300206.0,7628502676.92,2057029876.92,31.204065,3.540946,0.918206,18.54,19.28,19.44,19.29,18.75,19.02,18.37,2021-07-05,-
2023-08-30,301017,漱玉平民,医药商业,18.79,19.79,18.55,19.68,18.55,5292046,103517592.99,4.8418,5.101,6.59,否,1.13,7.777,5.75,-8.209,2.447,否,405340206.0,109300206.0,8017629274.68,2161958074.68,31.203558,3.659272,0.922152,18.68,19.11,19.47,19.33,18.78,19.03,18.38,2021-07-05,-
2023-08-31,301017,漱玉平民,医药商业,19.42,20.14,19.15,19.83,19.15,4727429,93757843.88,4.3252,0.758,5.06,否,1.13,10.105,4.533,-9.037,2.96,否,405340206.0,109300206.0,8078430305.58,2178353105.58,31.440187,3.687022,0.929145,18.9,18.91,19.47,19.37,18.81,19.03,18.4,2021-07-05,-
2023-09-01,301017,漱玉平民,医药商业,19.8,20.04,19.46,19.56,19.46,2423700,47959399.0,2.2175,-1.355,2.96,否,0.63,4.487,4.431,0.981,-0.102,否,405340206.0,109300206.0,7968988449.96,2148842049.96,31.014254,3.637072,0.916558,19.16,18.93,19.49,19.39,18.84,19.03,18.41,2021-07-05,-
2023-09-04,301017,漱玉平民,医药商业,19.42,19.76,19.04,19.25,19.04,2341800,45338263.0,2.1425,-1.577,3.66,否,0.62,-2.185,5.422,1.69,1.103,否,405340206.0,109300206.0,7843332986.1,2114958986.1,30.525219,3.579723,0.902105,19.41,18.96,19.52,19.4,18.86,19.02,18.42,2021-07-05,-
2023-09-05,301017,漱玉平民,医药商业,19.11,19.39,19.09,19.29,19.09,1603561,31025764.51,1.4671,0.207,1.55,否,0.45,-2.723,7.107,3.654,2.552,否,405340206.0,109300206.0,7859546594.34,2119330994.34,30.588321,3.587123,0.90397,19.52,19.03,19.54,19.41,18.89,19.01,18.43,2021-07-05,-
2023-09-06,301017,漱玉平民,医药商业,19.26,19.26,18.86,18.92,18.86,1840194,35095197.12,1.6836,-1.908,2.06,否,0.56,-3.272,1.068,-0.264,-1.201,否,405340206.0,109300206.0,7709570718.12,2078889918.12,30.004634,3.518673,0.88672,19.37,19.03,19.53,19.4,18.91,19.01,18.44,2021-07-05,-
2023-09-07,301017,漱玉平民,医药商业,18.9,19.58,18.8,19.41,18.8,2571594,49764560.06,2.3528,2.576,4.1,否,0.99,0.831,-1.372,3.631,-2.217,否,405340206.0,109300206.0,7908187419.06,2132447019.06,30.777624,3.609323,0.909564,19.29,19.09,19.56,19.41,18.94,19.0,18.45,2021-07-05,-
2023-09-08,301017,漱玉平民,医药商业,19.41,19.41,18.92,19.05,18.92,1693300,32445876.0,1.5492,-1.845,2.51,否,0.79,-1.244,-3.933,4.326,-0.157,否,405340206.0,109300206.0,7762264944.9,2093098944.9,30.209713,3.542723,0.892781,19.18,19.17,19.54,19.39,18.95,19.0,18.46,2021-07-05,-
2023-09-11,301017,漱玉平民,医药商业,18.95,19.38,18.9,19.15,18.9,1563860,30185641.26,1.4308,0.522,2.51,否,0.78,1.216,-2.096,6.33,2.297,否,405340206.0,109300206.0,7802798965.5,2104028965.5,30.367466,3.561223,0.897443,19.16,19.29,19.47,19.39,18.96,19.0,18.47,2021-07-05,-
2023-09-12,301017,漱玉平民,医药商业,19.15,19.48,19.0,19.14,19.0,1912300,36999173.0,1.7496,-0.052,2.49,否,1.03,-1.391,-0.571,2.244,1.809,否,405340206.0,109300206.0,7798745563.44,2102935963.44,30.351691,3.559373,0.896977,19.13,19.33,19.31,19.4,18.97,19.0,18.48,2021-07-05,-
2023-09-13,301017,漱玉平民,医药商业,19.05,19.29,18.57,18.87,18.57,1654700,31371130.0,1.5139,-1.403,3.74,否,0.86,-0.945,-2.177,-4.116,-1.204,否,405340206.0,109300206.0,7689303707.82,2073424907.82,29.925758,3.509423,0.884389,19.12,19.25,19.18,19.39,18.99,19.0,18.48,2021-07-05,-
2023-09-14,301017,漱玉平民,医药商业,19.3,19.3,18.68,18.83,18.68,1667100,31736778.0,1.5252,-0.211,3.27,否,0.89,-1.671,-0.476,-5.043,-0.106,否,405340206.0,109300206.0,7673090099.58,2069052899.58,29.862657,3.502024,0.882525,19.01,19.15,19.03,19.36,19.0,18.99,18.49,2021-07-05,-
2023-09-15,301017,漱玉平民,医药商业,18.88,19.54,18.8,19.34,18.8,2713644,52528247.28,2.4827,2.694,3.91,否,1.6,1.045,-0.361,-1.125,-0.052,否,405340206.0,109300206.0,7879813604.64,2124796004.64,30.667197,3.596373,0.906301,19.07,19.13,19.03,19.37,19.03,18.99,18.5,2021-07-05,-
2023-09-18,301017,漱玉平民,医药商业,19.38,19.39,19.05,19.31,19.05,1751932,33835064.51,1.6029,-0.154,1.75,否,0.92,2.332,1.365,0.312,-6.895,否,405340206.0,109300206.0,7867653398.46,2121516998.46,30.619871,3.590823,0.904902,19.1,19.13,19.05,19.39,19.06,18.99,18.51,2021-07-05,-
2023-09-19,301017,漱玉平民,医药商业,19.21,19.58,19.12,19.17,19.12,1706100,33059833.0,1.5609,-0.721,2.37,否,0.88,1.806,0.104,-0.622,-14.113,否,405340206.0,109300206.0,7810905769.62,2106214969.62,30.399017,3.564923,0.898376,19.1,19.12,19.07,19.4,19.08,18.98,18.52,2021-07-05,-
2023-09-20,301017,漱玉平民,医药商业,19.08,19.46,18.9,18.9,18.9,1486400,28558197.36,1.3599,-1.401,2.91,否,0.78,-2.275,-1.254,-0.106,-11.847,否,405340206.0,109300206.0,7701463914.0,2076703914.0,29.973084,3.514973,0.885788,19.11,19.12,19.07,19.39,19.09,18.97,18.53,2021-07-05,-
2023-09-21,301017,漱玉平民,医药商业,18.79,18.96,18.51,18.51,18.51,1313155,24674777.7,1.2014,-2.053,2.37,否,0.7,-4.143,-1.908,-4.637,-15.092,否,405340206.0,109300206.0,7543381233.66,2034076833.66,29.357847,3.442824,0.867606,19.05,19.03,19.06,19.38,19.09,18.95,18.54,2021-07-05,-
2023-09-22,301017,漱玉平民,医药商业,18.51,18.8,18.41,18.74,18.41,1201955,22534143.2,1.0997,1.236,2.1,否,0.67,-2.243,-0.478,-1.627,-3.252,否,405340206.0,109300206.0,7636609481.04,2059215881.04,29.720679,3.485374,0.878329,18.93,19.0,19.08,19.36,19.09,18.94,18.54,2021-07-05,-
2023-09-25,301017,漱玉平民,医药商业,18.81,18.97,18.5,18.74,18.5,1050200,19843211.0,0.9608,0.0,2.49,否,0.7,-0.847,-3.102,-2.141,-1.004,否,405340206.0,109300206.0,7636609481.04,2059215881.04,29.720679,3.485374,0.878329,18.81,18.96,19.12,19.3,19.09,18.91,18.55,2021-07-05,-
2023-09-26,301017,漱玉平民,医药商业,18.65,18.85,18.45,18.65,18.45,1951092,36471259.96,1.7851,-0.478,2.12,否,1.44,0.756,-3.418,-2.56,0.215,否,405340206.0,109300206.0,7600128862.5,2049378862.5,29.578701,3.468724,0.874133,18.71,18.91,19.12,19.17,19.09,18.89,18.57,2021-07-05,-
2023-09-27,301017,漱玉平民,医药商业,18.64,19.92,18.64,19.75,18.64,4532238,89129192.27,4.1466,5.867,6.88,否,3.24,5.39,3.026,4.663,4.112,否,405340206.0,109300206.0,8046003089.1,2169609089.1,31.313985,3.672222,0.925415,18.88,18.99,19.12,19.12,19.12,18.88,18.58,2021-07-05,-
2023-09-28,301017,漱玉平民,医药商业,19.92,19.99,19.36,19.46,19.36,2082200,41033798.82,1.905,-1.461,3.22,否,1.04,3.842,2.963,3.346,3.897,否,405340206.0,109300206.0,7928454429.36,2137912029.36,30.856501,3.618573,0.911895,19.07,19.06,19.1,19.04,19.13,18.87,18.6,2021-07-05,-
2023-10-09,301017,漱玉平民,医药商业,19.35,19.46,18.88,19.16,18.88,1545323,29697795.87,1.4138,-1.534,2.97,否,0.71,2.735,3.512,-0.931,4.929,否,405340275.0,109300275.0,7806853696.5,2105123296.5,30.383242,3.563073,0.897909,19.15,19.04,19.08,19.03,19.15,18.86,18.61,2021-07-05,-
2023-10-10,301017,漱玉平民,医药商业,19.24,19.3,18.37,18.66,18.37,2328588,43714947.89,2.1305,-2.596,4.83,否,1.04,-5.519,-0.427,-3.366,3.609,否,405340275.0,109300275.0,7604183559.0,2050473159.0,29.594481,3.470574,0.874599,19.14,18.97,19.05,19.02,19.15,18.84,18.63,2021-07-05,-
2023-10-11,301017,漱玉平民,医药商业,18.74,19.13,18.66,18.73,18.66,1518736,28824011.28,1.3895,0.373,2.51,否,0.61,-3.751,-0.053,-2.295,0.053,否,405340275.0,109300275.0,7632557378.25,2058124178.25,29.704909,3.483524,0.877863,19.15,18.93,19.02,19.03,19.15,18.83,18.64,2021-07-05,-
2023-10-12,301017,漱玉平民,医药商业,18.8,19.36,18.8,19.13,18.8,1644727,31597802.59,1.5048,2.124,2.97,否,0.68,-0.157,2.574,1.217,-2.795,否,405340275.0,109300275.0,7794693488.25,2101844288.25,30.335921,3.557524,0.896511,19.03,18.95,19.04,19.03,19.16,18.81,18.66,2021-07-05,-
2023-10-13,301017,漱玉平民,医药商业,18.91,19.55,18.81,19.29,18.81,2007867,38801897.39,1.837,0.832,3.85,否,1.1,3.376,-2.329,4.214,-2.723,否,405340275.0,109300275.0,7859547932.25,2119332332.25,30.588326,3.587123,0.90397,18.99,19.03,19.03,19.05,19.17,18.8,18.67,2021-07-05,-
2023-10-16,301017,漱玉平民,医药商业,19.33,19.6,18.78,18.85,18.78,1593078,30540860.29,1.4575,-2.269,4.23,否,0.88,0.641,-3.135,0.587,-3.63,否,405340275.0,109300275.0,7681198211.25,2071240211.25,29.894212,3.505724,0.883457,18.93,19.04,19.02,19.07,19.18,18.78,18.69,2021-07-05,-
2023-10-17,301017,漱玉平民,医药商业,18.83,18.95,18.46,18.71,18.46,1320747,24720229.84,1.2084,-0.739,2.59,否,0.73,-2.196,-2.349,-0.16,-2.805,否,405340275.0,109300275.0,7624450572.75,2055938172.75,29.673358,3.479824,0.87693,18.94,19.04,19.0,19.09,19.19,18.77,18.71,2021-07-05,-
2023-10-18,301017,漱玉平民,医药商业,18.72,18.72,18.05,18.12,18.05,1263258,23127417.14,1.1558,-3.137,3.56,否,0.78,-6.065,-2.894,-2.842,-6.065,否,405340275.0,109300275.0,7385299810.5,1991451010.5,28.742615,3.370675,0.849424,18.82,18.99,18.95,19.07,19.18,18.76,18.72,2021-07-05,-
2023-10-19,301017,漱玉平民,医药商业,18.05,18.28,17.72,17.82,17.72,1062000,19121874.0,0.9716,-1.701,3.13,否,0.68,-5.464,-4.859,-9.772,-5.814,否,405340275.0,109300275.0,7259644325.25,1957567925.25,28.25358,3.313326,0.834972,18.56,18.79,18.89,19.01,19.17,18.74,18.73,2021-07-05,-
2023-10-20,301017,漱玉平民,医药商业,17.86,18.19,17.62,18.04,17.62,1928200,34849936.0,1.7641,1.284,3.24,否,1.33,-3.581,-5.698,-7.297,-7.058,否,405340275.0,109300275.0,7352872588.5,1982706988.5,28.616412,3.355875,0.845695,18.31,18.65,18.85,18.95,19.16,18.73,18.74,2021-07-05,-
2023-10-23,301017,漱玉平民,医药商业,17.77,18.19,17.23,17.37,17.23,1008161,17763342.58,0.9224,-3.749,5.35,否,0.7,-4.139,-9.953,-9.342,-8.819,否,405340275.0,109300275.0,7077241201.5,1908382801.5,27.543691,3.230076,0.813993,18.01,18.47,18.76,18.88,19.13,18.71,18.75,2021-07-05,-
2023-10-24,301017,漱玉平民,医药商业,17.37,17.87,17.22,17.8,17.22,868667,15391124.14,0.7948,2.463,3.72,否,0.66,-0.112,-5.57,-4.609,-7.05,否,405340275.0,109300275.0,7251537519.75,1955381919.75,28.222029,3.309626,0.83404,17.83,18.39,18.68,18.83,19.12,18.7,18.76,2021-07-05,-
2023-10-25,301017,漱玉平民,医药商业,17.92,18.05,17.64,17.67,17.64,827300,14773895.0,0.7569,-0.727,2.35,否,0.67,-2.051,-5.559,-5.659,-7.68,否,405340275.0,109300275.0,7198843284.0,1941172884.0,28.01695,3.285576,0.827979,17.74,18.28,18.61,18.78,19.09,18.68,18.77,2021-07-05,-
2023-10-26,301017,漱玉平民,医药商业,17.44,17.73,17.29,17.64,17.29,979883,17222564.27,0.8965,-0.169,2.48,否,0.86,1.554,-2.649,-7.789,-6.518,否,405340275.0,109300275.0,7186683075.75,1937893875.75,27.969624,3.280026,0.82658,17.7,18.13,18.54,18.73,19.07,18.66,18.77,2021-07-05,-
2023-10-27,301017,漱玉平民,医药商业,17.9,18.41,17.47,18.34,17.47,1456097,26487205.21,1.3322,4.005,5.36,否,1.3,3.034,2.918,-4.925,-2.602,否,405340275.0,109300275.0,7474474671.0,2015497071.0,29.089671,3.411375,0.859681,17.76,18.04,18.53,18.7,19.05,18.65,18.78,2021-07-05,-
2023-10-30,301017,漱玉平民,医药商业,18.3,19.14,18.3,18.94,18.3,2136000,40561345.72,1.9542,3.254,4.56,否,2.08,7.187,4.989,0.477,-2.068,否,405340275.0,109300275.0,7717678836.0,2081077236.0,29.535362,3.534173,0.847171,18.08,18.05,18.54,18.69,19.04,18.65,18.79,2021-07-05,-
2023-10-31,301017,漱玉平民,医药商业,19.01,19.29,18.8,19.02,18.8,1846200,35421318.72,1.6891,0.42,2.57,否,1.47,7.823,9.499,1.657,-1.502,否,405340275.0,109300275.0,7750106058.0,2089821258.0,29.65946,3.549023,0.85073,18.32,18.08,18.56,18.69,19.04,18.65,18.81,2021-07-05,-
2023-11-01,301017,漱玉平民,医药商业,19.11,19.58,18.66,19.47,18.66,2691351,51932254.8,2.4623,2.354,4.81,否,1.86,6.161,9.382,7.45,1.565,否,405340275.0,109300275.0,7932509181.75,2139006381.75,30.357512,3.632551,0.870753,18.68,18.21,18.6,18.7,19.05,18.67,18.82,2021-07-05,-
2023-11-02,301017,漱玉平民,医药商业,19.21,19.5,19.09,19.24,19.09,1984562,38488574.5,1.8157,-1.175,2.1,否,1.09,1.584,8.885,7.969,1.799,否,405340275.0,109300275.0,7839280918.5,2113867318.5,30.00073,3.589859,0.860519,19.0,18.35,18.57,18.71,19.05,18.67,18.83,2021-07-05,-
2023-11-03,301017,漱玉平民,医药商业,19.43,19.43,18.92,19.28,18.92,1456535,28210657.08,1.3326,0.207,2.64,否,0.72,1.367,9.297,6.874,4.16,否,405340275.0,109300275.0,7855494529.5,2118239329.5,30.062779,3.597283,0.862299,19.19,18.48,18.56,18.73,19.04,18.69,18.85,2021-07-05,-
2023-11-06,301017,漱玉平民,医药商业,19.39,19.5,19.05,19.18,19.05,1414366,27264518.53,1.294,-0.516,2.32,否,0.7,-1.489,4.58,10.42,2.348,否,405340275.0,109300275.0,7814960502.0,2107309302.0,29.907656,3.578721,0.857849,19.24,18.66,18.57,18.72,19.05,18.7,18.86,2021-07-05,-
2023-11-07,301017,漱玉平民,医药商业,19.2,19.39,18.97,19.07,18.97,1157700,22236672.0,1.0592,-0.571,2.18,否,0.62,-0.884,0.686,7.135,1.761,否,405340275.0,109300275.0,7770373071.75,2095286271.75,29.737021,3.558303,0.852955,19.25,18.79,18.59,18.72,19.05,18.71,18.88,2021-07-05,-
2023-11-08,301017,漱玉平民,医药商业,19.01,19.77,18.94,19.63,18.94,2823768,55359462.4,2.5835,2.921,4.33,否,1.62,1.815,3.207,11.092,5.255,否,405340275.0,109300275.0,7997363625.75,2156494425.75,30.605709,3.66225,0.877872,19.28,18.98,18.63,18.73,19.07,18.73,18.89,2021-07-05,-
2023-11-09,301017,漱玉平民,医药商业,19.68,19.77,19.15,19.33,19.15,1649668,32147049.64,1.5093,-1.521,3.14,否,0.93,0.782,-0.719,9.58,-2.127,否,405340275.0,109300275.0,7875761543.25,2123704343.25,30.14034,3.606564,0.864523,19.3,19.15,18.64,18.74,19.07,18.74,18.91,2021-07-05,-
2023-11-10,301017,漱玉平民,医药商业,19.46,20.57,19.07,20.39,19.07,5764299,116579228.47,5.2738,5.507,7.77,否,3.39,6.922,5.977,11.178,4.779,否,405340275.0,109300275.0,8309475637.5,2240655637.5,31.800153,3.805176,0.912132,19.52,19.36,18.7,18.81,19.09,18.76,18.93,2021-07-05,-
2023-11-13,301017,漱玉平民,医药商业,20.19,20.39,19.7,20.16,19.7,4016317,80624329.71,3.6746,-1.122,3.41,否,1.57,2.7,4.564,6.441,5.219,否,405340275.0,109300275.0,8216247374.25,2215516574.25,31.443371,3.762484,0.901899,19.72,19.48,18.76,18.85,19.11,18.77,18.94,2021-07-05,-
2023-11-14,301017,漱玉平民,医药商业,20.15,21.28,19.91,21.0,19.91,4496500,93171785.1,4.1139,4.144,6.76,否,1.46,8.639,9.489,10.41,12.54,否,405340275.0,109300275.0,8556733205.25,2307328805.25,32.746402,3.918403,0.939274,20.1,19.68,18.88,18.93,19.11,18.8,18.96,2021-07-05,-
2023-11-15,301017,漱玉平民,医药商业,20.89,20.89,20.24,20.34,20.24,2987407,61573796.88,2.7332,-3.127,3.08,否,0.8,-0.245,6.66,4.468,8.596,否,405340275.0,109300275.0,8289208623.75,2235190623.75,31.722592,3.795895,0.909908,20.24,19.76,18.99,18.99,19.08,18.82,18.97,2021-07-05,-
2023-11-16,301017,漱玉平民,医药商业,20.13,20.34,19.7,19.84,19.7,2146898,43193558.7,1.9642,-2.494,3.18,否,0.57,-1.587,1.07,3.119,3.711,否,405340275.0,109300275.0,8082485083.5,2179447483.5,30.931466,3.70123,0.887216,20.35,19.82,19.09,18.99,19.05,18.83,18.98,2021-07-05,-
2023-11-17,301017,漱玉平民,医药商业,19.8,20.08,19.71,19.96,19.71,1337306,26770868.4,1.2235,0.652,1.91,否,0.34,-4.952,3.259,3.527,3.473,否,405340275.0,109300275.0,8135179319.25,2193656519.25,31.133126,3.72536,0.893,20.26,19.89,19.18,19.01,19.02,18.84,19.0,2021-07-05,-
2023-11-20,301017,漱玉平民,医药商业,20.18,20.38,19.99,20.31,19.99,1680641,34094225.89,1.5376,1.744,1.94,否,0.56,-0.147,-0.392,5.892,7.745,否,405340275.0,109300275.0,8277048415.5,2231911615.5,31.676055,3.790326,0.908573,20.29,20.0,19.33,19.04,19.04,18.86,19.01,2021-07-05,-
2023-11-21,301017,漱玉平民,医药商业,20.3,20.38,19.98,20.07,19.98,1525500,30855950.0,1.3957,-1.175,1.96,否,0.6,1.159,-0.446,5.244,7.269,否,405340275.0,109300275.0,8179766749.5,2205679549.5,31.303761,3.745778,0.897894,20.1,20.1,19.44,19.09,19.06,18.87,19.03,2021-07-05,-
2023-11-22,301017,漱玉平民,医药商业,20.09,20.21,19.91,19.97,19.91,1272839,25678645.29,1.1645,-0.496,1.54,否,0.66,0.05,-4.905,1.732,10.21,否,405340275.0,109300275.0,8139232722.0,2194749522.0,31.148638,3.727216,0.893445,20.03,20.14,19.56,19.13,19.08,18.89,19.04,2021-07-05,-
2023-11-23,301017,漱玉平民,医药商业,19.94,20.31,19.91,20.28,19.91,1155907,23374334.98,1.0576,1.544,2.04,否,0.73,-0.148,-0.295,4.915,13.805,否,405340275.0,109300275.0,8264888207.25,2228632607.25,31.629518,3.784758,0.907238,20.12,20.23,19.69,19.17,19.1,18.91,19.05,2021-07-05,-
2023-11-24,301017,漱玉平民,医药商业,20.26,20.89,20.21,20.83,20.21,3929100,81580334.19,3.5948,2.697,3.33,否,2.82,3.787,4.99,2.158,15.466,否,405340275.0,109300275.0,8487825358.5,2288747758.5,32.482693,3.886848,0.93171,20.29,20.28,19.82,19.22,19.14,18.93,19.06,2021-07-05,-
2023-11-27,301017,漱玉平民,医药商业,20.79,20.83,20.02,20.53,20.02,2940600,60082253.0,2.6904,-1.433,3.87,否,1.54,2.804,2.856,1.835,18.192,否,405340275.0,109300275.0,8366223276.0,2255957676.0,32.017325,3.831162,0.918362,20.34,20.31,19.9,19.28,19.17,18.95,19.07,2021-07-05,-
2023-11-28,301017,漱玉平民,医药商业,20.38,21.02,20.2,20.65,20.2,2280287,47430638.01,2.0863,0.581,3.97,否,1.05,1.824,1.674,-1.667,16.011,否,405340275.0,109300275.0,8414864109.0,2269073709.0,32.203472,3.853437,0.923701,20.45,20.28,19.98,19.34,19.22,18.98,19.07,2021-07-05,-
2023-11-29,301017,漱玉平民,医药商业,20.8,20.88,20.39,20.46,20.39,1200540,24859585.5,1.0984,-0.915,2.36,否,0.52,-1.776,1.943,0.59,15.789,否,405340275.0,109300275.0,8337849456.75,2248306656.75,31.908739,3.818169,0.915247,20.55,20.29,20.03,19.42,19.25,19.0,19.08,2021-07-05,-
2023-11-30,301017,漱玉平民,医药商业,20.63,21.18,20.34,21.09,20.34,2117655,44347199.95,1.9375,3.063,4.08,否,0.92,2.728,5.608,6.3,19.558,否,405340275.0,109300275.0,8593213830.0,2317165830.0,32.886012,3.935109,0.943278,20.71,20.42,20.12,19.53,19.27,19.02,19.09,2021-07-05,-
2023-12-01,301017,漱玉平民,医药商业,21.17,21.98,20.9,21.55,20.9,3219796,69867542.27,2.9458,2.17,5.14,否,1.29,4.358,6.262,7.966,17.503,否,405340275.0,109300275.0,8779670356.5,2367443956.5,33.599577,4.020493,0.963746,20.86,20.57,20.23,19.65,19.3,19.06,19.1,2021-07-05,-
2023-12-04,301017,漱玉平民,医药商业,21.63,22.25,21.16,22.0,21.16,3178169,69439538.67,2.9077,2.124,5.08,否,1.35,7.527,5.617,8.321,16.156,否,405340275.0,109300275.0,8966126883.0,2417722083.0,34.313141,4.105878,0.984213,21.15,20.74,20.37,19.8,19.34,19.09,19.12,2021-07-05,-
2023-12-05,301017,漱玉平民,医药商业,21.96,21.96,21.45,21.53,21.45,1666144,36345155.45,1.5244,-2.17,2.35,否,0.69,2.086,4.871,7.275,13.197,否,405340275.0,109300275.0,8771563551.0,2365257951.0,33.568552,4.016781,0.962856,21.33,20.89,20.5,19.93,19.38,19.12,19.14,2021-07-05,-
2023-12-06,301017,漱玉平民,医药商业,21.69,21.7,20.74,21.03,20.74,1627200,34421779.0,1.4887,-2.311,4.44,否,0.71,-2.413,1.84,5.308,8.012,否,405340275.0,109300275.0,8568893413.5,2310607813.5,32.792939,3.923972,0.940609,21.44,21.0,20.57,20.04,19.41,19.15,19.15,2021-07-05,-
2023-12-07,301017,漱玉平民,医药商业,20.89,21.05,20.66,20.88,20.66,802778,16827499.8,0.7345,-0.71,1.84,否,0.34,-5.091,2.053,2.959,8.524,否,405340275.0,109300275.0,8508092372.25,2294212772.25,32.560255,3.896129,0.933935,21.4,21.06,20.64,20.15,19.44,19.17,19.17,2021-07-05,-
2023-12-08,301017,漱玉平民,医药商业,20.91,21.02,20.37,20.37,20.37,988300,20475011.0,0.9042,-2.43,3.1,否,0.47,-5.388,-3.414,-2.208,5.654,否,405340275.0,109300275.0,8301368832.0,2238469632.0,31.769129,3.801463,0.911242,21.16,21.01,20.64,20.21,19.46,19.2,19.18,2021-07-05,-
2023-12-11,301017,漱玉平民,医药商业,20.41,20.85,20.23,20.53,20.23,1057400,21867957.0,0.9674,0.781,3.03,否,0.64,-2.378,-4.733,0.0,7.039,否,405340275.0,109300275.0,8366223276.0,2255957676.0,32.017325,3.831162,0.918362,20.87,21.01,20.66,20.27,19.48,19.21,19.18,2021-07-05,-
2023-12-12,301017,漱玉平民,医药商业,20.53,20.61,20.26,20.42,20.26,831600,17071217.0,0.7608,-0.533,1.7,否,0.68,-2.203,-7.182,-1.114,7.079,否,405340275.0,109300275.0,8321635845.75,2243934645.75,31.84669,3.810744,0.913467,20.65,20.99,20.63,20.31,19.5,19.23,19.19,2021-07-05,-
2023-12-13,301017,漱玉平民,医药商业,20.69,20.93,20.49,20.58,20.49,943900,19653914.0,0.8636,0.779,2.14,否,0.89,1.031,-4.412,0.587,4.84,否,405340275.0,109300275.0,8386490289.75,2261422689.75,32.094886,3.840443,0.920586,20.56,21.0,20.64,20.35,19.53,19.25,19.19,2021-07-05,-
2023-12-14,301017,漱玉平民,医药商业,20.54,20.84,20.19,20.25,20.19,977900,20105000.0,0.8947,-1.595,3.14,否,1.06,-1.364,-3.709,-3.983,4.759,否,405340275.0,109300275.0,8252727999.0,2225353599.0,31.582982,3.779189,0.905903,20.43,20.91,20.66,20.38,19.55,19.27,19.19,2021-07-05,-
2023-12-15,301017,漱玉平民,医药商业,20.47,20.47,19.75,19.87,19.75,1242431,24942882.45,1.1367,-1.916,3.59,否,1.29,-2.693,-4.837,-7.796,-2.55,否,405340275.0,109300275.0,8094645291.75,2182726491.75,30.978003,3.706798,0.88855,20.33,20.75,20.66,20.4,19.57,19.28,19.18,2021-07-05,-
2023-12-18,301017,漱玉平民,医药商业,19.86,20.03,19.4,19.61,19.4,1671300,33084076.0,1.5291,-1.302,3.2,否,1.65,-4.713,-3.731,-10.864,-2.728,否,405340275.0,109300275.0,7989256820.25,2154308420.25,30.574684,3.658537,0.876982,20.15,20.51,20.63,20.42,19.57,19.3,19.18,2021-07-05,-
2023-12-19,301017,漱玉平民,医药商业,19.73,19.84,18.92,19.17,18.92,2923200,56413557.0,2.6745,-2.232,4.67,否,2.58,-5.333,-6.624,-10.961,-8.714,否,405340275.0,109300275.0,7810907099.25,2106216299.25,29.892144,3.576865,0.857404,19.9,20.27,20.58,20.42,19.57,19.31,19.17,2021-07-05,-
2023-12-20,301017,漱玉平民,医药商业,19.27,19.6,19.02,19.17,19.02,1790600,34590964.0,1.6382,0.0,3.01,否,1.15,-3.523,-6.121,-8.845,-5.752,否,405340275.0,109300275.0,7810907099.25,2106216299.25,29.892144,3.576865,0.857404,19.61,20.09,20.54,20.41,19.57,19.33,19.17,2021-07-05,-
2023-12-21,301017,漱玉平民,医药商业,19.02,19.19,18.71,19.13,18.71,1578047,30078345.4,1.4438,-0.208,2.49,否,0.92,-2.448,-7.046,-8.381,-3.579,否,405340275.0,109300275.0,7794693488.25,2101844288.25,29.830095,3.569441,0.855625,19.39,19.91,20.48,20.4,19.57,19.33,19.16,2021-07-05,-
2023-12-22,301017,漱玉平民,医药商业,18.99,19.26,18.91,19.0,18.91,958200,18328562.0,0.8767,-0.676,1.82,否,0.52,-0.887,-6.173,-6.726,-4.81,否,405340275.0,109300275.0,7741999252.5,2087635252.5,29.628436,3.54531,0.84984,19.22,19.77,20.39,20.35,19.58,19.34,19.15,2021-07-05,-
2023-12-25,301017,漱玉平民,医药商业,18.91,19.97,18.91,19.66,18.91,1914844,37477250.24,1.7519,3.456,5.6,否,1.07,2.556,-1.057,-4.238,-3.2,否,405340275.0,109300275.0,8009523834.0,2159773434.0,30.652245,3.667818,0.879207,19.23,19.69,20.35,20.34,19.6,19.34,19.15,2021-07-05,-
2023-12-26,301017,漱玉平民,医药商业,19.62,19.97,19.33,19.63,19.33,1477400,29084497.0,1.3517,-0.152,3.29,否,0.81,2.614,0.102,-3.869,-2.192,否,405340275.0,109300275.0,7997363625.75,2156494425.75,30.605709,3.66225,0.877872,19.32,19.61,20.3,20.29,19.61,19.35,19.15,2021-07-05,-
2023-12-27,301017,漱玉平民,医药商业,19.38,20.18,19.17,20.0,19.17,2119855,41995733.6,1.9395,1.926,5.17,否,1.37,5.263,4.33,-2.818,0.15,否,405340275.0,109300275.0,8151392930.25,2198028530.25,31.195175,3.732785,0.89478,19.48,19.55,20.27,20.28,19.63,19.36,19.15,2021-07-05,-
2023-12-28,301017,漱玉平民,医药商业,20.19,20.28,19.8,19.82,19.8,1215799,24366571.04,1.1123,-0.945,2.44,否,0.76,0.814,3.391,-2.123,-2.268,否,405340275.0,109300275.0,8074378278.0,2177261478.0,30.900442,3.697517,0.886326,19.62,19.51,20.21,20.28,19.63,19.37,19.15,2021-07-05,-
2023-12-29,301017,漱玉平民,医药商业,19.72,20.43,19.69,20.32,19.69,1552810,31382419.7,1.4207,2.56,3.77,否,1.01,3.515,6.221,2.265,-2.448,否,405340275.0,109300275.0,8281101818.25,2233004618.25,31.691567,3.792183,0.909018,19.89,19.55,20.15,20.29,19.65,19.39,19.16,2021-07-05,-
2024-01-02,301017,漱玉平民,医药商业,20.3,20.39,19.2,20.36,19.2,2884082,57562517.18,2.6387,0.196,5.87,否,1.74,1.8,7.158,3.825,-0.828,否,405340303.0,109300303.0,8297316002.41,2237377202.41,31.753617,3.799607,0.910797,20.03,19.63,20.07,20.29,19.67,19.41,19.17,2021-07-05,-
2024-01-03,301017,漱玉平民,医药商业,20.17,20.39,19.75,20.1,19.75,1864207,37454149.68,1.7056,-1.27,3.18,否,1.01,1.413,2.238,4.851,-2.663,否,405340303.0,109300303.0,8191927523.63,2208959123.63,31.3503,3.751347,0.899229,20.12,19.72,20.0,20.29,19.69,19.42,19.18,2021-07-05,-
2024-01-04,301017,漱玉平民,医药商业,20.07,20.08,19.63,19.94,19.63,899900,17985431.2,0.8233,-0.792,2.28,否,0.47,-1.87,1.579,4.017,-2.542,否,405340303.0,109300303.0,8127073075.15,2191471075.15,31.102103,3.721648,0.89211,20.11,19.8,19.94,20.29,19.71,19.43,19.19,2021-07-05,-
2024-01-05,301017,漱玉平民,医药商业,19.99,20.21,19.64,19.72,19.64,919007,18421511.05,0.8408,-1.147,2.89,否,0.55,-3.143,-1.4,3.084,-6.496,否,405340303.0,109300303.0,8033844805.46,2166332005.46,30.745321,3.678956,0.881876,20.09,19.86,19.88,20.27,19.72,19.44,19.2,2021-07-05,-
2024-01-08,301017,漱玉平民,医药商业,19.7,19.78,19.29,19.32,19.29,754904,14819189.85,0.6907,-2.018,2.47,否,0.46,-3.881,-2.523,1.684,-10.348,否,405340303.0,109300303.0,7871708684.26,2122611884.26,30.12483,3.604708,0.864079,19.89,19.89,19.83,20.22,19.72,19.45,19.21,2021-07-05,-
2024-01-09,301017,漱玉平民,医药商业,19.43,19.66,19.23,19.44,19.23,769500,15037465.0,0.704,0.618,2.21,否,0.53,-2.508,-4.331,-1.119,-11.636,否,405340303.0,109300303.0,7920349520.62,2135727920.62,30.310978,3.626982,0.869418,19.7,19.87,19.78,20.19,19.73,19.46,19.22,2021-07-05,-
2024-01-10,301017,漱玉平民,医药商业,19.41,19.57,19.15,19.41,19.15,954300,18600846.0,0.8731,-0.154,2.15,否,0.92,-1.572,-4.666,-1.121,-9.847,否,405340303.0,109300303.0,7908189311.53,2132448911.53,30.264441,3.621414,0.868083,19.57,19.84,19.73,20.15,19.74,19.46,19.22,2021-07-05,-
2024-01-11,301017,漱玉平民,医药商业,19.49,19.49,18.95,19.22,18.95,1248327,24032411.53,1.1421,-0.974,2.77,否,1.45,-0.518,-4.378,-3.9,-8.607,否,405340303.0,109300303.0,7831174653.96,2111681853.96,29.969708,3.586146,0.859629,19.42,19.77,19.66,20.1,19.76,19.47,19.23,2021-07-05,-
2024-01-12,301017,漱玉平民,医药商业,19.23,19.25,18.94,18.94,18.94,629800,12092727.0,0.5762,-1.449,1.6,否,0.68,-2.572,-5.015,-4.44,-9.291,否,405340303.0,109300303.0,7717679369.12,2081077769.12,29.535364,3.534173,0.847171,19.27,19.68,19.59,20.03,19.78,19.48,19.23,2021-07-05,-
2024-01-15,301017,漱玉平民,医药商业,19.1,19.26,18.82,18.93,18.82,667371,12769459.13,0.6106,-0.053,2.31,否,0.77,-2.473,-4.006,-6.841,-7.069,否,405340303.0,109300303.0,7713625966.09,2079984766.09,29.519852,3.532317,0.846726,19.19,19.54,19.54,19.95,19.8,19.48,19.24,2021-07-05,-
2024-01-16,301017,漱玉平民,医药商业,19.18,19.19,18.54,18.84,18.54,785700,14853932.0,0.7188,-0.473,3.42,否,0.92,-1.977,-2.484,-7.466,-8.232,否,405340303.0,109300303.0,7677145338.82,2070147738.82,29.380241,3.515611,0.842721,19.07,19.39,19.51,19.84,19.82,19.48,19.24,2021-07-05,-
2024-01-17,301017,漱玉平民,医药商业,18.79,19.21,18.58,18.62,18.58,1017100,19374583.0,0.9306,-1.162,3.33,否,1.19,-1.69,-4.218,-7.363,-8.815,否,405340303.0,109300303.0,7587970472.16,2046101672.16,29.038971,3.474775,0.832933,18.91,19.24,19.48,19.74,19.83,19.47,19.24,2021-07-05,-
2024-01-18,301017,漱玉平民,医药商业,18.53,18.61,17.82,18.5,17.82,1198000,21915286.0,1.0961,-0.641,4.27,否,1.38,-2.272,-4.688,-7.222,-10.107,否,405340303.0,109300303.0,7539329635.8,2032985635.8,28.852824,3.452501,0.827593,18.77,19.09,19.45,19.66,19.85,19.47,19.25,2021-07-05,-
2024-01-19,301017,漱玉平民,医药商业,18.5,18.7,18.27,18.5,18.27,650000,12081985.0,0.5947,0.0,2.31,否,0.76,-1.805,-3.746,-6.187,-8.642,否,405340303.0,109300303.0,7539329635.8,2032985635.8,28.852824,3.452501,0.827593,18.68,18.97,19.41,19.58,19.86,19.46,19.25,2021-07-05,-
2024-01-22,301017,漱玉平民,医药商业,18.29,18.38,17.17,17.33,17.17,1067471,18955553.46,0.9766,-6.344,6.56,否,1.24,-6.928,-8.501,-10.3,-12.783,否,405340303.0,109300303.0,7061028078.26,1904011278.26,27.022376,3.233472,0.77509,18.36,18.77,19.33,19.48,19.85,19.45,19.25,2021-07-05,-
2024-01-23,301017,漱玉平民,医药商业,16.98,17.3,16.42,17.04,16.42,1984600,33506890.0,1.8157,-1.665,5.05,否,2.1,-7.892,-9.984,-12.346,-13.106,否,405340303.0,109300303.0,6943479390.39,1872314190.39,26.57252,3.179642,0.762187,18.0,18.53,19.2,19.36,19.81,19.43,19.25,2021-07-05,-
2024-01-24,301017,漱玉平民,医药商业,16.96,17.64,16.56,17.47,16.56,1310940,22396341.0,1.1994,2.51,6.3,否,1.11,-5.568,-7.272,-9.995,-8.868,否,405340303.0,109300303.0,7117775720.68,1919313320.68,27.239548,3.259458,0.781319,17.77,18.34,19.09,19.26,19.79,19.41,19.26,2021-07-05,-
2024-01-25,301017,漱玉平民,医药商业,17.47,17.71,17.05,17.62,17.05,842940,14811636.6,0.7712,0.854,3.76,否,0.68,1.673,-5.371,-8.325,-8.086,否,405340303.0,109300303.0,7178576766.13,1935708366.13,27.472232,3.287301,0.787993,17.59,18.18,18.97,19.16,19.76,19.4,19.26,2021-07-05,-
2024-01-26,301017,漱玉平民,医药商业,17.52,17.69,16.97,17.04,16.97,1754100,30534339.0,1.6048,-3.275,4.07,否,1.5,0.0,-7.892,-10.032,-10.925,否,405340303.0,109300303.0,6943479390.39,1872314190.39,26.57252,3.179642,0.762187,17.3,17.99,18.83,19.06,19.72,19.39,19.26,2021-07-05,-
2024-01-29,301017,漱玉平民,医药商业,17.26,17.26,16.31,16.46,16.31,1430807,23920819.7,1.3091,-3.386,5.55,否,1.03,-5.781,-11.027,-13.048,-13.368,否,405340303.0,109300303.0,6708382014.65,1808920014.65,25.672808,3.071984,0.73638,17.13,17.74,18.64,18.94,19.67,19.36,19.26,2021-07-05,-
2024-01-30,301017,漱玉平民,医药商业,16.4,16.54,15.87,16.14,15.87,1849030,30179401.0,1.6917,-1.934,4.11,否,1.26,-8.4,-6.867,-14.331,-17.904,否,405340303.0,109300303.0,6578673117.69,1773943917.69,25.176416,3.012586,0.722142,16.95,17.47,18.43,18.83,19.62,19.33,19.26,2021-07-05,-
2024-01-31,301017,漱玉平民,医药商业,16.31,16.39,14.96,15.09,14.96,2137700,33344339.0,1.9558,-6.531,8.87,否,1.49,-11.444,-11.444,-18.958,-23.128,否,405340303.0,109300303.0,6149012396.51,1658085596.51,23.532115,2.81583,0.674978,16.47,17.12,18.18,18.69,19.56,19.3,19.25,2021-07-05,-
2024-02-01,301017,漱玉平民,医药商业,15.08,15.21,14.57,14.87,14.57,1486165,22262921.35,1.3597,-1.45,4.22,否,0.93,-9.66,-14.883,-19.622,-25.65,否,405340303.0,109300303.0,6059837529.85,1634039529.85,23.190845,2.774994,0.665189,15.92,16.76,17.93,18.55,19.48,19.27,19.24,2021-07-05,-
2024-02-02,301017,漱玉平民,医药商业,15.0,15.12,13.45,14.06,13.45,2136500,30531919.0,1.9547,-5.485,11.24,否,1.23,-12.887,-20.204,-24.0,-29.062,否,405340303.0,109300303.0,5727458481.39,1544413281.39,21.918839,2.622787,0.628704,15.32,16.31,17.64,18.38,19.39,19.23,19.22,2021-07-05,-
2024-02-05,301017,漱玉平民,医药商业,14.04,14.05,12.54,12.96,12.54,2478861,32703304.4,2.2679,-7.785,10.69,否,1.37,-14.115,-23.944,-25.216,-36.22,否,405340303.0,109300303.0,5281584148.09,1424182948.09,20.212489,2.418607,0.57976,14.62,15.88,17.32,18.18,19.27,19.18,19.2,2021-07-05,-
2024-02-06,301017,漱玉平民,医药商业,13.06,13.74,12.34,13.17,12.34,3032818,39709474.06,2.7748,1.612,10.74,否,1.5,-11.432,-19.988,-22.711,-35.314,否,405340303.0,109300303.0,5366705611.72,1447136011.72,20.538247,2.457587,0.589104,14.03,15.49,17.01,17.96,19.15,19.13,19.17,2021-07-05,-
2024-02-07,301017,漱玉平民,医药商业,13.58,13.58,12.05,12.44,12.05,4019000,51199714.48,3.677,-5.514,11.63,否,1.78,-11.522,-22.924,-28.792,-38.109,否,405340303.0,109300303.0,5070807190.53,1367346790.53,19.405851,2.322086,0.556623,13.5,14.99,16.66,17.72,19.01,19.06,19.13,2021-07-05,-
2024-02-08,301017,漱玉平民,医药商业,12.45,13.65,9.96,13.12,9.96,9430278,118860722.19,8.6279,5.436,29.66,否,3.58,1.235,-13.055,-25.539,-34.203,否,405340303.0,109300303.0,5346438596.57,1441670996.57,20.460685,2.448306,0.586879,13.15,14.54,16.36,17.49,18.89,18.98,19.1,2021-07-05,-
2024-02-19,301017,漱玉平民,医药商业,13.32,13.51,12.73,13.3,12.73,8164741,107776420.2,7.47,1.365,5.91,否,1.94,0.987,-10.558,-21.948,-32.556,否,405340303.0,109300303.0,5419399851.11,1461345051.11,20.739906,2.481717,0.594888,13.0,14.16,16.08,17.28,18.78,18.91,19.07,2021-07-05,-
2024-02-20,301017,漱玉平民,医药商业,13.32,14.21,13.32,13.78,13.32,8880733,122600133.89,8.1251,3.59,6.66,否,1.64,10.772,-1.991,-16.282,-28.675,否,405340303.0,109300303.0,5613963196.55,1513809196.55,21.484495,2.570814,0.616246,13.16,13.89,15.82,17.06,18.67,18.85,19.04,2021-07-05,-
2024-02-21,301017,漱玉平民,医药商业,13.52,14.18,13.24,13.97,13.24,10607425,146638096.61,9.7048,1.372,6.79,否,1.58,6.479,7.793,-13.445,-28.138,否,405340303.0,109300303.0,5690977854.12,1534576254.12,21.779228,2.606082,0.624699,13.32,13.68,15.57,16.84,18.57,18.8,19.02,2021-07-05,-
2024-02-22,301017,漱玉平民,医药商业,13.64,14.11,13.46,14.11,13.46,8615060,120381985.17,7.882,0.997,4.63,否,1.05,6.09,7.137,-6.494,-27.306,否,405340303.0,109300303.0,5747725496.54,1549878296.54,21.9964,2.632068,0.630929,13.66,13.58,15.35,16.65,18.47,18.76,18.99,2021-07-05,-
2024-02-23,301017,漱玉平民,医药商业,14.13,14.35,13.85,14.22,13.85,9077460,128467987.05,8.3051,0.846,3.6,否,0.99,3.193,14.309,-4.371,-26.015,否,405340303.0,109300303.0,5796366332.9,1562994332.9,22.182548,2.654342,0.636268,13.88,13.51,15.13,16.45,18.37,18.73,18.97,2021-07-05,-
2024-02-26,301017,漱玉平民,医药商业,14.27,16.1,14.22,15.49,14.22,11008776,163258081.32,10.072,8.881,13.15,否,1.21,10.88,18.064,10.171,-18.215,否,405340303.0,109300303.0,6311148517.71,1701805717.71,24.152606,2.890078,0.692776,14.31,13.66,14.98,16.31,18.29,18.7,18.95,2021-07-05,-
2024-02-27,301017,漱玉平民,医药商业,15.14,15.58,14.96,15.42,14.96,8497038,130811073.39,7.774,-0.45,3.98,否,0.88,9.284,15.94,18.981,-18.542,否,405340303.0,109300303.0,6282774696.5,1694154696.5,24.04402,2.877084,0.689661,14.64,13.9,14.89,16.18,18.2,18.67,18.93,2021-07-05,-
2024-02-28,301017,漱玉平民,医药商业,15.41,15.78,13.98,13.99,13.98,9364824,141177353.84,8.568,-9.29,11.68,否,0.98,-1.617,1.524,6.226,-25.743,否,405340303.0,109300303.0,5699084660.18,1536762260.18,21.810253,2.609794,0.625589,14.65,13.98,14.74,16.0,18.09,18.63,18.9,2021-07-05,-
2024-02-29,301017,漱玉平民,医药商业,13.71,14.41,13.59,14.31,13.59,5970012,84780933.66,5.462,2.347,5.9,否,0.64,-7.618,2.434,15.032,-23.147,否,405340303.0,109300303.0,5832846960.17,1572831360.17,22.322158,2.671048,0.640272,14.69,14.17,14.58,15.83,17.99,18.6,18.87,2021-07-05,-
2024-03-01,301017,漱玉平民,医药商业,14.36,14.46,13.85,14.2,13.85,5790955,82397833.55,5.2982,-0.834,4.31,否,0.66,-7.912,0.638,8.232,-23.243,否,405340303.0,109300303.0,5784206123.81,1559715323.81,22.136011,2.648774,0.634933,14.68,14.28,14.41,15.66,17.88,18.57,18.84,2021-07-05,-
2024-03-04,301017,漱玉平民,医药商业,14.22,14.45,13.95,14.19,13.95,4774695,67881631.8,4.3684,-0.07,3.57,否,0.59,1.43,-0.211,6.692,-23.297,否,405340303.0,109300303.0,5780152720.78,1558622320.78,22.120498,2.646918,0.634488,14.42,14.37,14.26,15.51,17.77,18.52,18.82,2021-07-05,-
2024-03-05,301017,漱玉平民,医药商业,14.21,14.21,13.65,13.84,13.65,4048049,56511292.76,3.7036,-2.454,3.93,否,0.59,-3.284,-10.652,0.435,-20.138,否,405340303.0,109300303.0,5638283614.73,1520367214.73,21.577569,2.581951,0.618915,14.11,14.37,14.13,15.34,17.64,18.47,18.79,2021-07-05,-
2024-03-06,301017,漱玉平民,医药商业,13.85,14.07,13.63,13.85,13.63,3057377,42536118.15,2.7972,0.072,3.16,否,0.51,-2.465,-10.182,-0.859,-18.721,否,405340303.0,109300303.0,5642337017.76,1521460217.76,21.593081,2.583807,0.61936,14.08,14.36,14.02,15.17,17.5,18.42,18.77,2021-07-05,-
2024-03-07,301017,漱玉平民,医药商业,13.9,14.11,13.64,13.64,13.64,3505886,48935893.96,3.2076,-1.509,3.38,否,0.74,-3.876,-2.502,-3.331,-21.923,否,405340303.0,109300303.0,5557215554.13,1498507154.13,21.267324,2.544828,0.610016,13.94,14.32,13.95,15.0,17.37,18.38,18.74,2021-07-05,-
2024-03-08,301017,漱玉平民,医药商业,13.63,13.99,13.63,13.84,13.63,3387416,47049777.88,3.0992,1.459,2.63,否,0.8,0.0,-3.284,-2.672,-21.453,否,405340303.0,109300303.0,5638283614.73,1520367214.73,21.577569,2.581951,0.618915,13.87,14.28,13.9,14.85,17.25,18.33,18.72,2021-07-05,-
2024-03-11,301017,漱玉平民,医药商业,13.73,14.07,13.68,14.04,13.68,4246553,59101854.47,3.8852,1.438,2.8,否,1.13,1.372,-1.127,-9.361,-17.606,否,405340303.0,109300303.0,5719351675.33,1542227275.33,21.887814,2.619075,0.627814,13.84,14.13,13.89,14.7,17.14,18.29,18.69,2021-07-05,-
2024-03-12,301017,漱玉平民,医药商业,14.07,14.39,14.03,14.39,14.03,5554181,79580072.08,5.0816,2.551,2.62,否,1.52,5.499,1.409,-6.68,-12.576,否,405340303.0,109300303.0,5865274184.41,1581575384.41,22.446256,2.685897,0.643832,13.95,14.03,13.97,14.6,17.04,18.25,18.67,2021-07-05,-
2024-03-13,301017,漱玉平民,医药商业,14.37,14.58,14.14,14.38,14.14,4458653,64188299.49,4.0793,-0.069,3.11,否,1.13,3.902,3.902,2.788,-10.905,否,405340303.0,109300303.0,5861220781.38,1580482381.38,22.430744,2.684041,0.643387,14.06,14.07,14.03,14.51,16.94,18.21,18.65,2021-07-05,-
2024-03-14,301017,漱玉平民,医药商业,14.46,14.76,14.18,14.32,14.18,4264833,61795017.51,3.9019,-0.415,4.08,否,1.01,1.994,3.394,0.07,-5.103,否,405340303.0,109300303.0,5836900363.2,1573924363.2,22.33767,2.672904,0.640717,14.19,14.07,14.12,14.41,16.84,18.17,18.63,2021-07-05,-
2024-03-15,301017,漱玉平民,医药商业,14.27,14.65,14.15,14.55,14.15,4577300,66639407.3,4.1878,1.597,3.54,否,1.04,1.112,6.672,2.465,-2.152,否,405340303.0,109300303.0,5930128632.89,1599063432.89,22.694452,2.715596,0.650951,14.34,14.1,14.19,14.31,16.74,18.13,18.61,2021-07-05,-
2024-03-18,301017,漱玉平民,医药商业,14.56,14.89,14.43,14.85,14.43,5074054,75089417.04,4.6423,2.051,3.14,否,1.1,3.268,7.298,4.651,5.619,否,405340303.0,109300303.0,6051730723.79,1631853523.79,23.159821,2.771282,0.664299,14.5,14.17,14.27,14.23,16.65,18.1,18.59,2021-07-05,-
2024-03-19,301017,漱玉平民,医药商业,14.83,14.83,14.63,14.65,14.63,3492888,51638993.61,3.1957,-1.34,1.34,否,0.73,2.304,4.345,5.853,13.04,否,405340303.0,109300303.0,5970662663.19,1609993463.19,22.849575,2.734158,0.6554,14.55,14.25,14.31,14.17,16.56,18.06,18.57,2021-07-05,-
2024-03-20,301017,漱玉平民,医药商业,14.73,14.9,14.62,14.83,14.62,3366515,50009434.12,3.0801,1.222,1.9,否,0.77,1.924,3.058,7.076,12.604,否,405340303.0,109300303.0,6043623917.73,1629667517.73,23.128796,2.76757,0.663409,14.64,14.35,14.36,14.13,16.48,18.02,18.55,2021-07-05,-
2024-03-21,301017,漱玉平民,医药商业,14.85,14.89,14.47,14.65,14.47,3427797,50562998.2,3.1361,-1.207,2.82,否,0.82,-1.347,1.878,7.405,17.765,否,405340303.0,109300303.0,5970662663.19,1609993463.19,22.849575,2.734158,0.6554,14.71,14.45,14.38,14.11,16.4,17.99,18.53,2021-07-05,-
2024-03-22,301017,漱玉平民,医药商业,14.62,14.62,14.02,14.09,14.02,3970063,56698321.38,3.6323,-3.87,4.14,否,1.0,-3.823,-1.606,1.806,7.393,否,405340303.0,109300303.0,5739618690.48,1547692290.48,21.965376,2.628356,0.630039,14.61,14.48,14.38,14.09,16.32,17.94,18.5,2021-07-05,-
2024-03-25,301017,漱玉平民,医药商业,14.09,14.19,13.52,13.55,13.52,2829400,39440736.0,2.5886,-3.814,4.73,否,0.73,-8.631,-6.873,-3.49,1.88,否,405340303.0,109300303.0,5520734926.86,1488670126.86,21.127713,2.528122,0.606012,14.35,14.43,14.28,14.07,16.23,17.9,18.48,2021-07-05,-
2024-03-26,301017,漱玉平民,医药商业,13.49,13.63,13.19,13.46,13.19,2943800,39673707.0,2.6933,-0.661,3.23,否,0.86,-8.123,-9.36,-6.463,-2.322,否,405340303.0,109300303.0,5484254299.59,1478833099.59,20.988103,2.511416,0.602007,14.12,14.33,14.18,14.09,16.13,17.86,18.45,2021-07-05,-
2024-03-27,301017,漱玉平民,医药商业,13.46,13.69,13.11,13.11,13.11,2699816,36372372.96,2.4701,-2.587,4.29,否,0.82,-6.955,-10.512,-8.832,-6.156,否,405340303.0,109300303.0,5342385193.54,1440577993.54,20.445173,2.44645,0.586434,13.77,14.21,14.14,14.09,16.02,17.81,18.43,2021-07-05,-
2024-03-28,301017,漱玉平民,医药商业,13.21,13.45,12.94,13.36,12.94,2394550,31954947.64,2.1908,1.897,3.87,否,0.75,-1.402,-9.912,-6.704,-5.315,否,405340303.0,109300303.0,5443720269.29,1467903069.29,20.83298,2.492854,0.597558,13.51,14.11,14.09,14.12,15.92,17.76,18.4,2021-07-05,-
2024-03-29,301017,漱玉平民,医药商业,13.35,13.48,13.04,13.22,13.04,2930183,38857569.94,2.6809,-1.042,3.28,否,0.99,-1.783,-9.761,-9.141,-7.032,否,405340303.0,109300303.0,5386972626.87,1452601026.87,20.615808,2.466868,0.591329,13.34,13.98,14.04,14.12,15.81,17.72,18.38,2021-07-05,-
2024-04-01,301017,漱玉平民,医药商业,13.15,13.62,13.15,13.62,13.15,2769791,37458306.66,2.5341,3.01,3.54,否,1.0,3.89,-3.336,-8.283,-12.072,否,405340369.0,109300369.0,5549109651.61,1496322051.61,21.236302,2.541116,0.609127,13.35,13.85,14.01,14.13,15.7,17.67,18.36,2021-07-05,-
2024-04-02,301017,漱玉平民,医药商业,13.63,13.75,13.45,13.55,13.45,1918202,26187374.01,1.755,-0.511,2.19,否,0.7,1.422,0.0,-7.509,-12.127,否,405340369.0,109300369.0,5520735825.78,1488671025.78,21.127717,2.528122,0.606012,13.37,13.74,14.0,14.12,15.59,17.62,18.34,2021-07-05,-
2024-04-03,301017,漱玉平民,医药商业,13.68,13.87,13.46,13.77,13.46,3374094,46454510.96,3.087,1.615,3.01,否,1.33,4.16,2.303,-7.148,-1.573,否,405340369.0,109300369.0,5609910706.96,1512717106.96,21.468987,2.568958,0.615801,13.5,13.64,13.99,14.12,15.48,17.57,18.31,2021-07-05,-
2024-04-08,301017,漱玉平民,医药商业,13.81,13.81,12.98,13.0,12.98,3744406,49890348.35,3.4258,-5.564,6.0,否,1.4,-4.552,-0.839,-11.263,-9.154,否,405340369.0,109300369.0,5297798622.83,1428555822.83,20.274541,2.426032,0.58154,13.43,13.47,13.96,14.08,15.36,17.53,18.29,2021-07-05,-
2024-04-09,301017,漱玉平民,医药商业,13.01,13.35,13.01,13.29,13.01,3581779,47589873.96,3.277,2.219,2.6,否,1.22,-1.919,-0.524,-5.678,-6.408,否,405340369.0,109300369.0,5415347329.84,1460252929.84,20.724397,2.479862,0.594443,13.45,13.39,13.93,14.05,15.25,17.48,18.26,2021-07-05,-
2024-04-10,301017,漱玉平民,医药商业,13.29,13.33,12.67,12.75,12.67,3112969,40370761.08,2.8481,-4.042,4.94,否,1.01,-7.407,-3.555,-5.904,-10.148,否,405340369.0,109300369.0,5196463530.58,1401230730.58,19.886735,2.379628,0.570417,13.27,13.31,13.87,13.96,15.14,17.43,18.23,2021-07-05,-
2024-04-11,301017,漱玉平民,医药商业,12.75,12.91,12.62,12.72,12.62,2395294,30718218.78,2.1915,-0.234,2.26,否,0.76,-2.154,-6.608,-5.498,-8.092,否,405340369.0,109300369.0,5184303319.51,1397951719.51,19.840198,2.374059,0.569082,13.11,13.24,13.79,13.87,15.03,17.37,18.2,2021-07-05,-
2024-04-12,301017,漱玉平民,医药商业,12.69,12.89,12.43,12.52,12.43,2977100,37645773.0,2.7238,-1.564,3.6,否,0.92,-5.794,-7.601,-4.5,-9.603,否,405340369.0,109300369.0,5103235245.71,1376091645.71,19.529952,2.336935,0.560183,12.86,13.18,13.69,13.82,14.91,17.32,18.17,2021-07-05,-
2024-04-15,301017,漱玉平民,医药商业,12.32,12.65,11.85,12.14,11.85,3808637,46710362.37,3.4846,-3.098,6.43,否,1.2,-4.784,-11.837,-9.132,-10.997,否,405340369.0,109300369.0,4945152501.8,1333464501.8,18.924974,2.264544,0.54283,12.68,13.06,13.58,13.75,14.79,17.27,18.13,2021-07-05,-
2024-04-16,301017,漱玉平民,医药商业,12.09,12.09,11.25,11.35,11.25,4330900,50212278.0,3.9624,-6.475,6.89,否,1.36,-10.77,-12.692,-14.145,-17.991,否,405340369.0,109300369.0,4624933610.29,1247117210.29,17.699504,2.117906,0.50768,12.3,12.87,13.42,13.65,14.66,17.21,18.09,2021-07-05,-
2024-04-17,301017,漱玉平民,医药商业,11.46,12.17,11.46,12.16,11.46,3693000,44476560.0,3.3788,7.099,6.22,否,1.11,-2.875,-8.503,-10.72,-13.39,否,405340369.0,109300369.0,4953259309.18,1335650509.18,18.955998,2.268257,0.54372,12.18,12.73,13.29,13.58,14.54,17.16,18.05,2021-07-05,-
2024-04-18,301017,漱玉平民,医药商业,12.15,12.26,11.89,12.0,11.89,2705655,32799883.5,2.4754,-1.309,3.03,否,0.79,-1.153,-5.882,-11.439,-16.609,否,405340369.0,109300369.0,4888404850.14,1318162450.14,18.707802,2.238558,0.536601,12.03,12.57,13.16,13.52,14.43,17.11,18.02,2021-07-05,-
2024-04-19,301017,漱玉平民,医药商业,11.94,12.15,11.74,11.77,11.74,2858001,34100953.88,2.6148,-1.907,3.4,否,0.82,3.7,-7.469,-14.524,-18.15,否,405340369.0,109300369.0,4795176565.27,1293023365.27,18.35102,2.195865,0.526367,11.88,12.37,13.0,13.45,14.31,17.07,17.98,2021-07-05,-
2024-04-22,301017,漱玉平民,医药商业,11.77,12.17,11.74,11.95,11.74,2293000,27630504.34,2.0979,1.522,3.63,否,0.66,-1.727,-4.553,-8.077,-16.55,否,405340369.0,109300369.0,4868137831.69,1312697431.69,18.63024,2.229277,0.534376,11.85,12.27,12.87,13.4,14.2,17.02,17.95,2021-07-05,-
2024-04-23,301017,漱玉平民,医药商业,11.95,12.14,11.86,12.09,11.86,1981442,23945604.78,1.8128,1.166,2.33,否,0.62,0.75,-0.412,-9.029,-16.907,否,405340369.0,109300369.0,4924885483.35,1327999483.35,18.847412,2.255263,0.540605,11.99,12.15,12.77,13.34,14.09,16.97,17.91,2021-07-05,-
2024-04-24,301017,漱玉平民,医药商业,12.18,12.29,12.0,12.26,12.0,1876742,22935720.6,1.7171,1.399,2.39,否,0.69,4.163,8.018,-3.843,-17.441,否,405340369.0,109300369.0,4993793346.08,1346580546.08,19.111121,2.286818,0.548169,12.01,12.1,12.7,13.28,13.99,16.93,17.88,2021-07-05,-
2024-04-25,301017,漱玉平民,医药商业,12.25,12.61,12.18,12.47,12.18,2148053,26804304.38,1.9653,1.786,3.57,否,0.92,4.351,2.549,-1.965,-14.881,否,405340369.0,109300369.0,5082968227.26,1370626627.26,19.452391,2.327654,0.557958,12.11,12.07,12.66,13.21,13.91,16.88,17.85,2021-07-05,-
2024-04-26,301017,漱玉平民,医药商业,12.33,12.58,12.28,12.51,12.28,2831300,35450397.0,2.5904,0.319,2.47,否,1.27,3.474,4.25,-0.08,-15.644,否,405340369.0,109300369.0,5099181842.02,1374998642.02,19.51444,2.335079,0.559738,12.26,12.07,12.63,13.15,13.83,16.82,17.81,2021-07-05,-
2024-04-29,301017,漱玉平民,医药商业,12.24,12.6,11.84,12.56,11.84,3698122,45930322.58,3.3834,0.398,6.12,否,1.66,2.447,6.712,3.46,-14.266,否,405340369.0,109300369.0,5119448860.47,1380463660.47,64.792868,2.408038,0.535641,12.38,12.11,12.59,13.09,13.75,16.77,17.78,2021-07-05,-
2024-04-30,301017,漱玉平民,医药商业,12.47,12.67,12.45,12.6,12.45,2399616,30360748.4,2.1954,0.317,1.74,否,0.96,1.043,5.439,11.013,-10.575,否,405340369.0,109300369.0,5135662475.23,1384835675.23,64.998071,2.415664,0.537337,12.48,12.24,12.55,13.03,13.67,16.71,17.75,2021-07-05,-
2024-05-06,301017,漱玉平民,医药商业,12.75,13.08,12.71,13.0,12.71,2824196,36721885.51,2.5839,3.157,2.92,否,1.09,3.917,7.527,6.908,-4.059,否,405340369.0,109300369.0,5297798622.83,1428555822.83,67.050101,2.491928,0.554301,12.63,12.32,12.52,12.97,13.6,16.66,17.73,2021-07-05,-
2024-05-07,301017,漱玉平民,医药商业,12.97,13.22,12.85,12.89,12.85,2492790,32393790.9,2.2807,-0.842,2.83,否,0.9,2.627,5.139,7.417,-4.235,否,405340369.0,109300369.0,5253211182.24,1416532782.24,66.485793,2.470956,0.549636,12.71,12.41,12.49,12.91,13.54,16.61,17.7,2021-07-05,-
2024-05-08,301017,漱玉平民,医药商业,12.97,13.05,12.74,12.82,12.74,1852753,23989399.76,1.6951,-0.54,2.39,否,0.65,1.746,2.807,8.921,-2.212,否,405340369.0,109300369.0,5224837356.41,1408881756.41,66.126687,2.45761,0.546667,12.77,12.52,12.44,12.84,13.49,16.55,17.67,2021-07-05,-
2024-05-09,301017,漱玉平民,医药商业,12.77,13.25,12.77,13.14,12.77,2617100,34451706.55,2.3944,2.483,3.72,否,0.99,1.077,5.036,9.958,-1.647,否,405340369.0,109300369.0,5354546274.49,1443857874.49,67.768312,2.518621,0.560239,12.89,12.63,12.45,12.79,13.45,16.5,17.65,2021-07-05,-
2024-05-10,301017,漱玉平民,医药商业,13.26,13.87,12.8,12.84,12.8,4536184,59931462.12,4.1502,-2.271,8.1,否,1.86,-0.388,2.229,6.203,-2.874,否,405340369.0,109300369.0,5232944163.79,1411067763.79,66.229289,2.461423,0.547516,12.94,12.71,12.43,12.75,13.42,16.45,17.62,2021-07-05,-
2024-05-13,301017,漱玉平民,医药商业,12.65,12.78,12.45,12.55,12.45,3090500,39083400.0,2.8275,-2.246,2.56,否,1.08,-2.106,-0.397,2.365,-7.856,否,405340369.0,109300369.0,5115395456.78,1379370656.78,64.741567,2.406131,0.535217,12.85,12.74,12.42,12.72,13.39,16.39,17.59,2021-07-05,-
2024-05-14,301017,漱玉平民,医药商业,12.56,12.91,12.53,12.74,12.53,2092000,26823841.0,1.914,1.506,3.01,否,0.72,-3.044,-2.0,2.165,-5.978,否,405340369.0,109300369.0,5192410126.89,1400137726.89,65.716281,2.442357,0.543275,12.82,12.77,12.42,12.69,13.39,16.33,17.56,2021-07-05,-
2024-05-15,301017,漱玉平民,医药商业,12.63,12.82,12.46,12.63,12.46,2060900,26185045.0,1.8855,-0.859,2.81,否,0.73,-1.636,-2.017,0.959,-8.279,否,405340369.0,109300369.0,5147822686.3,1388114686.3,65.151973,2.421384,0.53861,12.78,12.78,12.42,12.68,13.38,16.26,17.54,2021-07-05,-
2024-05-16,301017,漱玉平民,医药商业,12.69,12.75,12.53,12.6,12.53,1403300,17822519.0,1.2839,-0.236,1.73,否,0.49,0.398,-1.716,0.318,-3.077,否,405340369.0,109300369.0,5135662475.23,1384835675.23,64.998071,2.415664,0.537337,12.67,12.78,12.45,12.65,13.38,16.19,17.51,2021-07-05,-
2024-05-17,301017,漱玉平民,医药商业,12.56,12.69,12.34,12.56,12.34,2157400,27079606.0,1.9738,-0.316,2.76,否,0.82,-1.413,-4.414,-0.317,-5.493,否,405340369.0,109300369.0,5119448860.47,1380463660.47,64.792868,2.408038,0.535641,12.62,12.78,12.51,12.63,13.37,16.13,17.49,2021-07-05,-
2024-05-20,301017,漱玉平民,医药商业,12.54,12.76,12.51,12.62,12.51,1656467,21003994.55,1.5155,0.475,1.98,否,0.77,-0.079,-1.713,-2.923,-1.02,否,405340369.0,109300369.0,5143769282.61,1387021682.61,65.100672,2.419477,0.538185,12.63,12.74,12.53,12.6,13.36,16.07,17.47,2021-07-05,-
2024-05-21,301017,漱玉平民,医药商业,12.61,12.61,12.29,12.39,12.29,1711584,21342787.76,1.5659,-1.813,2.6,否,0.91,-1.667,-1.275,-3.879,-2.594,否,405340369.0,109300369.0,5050540997.74,1361882597.74,63.920755,2.375626,0.528431,12.56,12.69,12.55,12.56,13.34,16.01,17.45,2021-07-05,-
2024-05-22,301017,漱玉平民,医药商业,13.72,14.87,13.44,14.87,13.44,24510221,359495024.55,22.4246,19.984,11.56,否,13.63,18.392,16.719,15.991,18.77,是,405340369.0,109300369.0,6059838516.55,1634040516.55,76.694645,2.850369,0.634032,13.01,12.89,12.7,12.59,13.35,15.96,17.44,2021-07-05,-
2024-05-23,301017,漱玉平民,医药商业,13.93,15.56,13.39,14.52,13.39,26578582,378450050.7,24.317,-2.341,14.58,否,4.23,15.055,14.964,10.502,19.605,否,405340369.0,109300369.0,5917969387.4,1595785387.4,74.899118,2.783638,0.619189,13.39,13.03,12.83,12.64,13.36,15.92,17.43,2021-07-05,-
2024-05-24,301017,漱玉平民,医药商业,14.03,14.87,13.84,14.34,13.84,18425832,265114971.88,16.858,-1.233,7.12,否,1.63,15.738,13.81,11.682,26.344,否,405340369.0,109300369.0,5845008120.98,1576111320.98,73.975705,2.74932,0.611555,13.75,13.18,12.95,12.68,13.36,15.87,17.41,2021-07-05,-
2024-05-27,301017,漱玉平民,医药商业,14.59,15.05,13.73,13.91,13.73,14405706,208700234.64,13.1799,-3.051,9.22,否,0.99,-6.456,10.748,10.837,14.391,否,405340369.0,109300369.0,5666658358.62,1528019158.62,71.718471,2.665429,0.592895,14.01,13.32,13.03,12.72,13.34,15.82,17.4,2021-07-05,-
2024-05-28,301017,漱玉平民,医药商业,13.84,13.89,12.85,13.07,12.85,12836714,170141410.19,11.7444,-6.009,7.44,否,0.75,-9.986,3.566,2.59,8.917,否,405340369.0,109300369.0,5326172448.66,1436206848.66,67.409207,2.505275,0.55727,14.14,13.35,13.06,12.73,13.3,15.75,17.38,2021-07-05,-
2024-05-29,301017,漱玉平民,医药商业,12.82,13.59,12.82,13.34,12.82,9750749,129878584.64,8.9211,2.055,5.86,否,0.5,-6.974,7.667,5.622,13.339,否,405340369.0,109300369.0,5435614348.29,1465717948.29,68.794327,2.556753,0.568721,13.84,13.42,13.1,12.76,13.29,15.69,17.36,2021-07-05,-
2024-05-30,301017,漱玉平民,医药商业,13.17,13.19,12.61,12.67,12.61,8684749,111970667.77,7.9458,-4.996,4.33,否,0.53,-8.914,-14.795,0.556,6.025,否,405340369.0,109300369.0,5164036301.06,1392486701.06,65.357176,2.42901,0.540306,13.47,13.43,13.11,12.77,13.26,15.62,17.33,2021-07-05,-
2024-05-31,301017,漱玉平民,医药商业,12.65,12.86,12.46,12.81,12.46,5357936,68356383.12,4.902,1.099,3.14,否,0.42,-1.989,-11.777,1.99,5.955,否,405340369.0,109300369.0,5220783952.72,1407788752.72,66.075387,2.455703,0.546243,13.16,13.45,13.12,12.82,13.24,15.56,17.31,2021-07-05,-
2024-06-03,301017,漱玉平民,医药商业,12.74,12.8,12.05,12.32,12.05,6233200,77213915.0,5.7028,-3.882,5.9,否,0.61,-7.646,-14.086,-2.377,0.489,否,405340369.0,109300369.0,5018113768.22,1353138568.22,63.510348,2.360373,0.525038,12.84,13.42,13.08,12.83,13.21,15.49,17.29,2021-07-05,-
2024-06-04,301017,漱玉平民,医药商业,12.29,12.29,11.82,12.16,11.82,3741400,45354116.0,3.423,-1.292,3.8,否,0.44,-4.025,-12.581,-1.856,-2.486,否,405340369.0,109300369.0,4953259309.18,1335650509.18,62.689536,2.329867,0.518253,12.66,13.4,13.05,12.83,13.18,15.41,17.26,2021-07-05,-
2024-06-05,301017,漱玉平民,医药商业,12.14,12.14,11.77,11.77,11.77,3561400,42575975.0,3.2584,-3.192,3.03,否,0.53,-8.119,-9.946,-20.847,-5.915,否,405340369.0,109300369.0,4795176565.27,1293023365.27,60.688806,2.25551,0.501713,12.35,13.09,12.99,12.83,13.14,15.32,17.24,2021-07-05,-
2024-06-06,301017,漱玉平民,医药商业,11.67,11.89,11.05,11.14,11.05,5053478,57744172.72,4.6235,-5.325,7.1,否,0.92,-9.578,-16.492,-23.278,-11.306,否,405340369.0,109300369.0,4539812132.8,1224164132.8,57.456858,2.135394,0.474994,12.04,12.75,12.89,12.81,13.1,15.24,17.21,2021-07-05,-
2024-06-07,301017,漱玉平民,医药商业,11.27,11.62,11.27,11.54,11.27,3491078,40314332.53,3.194,3.571,3.13,否,0.73,-5.099,-8.919,-19.526,-8.413,否,405340369.0,109300369.0,4701948280.4,1267884280.4,59.508889,2.211658,0.491958,11.79,12.47,12.83,12.79,13.06,15.16,17.18,2021-07-05,-
2024-06-11,301017,漱玉平民,医药商业,11.65,11.65,11.23,11.45,11.23,2223537,25399247.86,2.0343,-0.776,3.62,否,0.5,-2.719,-10.617,-17.685,-11.923,否,405340369.0,109300369.0,4665467647.19,1258047247.19,59.047182,2.194498,0.488141,11.61,12.23,12.77,12.76,13.02,15.08,17.16,2021-07-05,-
2024-06-12,301017,漱玉平民,医药商业,11.46,11.71,11.34,11.61,11.34,2386900,27798073.0,2.1838,1.39,3.21,否,0.66,4.219,-5.763,-11.171,-9.93,否,405340369.0,109300369.0,4730322106.23,1275535306.23,59.867994,2.225004,0.494927,11.5,12.08,12.72,12.73,12.97,15.01,17.13,2021-07-05,-
2024-06-13,301017,漱玉平民,医药商业,11.63,11.68,11.31,11.35,11.31,2709300,31054695.0,2.4788,-2.228,3.17,否,0.81,-1.646,-6.661,-14.918,-11.466,否,405340369.0,109300369.0,4624933610.29,1247117210.29,58.534174,2.175432,0.4839,11.42,11.88,12.65,12.69,12.92,14.93,17.1,2021-07-05,-
2024-06-14,301017,漱玉平民,医药商业,11.24,11.4,10.84,11.02,10.84,3244200,36028267.0,2.9682,-2.892,4.91,否,1.02,-3.755,-6.372,-13.023,-16.134,否,405340369.0,109300369.0,4491171288.52,1211048088.52,56.841249,2.112515,0.469905,11.39,11.72,12.57,12.64,12.87,14.85,17.08,2021-07-05,-
2024-06-17,301017,漱玉平民,医药商业,11.0,11.0,10.59,10.66,10.59,3681400,39646611.0,3.3681,-3.249,3.7,否,1.31,-8.183,-4.309,-16.784,-16.978,否,405340369.0,109300369.0,4345248755.68,1171699955.68,54.994421,2.043877,0.454637,11.22,11.5,12.48,12.58,12.8,14.77,17.05,2021-07-05,-
2024-06-18,301017,漱玉平民,医药商业,10.71,10.86,10.63,10.78,10.63,2609600,28164795.0,2.3875,1.119,2.15,否,0.92,-5.022,-6.586,-12.5,-14.104,否,405340369.0,109300369.0,4393889599.96,1184815999.96,55.61003,2.066756,0.459727,11.08,11.35,12.39,12.5,12.74,14.69,17.02,2021-07-05,-
2024-06-19,301017,漱玉平民,医药商业,10.79,10.8,10.51,10.57,10.51,2120600,22615661.0,1.9402,-1.937,2.68,否,0.72,-4.083,-7.686,-13.076,-17.033,否,405340369.0,109300369.0,4308768122.47,1161862922.47,54.532714,2.026718,0.45082,10.88,11.19,12.3,12.43,12.67,14.61,16.99,2021-07-05,-
2024-06-20,301017,漱玉平民,医药商业,10.54,10.71,10.28,10.31,10.28,2141400,22469133.0,1.9592,-2.54,4.14,否,0.75,-3.283,-11.197,-12.404,-18.369,否,405340369.0,109300369.0,4199326222.84,1132351822.84,53.147594,1.975239,0.43937,10.67,11.04,12.07,12.34,12.59,14.54,16.96,2021-07-05,-
2024-06-21,301017,漱玉平民,医药商业,10.23,10.43,10.15,10.19,10.15,1696100,17500547.0,1.5518,-1.158,2.7,否,0.61,-5.473,-10.22,-8.528,-19.127,否,405340369.0,109300369.0,4150685378.56,1119235778.56,52.531984,1.95236,0.43428,10.5,10.95,11.85,12.24,12.52,14.46,16.93,2021-07-05,-
2024-06-24,301017,漱玉平民,医药商业,10.13,10.15,9.55,9.61,9.55,3349478,33024830.18,3.0645,-5.664,5.86,否,1.37,-9.082,-12.795,-16.724,-23.487,否,405340369.0,109300369.0,3915587964.54,1055841564.54,49.55654,1.841777,0.409683,10.29,10.76,11.61,12.14,12.44,14.38,16.9,2021-07-05,-
2024-06-25,301017,漱玉平民,医药商业,9.72,9.88,9.58,9.73,9.58,2420600,23690657.22,2.2146,1.242,3.11,否,1.02,-5.626,-8.724,-15.022,-22.9,否,405340369.0,109300369.0,3964228808.82,1068957608.82,50.172149,1.864656,0.414772,10.08,10.58,11.41,12.04,12.38,14.3,16.86,2021-07-05,-
2024-06-26,301017,漱玉平民,医药商业,9.7,10.08,9.61,10.05,9.61,2322800,23031482.0,2.1252,3.272,4.81,否,0.99,-1.374,-6.772,-13.437,-18.886,否,405340369.0,109300369.0,4093937726.9,1103933726.9,51.813774,1.925668,0.428343,9.98,10.43,11.25,11.95,12.32,14.23,16.83,2021-07-05,-
2024-06-27,301017,漱玉平民,医药商业,10.02,10.13,9.81,9.82,9.81,2296200,22937820.0,2.1008,-2.277,3.17,否,0.96,2.185,-7.096,-13.48,-33.961,否,405340369.0,109300369.0,4000709442.03,1078794642.03,50.633856,1.881816,0.418589,9.88,10.27,11.08,11.86,12.27,14.15,16.8,2021-07-05,-
2024-06-28,301017,漱玉平民,医药商业,9.87,10.0,9.71,9.79,9.71,1937900,19238250.0,1.773,-0.304,2.94,否,0.8,0.617,-5.044,-11.162,-32.576,否,405340369.0,109300369.0,3988549230.96,1075515630.96,50.479954,1.876096,0.417316,9.8,10.15,10.93,11.77,12.21,14.06,16.77,2021-07-05,-
2024-07-01,301017,漱玉平民,医药商业,9.75,9.99,9.65,9.97,9.65,1406200,13937989.0,1.2865,1.829,3.46,否,0.57,-0.796,-2.159,-6.473,-30.474,否,405340369.0,109300369.0,4061510497.38,1095189697.38,51.403368,1.910415,0.42495,9.87,10.08,10.79,11.68,12.15,13.98,16.73,2021-07-05,-
2024-07-02,301017,漱玉平民,医药商业,9.97,10.2,9.75,10.1,9.75,2315600,23450893.0,2.1186,1.297,4.49,否,1.12,2.851,5.099,-6.308,-27.39,否,405340369.0,109300369.0,4114204745.35,1109398745.35,52.070278,1.935201,0.430464,9.95,10.01,10.68,11.6,12.1,13.9,16.7,2021-07-05,-
2024-07-03,301017,漱玉平民,医药商业,9.98,10.2,9.95,9.95,9.95,1652900,16687144.0,1.5123,-1.478,2.46,否,0.8,1.634,2.261,-5.866,-23.871,否,405340369.0,109300369.0,4053403690.0,1093003690.0,51.300766,1.906602,0.424102,9.93,9.95,10.57,11.51,12.04,13.81,16.67,2021-07-05,-
2024-07-04,301017,漱玉平民,医药商业,9.87,9.96,9.39,9.46,9.39,2717600,26261709.0,2.4864,-4.9,5.7,否,1.41,-5.115,-5.871,-8.244,-29.085,否,405340369.0,109300369.0,3854786909.19,1039446509.19,48.787029,1.813178,0.403321,9.85,9.87,10.46,11.33,11.96,13.72,16.64,2021-07-05,-
2024-07-05,301017,漱玉平民,医药商业,9.45,9.95,9.25,9.87,9.25,2791900,27121579.0,1.1473,4.311,7.36,否,1.39,-2.277,0.509,-3.14,-22.099,否,405340369.0,243340369.0,4020976460.48,2413936460.48,50.89036,1.891349,0.420709,9.87,9.84,10.39,11.18,11.91,13.64,16.61,2021-07-05,-
2024-07-08,301017,漱玉平民,医药商业,9.82,9.82,9.38,9.43,9.38,2291500,21897566.0,0.9417,-4.436,4.44,否,1.05,-5.226,-3.677,-1.873,-26.386,否,405340369.0,243340369.0,3842626698.12,2306866698.12,48.633126,1.807458,0.402049,9.76,9.82,10.29,11.02,11.85,13.55,16.57,2021-07-05,-
2024-07-09,301017,漱玉平民,医药商业,9.36,9.48,9.09,9.39,9.09,2686400,25081956.0,1.104,-0.422,4.11,否,1.14,-0.74,-5.817,-3.494,-23.782,否,405340369.0,243340369.0,3826413083.36,2297133083.36,48.427923,1.799832,0.400352,9.62,9.78,10.18,10.86,11.79,13.46,16.54,2021-07-05,-
2024-07-10,301017,漱玉平民,医药商业,9.37,9.46,9.16,9.24,9.16,1824978,17083450.84,0.75,-1.589,3.18,否,0.75,-6.383,-8.515,-8.06,-24.013,否,405340369.0,243340369.0,3765612028.01,2260632028.01,47.658412,1.771233,0.393991,9.48,9.7,10.06,10.74,11.73,13.38,16.5,2021-07-05,-
2024-07-11,301017,漱玉平民,医药商业,9.4,9.86,9.4,9.75,9.4,2930000,28450306.0,1.2041,5.49,4.95,否,1.19,3.393,-2.01,-0.713,-17.162,否,405340369.0,243340369.0,3972335616.2,2384735616.2,50.274751,1.86847,0.41562,9.54,9.7,9.98,10.62,11.69,13.3,16.46,2021-07-05,-
2024-07-12,301017,漱玉平民,医药商业,9.87,9.87,9.61,9.71,9.61,1677100,16361692.0,0.6892,-0.408,2.65,否,0.67,3.408,2.643,-0.817,-12.837,否,405340369.0,243340369.0,3956122001.44,2375002001.44,50.069548,1.860843,0.413924,9.5,9.69,9.92,10.52,11.65,13.22,16.43,2021-07-05,-
2024-07-15,301017,漱玉平民,医药商业,9.7,9.7,9.44,9.48,9.44,1147200,10956151.0,0.4714,-2.357,2.66,否,0.5,2.597,-3.951,-4.915,-17.851,否,405340369.0,243340369.0,3862893716.57,2319033716.57,48.88963,1.816991,0.404169,9.51,9.64,9.86,10.41,11.62,13.14,16.39,2021-07-05,-
2024-07-16,301017,漱玉平民,医药商业,9.56,9.56,9.33,9.39,9.33,961800,9045354.0,0.3952,-0.949,2.43,否,0.47,-3.692,-0.424,-7.03,-17.991,否,405340369.0,243340369.0,3806146064.91,2284966064.91,48.171419,1.790299,0.398232,9.51,9.57,9.79,10.31,11.57,13.06,16.35,2021-07-05,-
2024-07-17,301017,漱玉平民,医药商业,9.38,9.56,9.28,9.38,9.28,1323100,12431519.0,0.5437,-0.107,2.98,否,0.77,-3.399,-0.106,-5.729,-19.208,否,405340369.0,243340369.0,3802092661.22,2282532661.22,48.120119,1.788392,0.397808,9.54,9.51,9.73,10.22,11.53,12.98,16.32,2021-07-05,-
2024-07-18,301017,漱玉平民,医药商业,9.3,9.34,9.13,9.33,9.13,1652600,15305084.0,0.6791,-0.533,2.24,否,1.03,-1.582,0.974,-1.374,-17.797,否,405340369.0,243340369.0,3781825642.77,2270365642.77,47.863615,1.778859,0.395687,9.46,9.5,9.68,10.14,11.48,12.9,16.28,2021-07-05,-
2024-07-19,301017,漱玉平民,医药商业,9.35,9.49,9.22,9.44,9.22,1448300,13565369.0,0.5952,1.179,2.89,否,1.07,0.532,-3.179,-4.357,-14.338,否,405340369.0,243340369.0,3826413083.36,2297133083.36,48.427923,1.799832,0.400352,9.4,9.45,9.64,10.08,11.44,12.82,16.25,2021-07-05,-
2024-07-22,301017,漱玉平民,医药商业,9.39,9.56,9.31,9.55,9.31,1315800,12447651.0,0.5407,1.165,2.65,否,1.01,1.812,-1.648,1.273,-10.413,否,405340369.0,243340369.0,3871000523.95,2323900523.95,48.992232,1.820805,0.405017,9.42,9.47,9.64,10.01,11.4,12.75,16.21,2021-07-05,-
2024-07-23,301017,漱玉平民,医药商业,9.54,11.0,9.32,10.09,9.32,7704600,77509018.0,3.1662,5.655,17.59,否,5.75,8.146,6.435,7.455,-6.401,否,405340369.0,243340369.0,4089884323.21,2455304323.21,51.762473,1.923761,0.427919,9.56,9.54,9.66,9.97,11.36,12.68,16.18,2021-07-05,-
2024-07-24,301017,漱玉平民,医药商业,9.81,10.99,9.6,10.46,9.6,10079741,102568379.06,4.1422,3.667,13.78,否,3.75,10.805,11.395,13.203,-1.041,否,405340369.0,243340369.0,4239860259.74,2545340259.74,53.660601,1.994305,0.443611,9.77,9.66,9.68,9.93,11.33,12.62,16.14,2021-07-05,-
2024-07-25,301017,漱玉平民,医药商业,10.06,10.64,10.02,10.29,10.02,7479479,76775122.55,3.0737,-1.625,5.93,否,1.68,7.749,9.701,5.538,-0.194,否,405340369.0,243340369.0,4170952397.01,2503972397.01,52.788488,1.961893,0.436401,9.97,9.71,9.7,9.89,11.29,12.56,16.11,2021-07-05,-
2024-07-26,301017,漱玉平民,医药商业,10.15,10.28,9.94,10.04,9.94,5131873,51844559.11,2.1089,-2.43,3.3,否,0.92,-0.496,7.61,3.399,-1.472,否,405340369.0,243340369.0,4069617304.76,2443137304.76,51.505969,1.914228,0.425798,10.09,9.75,9.72,9.86,11.25,12.5,16.08,2021-07-05,-
2024-07-29,301017,漱玉平民,医药商业,10.0,10.25,9.9,10.05,9.9,3694555,37193440.9,1.5183,0.1,3.49,否,0.58,-3.92,6.462,6.013,4.579,否,405340369.0,243340369.0,4073670708.45,2445570708.45,51.55727,1.916135,0.426223,10.19,9.8,9.72,9.84,11.21,12.44,16.04,2021-07-05,-
2024-07-30,301017,漱玉平民,医药商业,9.99,10.17,9.86,10.16,9.86,3754411,37561907.55,1.5429,1.095,3.08,否,0.55,-1.263,6.387,8.2,4.419,否,405340369.0,243340369.0,4118258149.04,2472338149.04,52.121578,1.937107,0.430888,10.2,9.88,9.72,9.82,11.16,12.38,16.01,2021-07-05,-
2024-07-31,301017,漱玉平民,医药商业,10.05,10.36,9.86,10.33,9.86,5194390,52964180.74,2.1346,1.673,4.92,否,0.86,2.888,2.379,10.128,2.786,否,405340369.0,243340369.0,4187166011.77,2513706011.77,52.993691,1.96952,0.438097,10.17,9.97,9.74,9.81,11.12,12.33,15.98,2021-07-05,-
2024-08-01,301017,漱玉平民,医药商业,10.31,10.49,10.19,10.2,10.19,3621540,37317401.75,1.4883,-1.259,2.9,否,0.72,1.493,-2.486,9.325,3.87,否,405340369.0,243340369.0,4134471763.8,2482071763.8,52.326781,1.944734,0.432584,10.16,10.06,9.78,9.81,11.08,12.28,15.94,2021-07-05,-
2024-08-02,301017,漱玉平民,医药商业,10.19,10.62,10.1,10.36,10.1,6043733,62991218.81,2.4837,1.569,5.1,否,1.41,1.969,0.68,9.746,5.822,否,405340369.0,243340369.0,4199326222.84,2521006222.84,53.147594,1.975239,0.43937,10.22,10.15,9.8,9.81,11.03,12.24,15.91,2021-07-05,-
2024-08-05,301017,漱玉平民,医药商业,10.36,11.51,10.32,11.04,10.32,10780257,116661465.86,4.4301,6.564,11.49,否,2.42,6.873,9.96,15.602,10.732,否,405340369.0,243340369.0,4474957673.76,2686477673.76,56.636046,2.104888,0.468209,10.42,10.3,9.88,9.86,11.0,12.21,15.88,2021-07-05,-
2024-08-06,301017,漱玉平民,医药商业,10.96,11.66,10.68,11.42,10.68,11390417,127812120.99,4.6809,3.442,8.88,否,1.94,11.961,13.632,13.181,13.069,否,405340369.0,243340369.0,4628987013.98,2778947013.98,58.585475,2.177339,0.484324,10.67,10.44,9.99,9.92,10.98,12.19,15.85,2021-07-05,-
2024-08-07,301017,漱玉平民,医药商业,11.21,11.29,10.74,10.82,10.74,7233097,78925942.77,2.9724,-5.254,4.82,否,0.98,4.44,6.496,3.442,8.744,否,405340369.0,243340369.0,4385782792.58,2632942792.58,55.507429,2.062943,0.458878,10.77,10.47,10.06,9.94,10.95,12.17,15.81,2021-07-05,-
2024-08-08,301017,漱玉平民,医药商业,10.62,11.27,10.6,10.7,10.6,6379859,69947234.7,2.6218,-1.109,6.19,否,0.82,-3.08,3.582,3.984,13.108,否,405340369.0,243340369.0,4337141948.3,2603741948.3,54.89182,2.040064,0.453789,10.87,10.51,10.11,9.97,10.92,12.15,15.78,2021-07-05,-
2024-08-09,301017,漱玉平民,医药商业,10.64,10.7,10.21,10.22,10.21,6158208,63910407.39,2.5307,-4.486,4.58,否,0.74,-10.508,0.196,1.793,3.546,否,405340369.0,243340369.0,4142578571.18,2486938571.18,52.429383,1.948547,0.433432,10.84,10.53,10.14,9.99,10.88,12.13,15.74,2021-07-05,-
2024-08-12,301017,漱玉平民,医药商业,10.2,10.39,9.97,10.18,9.97,3730786,38086695.08,1.5332,-0.391,4.11,否,0.44,-5.915,-1.737,1.294,7.953,否,405340369.0,243340369.0,4126364956.42,2477204956.42,52.22418,1.94092,0.431736,10.67,10.54,10.17,9.99,10.84,12.11,15.71,2021-07-05,-
2024-08-13,301017,漱玉平民,医药商业,10.19,10.19,9.82,10.05,9.82,3322500,33050942.0,1.3654,-1.277,3.63,否,0.48,-6.075,-8.967,-1.083,7.029,否,405340369.0,243340369.0,4073670708.45,2445570708.45,51.55727,1.916135,0.426223,10.39,10.53,10.21,9.99,10.79,12.08,15.67,2021-07-05,-
2024-08-14,301017,漱玉平民,医药商业,9.99,10.02,9.76,9.82,9.76,2709500,26672107.0,1.1135,-2.289,2.59,否,0.51,-3.914,-14.011,-4.937,6.277,否,405340369.0,243340369.0,3980442423.58,2389602423.58,50.377352,1.872283,0.416468,10.19,10.48,10.23,9.99,10.75,12.05,15.63,2021-07-05,-
2024-08-15,301017,漱玉平民,医药商业,9.84,9.92,9.63,9.81,9.63,2634200,25815586.0,1.0825,-0.102,2.95,否,0.59,-3.635,-9.335,-3.824,0.615,否,405340369.0,243340369.0,3976389019.89,2387169019.89,50.326052,1.870376,0.416044,10.02,10.44,10.25,10.0,10.67,12.01,15.59,2021-07-05,-
2024-08-16,301017,漱玉平民,医药商业,9.86,10.1,9.65,10.0,9.65,3757300,37250758.0,1.5441,1.937,4.59,否,1.01,-0.498,-6.542,-3.475,2.987,否,405340369.0,243340369.0,4053403690.0,2433403690.0,51.300766,1.906602,0.424102,9.97,10.41,10.28,10.0,10.59,11.98,15.56,2021-07-05,-
2024-08-19,301017,漱玉平民,医药商业,9.91,9.95,9.67,9.77,9.67,3175100,31091889.0,1.3048,-2.3,2.8,否,0.98,-0.509,-4.403,-11.504,3.059,否,405340369.0,243340369.0,3960175405.13,2377435405.13,50.120848,1.86275,0.414348,9.89,10.28,10.29,10.02,10.52,11.94,15.52,2021-07-05,-
2024-08-20,301017,漱玉平民,医药商业,9.75,9.75,9.4,9.42,9.4,2601000,24814727.0,1.0689,-3.582,3.58,否,0.83,-3.976,-7.466,-17.513,0.319,否,405340369.0,243340369.0,3818306275.98,2292266275.98,48.325322,1.796019,0.399504,9.76,10.08,10.26,10.02,10.44,11.89,15.48,2021-07-05,-
2024-08-21,301017,漱玉平民,医药商业,9.42,9.47,9.29,9.34,9.29,1527702,14303490.8,0.6278,-0.849,1.91,否,0.51,-6.6,-7.065,-13.678,-0.426,否,405340369.0,243340369.0,3785879046.46,2272799046.46,47.914916,1.780766,0.396111,9.67,9.93,10.2,10.02,10.38,11.84,15.44,2021-07-05,-
2024-08-22,301017,漱玉平民,医药商业,9.39,9.39,9.16,9.18,9.16,1576636,14593690.36,0.6479,-1.713,2.46,否,0.58,-6.039,-6.517,-14.206,-1.608,否,405340369.0,243340369.0,3721024587.42,2233864587.42,47.094103,1.75026,0.389326,9.54,9.78,10.15,10.0,10.31,11.8,15.4,2021-07-05,-
2024-08-23,301017,漱玉平民,医药商业,9.15,9.24,9.01,9.03,9.01,1413900,12830970.0,0.581,-1.634,2.51,否,0.56,-4.14,-7.951,-11.644,-4.343,否,405340369.0,243340369.0,3660223532.07,2197363532.07,46.324592,1.721661,0.382964,9.35,9.66,10.1,9.98,10.25,11.75,15.36,2021-07-05,-
2024-08-26,301017,漱玉平民,医药商业,9.06,9.18,8.95,9.15,8.95,1168800,10651234.0,0.4803,1.329,2.55,否,0.57,-2.034,-8.5,-10.118,-4.188,否,405340369.0,243340369.0,3708864376.35,2226564376.35,46.940201,1.744541,0.388053,9.22,9.56,10.05,9.97,10.19,11.71,15.3,2021-07-05,-
2024-08-27,301017,漱玉平民,医药商业,9.15,9.31,8.96,8.97,8.96,1484401,13529932.21,0.61,-1.967,3.83,否,0.9,-2.288,-8.188,-10.746,-11.1,否,405340369.0,243340369.0,3635903109.93,2182763109.93,46.016787,1.710222,0.380419,9.13,9.45,9.99,9.95,10.13,11.67,15.25,2021-07-05,-
2024-08-28,301017,漱玉平民,医药商业,9.11,9.22,8.87,9.15,8.87,1501400,13625716.0,0.617,2.007,3.9,否,1.05,1.329,-2.866,-6.823,-12.524,否,405340369.0,243340369.0,3708864376.35,2226564376.35,46.940201,1.744541,0.388053,9.1,9.38,9.93,9.95,10.08,11.63,15.2,2021-07-05,-
2024-08-29,301017,漱玉平民,医药商业,9.12,9.29,9.03,9.25,9.03,1553600,14347968.0,0.6384,1.093,2.84,否,1.09,1.093,-0.964,-5.708,-10.107,否,405340369.0,243340369.0,3749398413.25,2250898413.25,47.453209,1.763607,0.392294,9.11,9.33,9.88,9.94,10.04,11.59,15.16,2021-07-05,-
2024-08-30,301017,漱玉平民,医药商业,9.17,9.59,9.12,9.44,9.12,2797000,26221226.0,1.1494,2.054,5.08,否,1.96,5.24,2.832,-5.6,-5.976,否,405340369.0,243340369.0,3826413083.36,2297133083.36,210.12514,1.790485,0.392523,9.19,9.27,9.84,9.94,10.01,11.56,15.13,2021-07-05,-
2024-09-02,301017,漱玉平民,医药商业,9.39,9.45,9.2,9.21,9.2,1704800,15871007.0,0.7006,-2.436,2.65,否,1.0,0.656,1.993,-5.732,-8.358,否,405340369.0,243340369.0,3733184798.49,2241164798.49,205.005565,1.746861,0.38296,9.2,9.21,9.75,9.93,9.97,11.52,15.09,2021-07-05,-
2024-09-03,301017,漱玉平民,医药商业,9.22,9.72,9.16,9.71,9.16,4288253,40894363.91,1.7622,5.429,6.08,否,2.37,4.973,6.12,3.079,-4.429,否,405340369.0,243340369.0,3935854982.99,2362834982.99,216.135075,1.841696,0.40375,9.35,9.24,9.66,9.92,9.94,11.48,15.05,2021-07-05,-
2024-09-04,301017,漱玉平民,医药商业,9.8,11.65,9.8,11.65,9.8,17627334,202618954.56,7.2439,19.979,19.05,否,7.44,23.411,29.877,24.732,12.778,是,405340369.0,243340369.0,4722215298.85,2834915298.85,259.317572,2.209656,0.484417,9.85,9.47,9.7,9.96,9.94,11.46,15.02,2021-07-05,-
2024-09-05,301017,漱玉平民,医药商业,12.64,13.98,12.4,13.98,12.4,32661896,434336945.66,13.4223,20.0,13.56,否,5.84,51.792,52.787,52.288,37.059,是,405340369.0,243340369.0,5666658358.62,3401898358.62,311.181086,2.651587,0.5813,10.8,9.95,9.87,10.08,9.99,11.46,15.01,2021-07-05,-
2024-09-06,301017,漱玉平民,医药商业,14.55,15.23,12.68,13.56,12.68,32511338,443609348.1,13.3604,-3.004,18.24,否,2.75,39.65,46.595,50.166,30.888,否,405340369.0,243340369.0,5496415403.64,3299695403.64,301.832298,2.571926,0.563836,11.62,10.41,10.03,10.2,10.03,11.45,14.99,2021-07-05,-
2024-09-09,301017,漱玉平民,医药商业,12.68,13.15,11.66,11.71,11.66,23872975,293700422.03,9.8105,-13.643,10.99,否,1.34,0.515,24.047,27.978,6.069,否,405340369.0,243340369.0,4746535720.99,2849515720.99,260.653113,2.221036,0.486912,12.12,10.66,10.11,10.25,10.05,11.43,14.96,2021-07-05,-
2024-09-10,301017,漱玉平民,医药商业,11.55,11.73,10.43,10.61,10.43,20375316,220351037.38,8.3732,-9.394,11.1,否,0.92,-24.106,15.201,18.283,-7.093,否,405340369.0,243340369.0,4300661315.09,2581841315.09,236.168192,2.012399,0.441173,12.3,10.83,10.14,10.27,10.04,11.39,14.92,2021-07-05,-
2024-09-11,301017,漱玉平民,医药商业,10.48,10.64,10.33,10.61,10.33,13732079,144077021.6,5.6432,0.0,2.92,否,0.54,-21.755,9.269,15.956,-1.941,否,405340369.0,243340369.0,4300661315.09,2581841315.09,236.168192,2.012399,0.441173,12.09,10.97,10.18,10.28,10.05,11.36,14.89,2021-07-05,-
2024-09-12,301017,漱玉平民,医药商业,10.51,10.55,10.06,10.18,10.06,13088286,134290118.62,5.3786,-4.053,4.62,否,0.53,-13.066,-12.618,10.054,-4.86,否,405340369.0,243340369.0,4126364956.42,2477204956.42,226.596814,1.930841,0.423293,11.33,11.07,10.2,10.28,10.04,11.32,14.85,2021-07-05,-
2024-09-13,301017,漱玉平民,医药商业,10.15,10.18,9.55,9.58,9.55,11842633,116205958.48,4.8667,-5.894,6.19,否,0.57,-9.708,-31.474,1.483,-6.262,否,405340369.0,243340369.0,3883160735.02,2331200735.02,213.241402,1.817039,0.398345,10.54,11.08,10.18,10.25,10.03,11.28,14.81,2021-07-05,-
2024-09-18,301017,漱玉平民,医药商业,9.58,9.76,9.36,9.65,9.36,8018900,76813954.84,3.2953,0.731,4.18,否,0.48,-9.048,-28.835,4.777,-5.206,否,405340369.0,243340369.0,3911534560.85,2348234560.85,214.799534,1.830316,0.401255,10.13,11.12,10.17,10.21,10.03,11.24,14.77,2021-07-05,-
2024-09-19,301017,漱玉平民,医药商业,9.56,10.15,9.51,9.9,9.51,11728716,115859443.2,4.8199,2.591,6.63,否,0.87,-2.75,-15.457,1.957,-1.493,否,405340369.0,243340369.0,4012869653.1,2409069653.1,220.364288,1.877734,0.411651,9.98,11.14,10.19,10.16,10.04,11.21,14.74,2021-07-05,-
2024-09-20,301017,漱玉平民,医药商业,9.8,9.89,9.62,9.75,9.62,8279085,80491453.64,3.4023,-1.515,2.73,否,0.71,1.775,-8.106,-16.309,-0.713,否,405340369.0,243340369.0,3952068597.75,2372568597.75,217.025435,1.849283,0.405413,9.81,10.95,10.21,10.12,10.03,11.18,14.7,2021-07-05,-
2024-09-23,301017,漱玉平民,医药商业,9.67,9.76,9.57,9.61,9.57,5262928,50786402.9,2.1628,-1.436,1.95,否,0.5,-0.415,-9.425,-31.259,-2.039,否,405340369.0,243340369.0,3895320946.09,2338500946.09,213.909173,1.822729,0.399592,9.7,10.52,10.24,10.08,10.03,11.15,14.66,2021-07-05,-
2024-09-24,301017,漱玉平民,医药商业,9.64,9.95,9.46,9.94,9.46,9810816,95645809.4,4.0317,3.434,5.1,否,1.09,0.404,-2.358,-26.696,-0.6,否,405343564.0,243343564.0,4029115026.16,2418835026.16,221.254649,1.88532,0.413314,9.77,10.15,10.28,10.07,10.03,11.12,14.62,2021-07-05,-
2024-09-25,301017,漱玉平民,医药商业,9.95,10.33,9.95,10.09,9.95,11349300,114966639.75,4.664,1.509,3.82,否,1.32,3.487,5.324,-13.834,3.275,否,405343564.0,243343564.0,4089916560.76,2455336560.76,224.593502,1.913771,0.419551,9.86,9.99,10.33,10.07,10.03,11.09,14.59,2021-07-05,-
2024-09-26,301017,漱玉平民,医药商业,9.89,10.39,9.81,10.33,9.81,11324533,114458305.66,4.6537,2.379,5.75,否,1.22,7.492,7.047,-2.639,9.66,否,405343564.0,243343564.0,4187199016.12,2513739016.12,229.937479,1.959307,0.429534,9.94,9.96,10.4,10.08,10.04,11.07,14.55,2021-07-05,-
2024-09-27,301017,漱玉平民,医药商业,10.45,11.11,10.37,10.87,10.37,14153494,151815969.99,5.8163,5.228,7.16,否,1.54,9.356,9.798,2.451,16.381,否,405343564.0,243343564.0,4406084540.68,2645144540.68,241.957444,2.06173,0.451988,10.17,9.99,10.48,10.12,10.05,11.04,14.52,2021-07-05,-
2024-09-30,301017,漱玉平民,医药商业,11.45,12.57,11.13,12.45,11.13,17310375,205513137.25,7.1136,14.535,13.25,否,1.67,23.389,27.692,22.299,35.621,否,405343564.0,243343564.0,5046527371.8,3029627371.8,277.126971,2.361411,0.517686,10.74,10.22,10.64,10.2,10.1,11.03,14.49,2021-07-05,-
2024-10-08,301017,漱玉平民,医药商业,14.6,14.6,12.47,13.56,12.47,17900351,239305545.96,7.356,8.916,17.11,否,1.4,31.268,41.103,41.545,50.166,否,405343564.0,243343564.0,5496458727.84,3299738727.84,301.834677,2.571946,0.563841,11.46,10.62,10.85,10.32,10.16,11.04,14.47,2021-07-05,-
2024-10-09,301017,漱玉平民,医药商业,13.0,13.09,11.39,11.39,11.39,13534001,165823928.37,5.5617,-16.003,12.54,否,0.94,4.784,14.588,18.031,24.481,否,405343564.0,243343564.0,4616863193.96,2771683193.96,253.532225,2.160359,0.47361,11.72,10.79,10.96,10.38,10.2,11.02,14.44,2021-07-05,-
2024-10-10,301017,漱玉平民,医药商业,11.62,12.37,11.62,11.85,11.62,10853545,129748105.15,4.4602,4.039,6.58,否,0.73,-4.819,17.443,19.697,32.107,否,405343564.0,243343564.0,4803321233.4,2883621233.4,263.771454,2.247608,0.492737,12.02,10.98,11.06,10.46,10.24,11.01,14.41,2021-07-05,-
2024-10-11,301017,漱玉平民,医药商业,11.71,11.82,11.12,11.3,11.12,7011400,79892294.0,2.8813,-4.641,5.91,否,0.48,-16.667,9.39,15.897,23.497,否,405343564.0,243343564.0,4580382273.2,2749782273.2,251.528898,2.143289,0.469867,12.11,11.14,11.05,10.52,10.27,11.0,14.38,2021-07-05,-
2024-10-14,301017,漱玉平民,医药商业,11.27,11.62,11.08,11.57,11.08,6121900,69861418.0,2.5157,2.389,4.78,否,0.46,1.58,6.44,20.395,25.081,否,405343564.0,243343564.0,4689825035.48,2815485035.48,257.53888,2.1945,0.481094,11.93,11.34,10.93,10.6,10.3,10.99,14.35,2021-07-05,-
2024-10-15,301017,漱玉平民,医药商业,11.5,11.88,11.28,11.45,11.28,6970200,80926168.5,2.8643,-1.037,5.19,否,0.63,-3.376,-8.032,15.191,21.292,否,405343564.0,243343564.0,4641183807.8,2786283807.8,254.867777,2.171739,0.476105,11.51,11.49,10.82,10.68,10.33,10.99,14.32,2021-07-05,-
2024-10-16,301017,漱玉平民,医药商业,11.11,11.55,11.0,11.29,11.0,5429378,61313733.84,2.2312,-1.397,4.8,否,0.61,-0.088,-16.74,11.893,22.584,否,405343564.0,243343564.0,4576328837.56,2747348837.56,251.306306,2.141392,0.469452,11.49,11.61,10.8,10.75,10.36,10.99,14.29,2021-07-05,-
2024-10-17,301017,漱玉平民,医药商业,11.4,11.5,11.23,11.23,11.23,4347278,49372253.36,1.7865,-0.531,2.39,否,0.6,-2.939,-1.405,8.712,15.654,否,405343564.0,243343564.0,4552008223.72,2732748223.72,249.970754,2.130012,0.466957,11.37,11.7,10.83,10.83,10.39,10.98,14.26,2021-07-05,-
2024-10-18,301017,漱玉平民,医药商业,11.23,11.86,11.15,11.6,11.15,6383520,73011105.6,2.6233,3.295,6.32,否,1.07,1.31,-2.11,6.716,-0.429,否,405343564.0,243343564.0,4701985342.4,2822785342.4,258.206656,2.20019,0.482342,11.43,11.77,10.88,10.91,10.43,10.98,14.23,2021-07-05,-
2024-10-21,301017,漱玉平民,医药商业,11.59,12.45,11.47,12.1,11.47,10375298,123565763.01,4.2636,4.31,8.45,否,1.77,7.174,7.08,-2.811,-13.448,否,405343564.0,243343564.0,4904657124.4,2944457124.4,269.336253,2.295026,0.503132,11.53,11.73,10.98,11.01,10.47,10.98,14.2,2021-07-05,-
2024-10-22,301017,漱玉平民,医药商业,12.0,12.36,11.87,12.12,11.87,9508200,115016910.0,3.9073,0.165,4.05,否,1.42,7.925,4.754,-10.619,-10.619,否,405343564.0,243343564.0,4912763995.68,2949323995.68,269.781437,2.298819,0.503964,11.67,11.59,11.1,11.1,10.52,10.98,14.17,2021-07-05,-
2024-10-23,301017,漱玉平民,医药商业,12.06,12.36,11.99,12.2,11.99,7834695,95481766.23,3.2196,0.66,3.05,否,1.09,5.172,6.55,7.112,4.184,否,405343564.0,243343564.0,4945191480.8,2968791480.8,271.562173,2.313993,0.50729,11.85,11.67,11.23,11.19,10.56,10.98,14.15,2021-07-05,-
2024-10-24,301017,漱玉平民,医药商业,12.2,12.52,12.06,12.08,12.06,7749400,94756532.15,3.1846,-0.984,3.77,否,1.01,-0.165,6.997,1.941,13.855,否,405343564.0,243343564.0,4896550253.12,2939590253.12,268.891069,2.291232,0.502301,12.02,11.69,11.34,11.27,10.6,10.98,14.12,2021-07-05,-
2024-10-25,301017,漱玉平民,医药商业,12.06,12.28,11.91,12.19,11.91,6579820,79946492.3,2.7039,0.911,3.06,否,0.79,0.578,8.549,7.876,14.892,否,405343564.0,243343564.0,4941138045.16,2966358045.16,271.339581,2.312096,0.506875,12.14,11.78,11.46,11.29,10.63,10.98,14.09,2021-07-05,-
2024-10-28,301017,漱玉平民,医药商业,12.14,12.38,12.09,12.38,12.09,5624044,69005677.55,2.3112,1.559,2.38,否,0.67,1.475,6.724,7.001,21.611,否,405343564.0,243343564.0,5018153322.32,3012593322.32,275.568828,2.348134,0.514775,12.19,11.86,11.6,11.24,10.66,10.98,14.07,2021-07-05,-
2024-10-29,301017,漱玉平民,医药商业,12.39,12.6,11.81,11.82,11.81,6199800,74857617.0,2.5478,-4.523,6.38,否,0.83,-2.152,-2.314,3.231,23.382,否,405343564.0,243343564.0,4791160926.48,2876320926.48,263.103679,2.241918,0.49149,12.13,11.9,11.69,11.18,10.69,10.97,14.04,2021-07-05,-
2024-10-30,301017,漱玉平民,医药商业,11.65,12.42,11.17,11.64,11.17,12630606,147853777.11,5.1904,-1.523,10.58,否,1.86,-4.512,-3.96,3.1,20.622,否,405343564.0,243343564.0,4718199084.96,2832519084.96,-112.313992,2.264991,0.484678,12.02,11.94,11.77,11.18,10.72,10.96,14.01,2021-07-05,-
2024-10-31,301017,漱玉平民,医药商业,11.51,11.68,11.33,11.41,11.33,8777445,100836700.16,3.607,-1.976,3.01,否,1.13,-7.835,-6.475,1.603,15.253,否,405343564.0,243343564.0,4624970065.24,2776550065.24,-110.09473,2.220236,0.475101,11.89,11.95,11.83,11.2,10.74,10.95,13.99,2021-07-05,-
2024-11-01,301017,漱玉平民,医药商业,11.35,13.69,11.01,13.69,11.01,29326303,374975380.42,12.0514,19.983,23.49,否,3.68,15.821,13.328,18.017,40.41,是,405343564.0,243343564.0,5549153391.16,3331373391.16,-132.094378,2.663894,0.570038,12.19,12.16,11.97,11.31,10.79,10.96,13.97,2021-07-05,-
2024-11-04,301017,漱玉平民,医药商业,13.65,16.3,13.35,14.6,13.35,38971025,560855670.45,16.0148,6.647,21.55,否,3.11,25.43,19.77,20.661,51.925,否,405352660.0,243352660.0,5918148836.0,3552948836.0,-140.874939,2.840968,0.60793,12.63,12.41,12.07,11.45,10.87,10.97,13.96,2021-07-05,-
2024-11-05,301017,漱玉平民,医药商业,14.0,15.6,13.6,15.02,13.6,32718807,468404383.25,13.445,2.877,13.7,否,1.71,31.639,21.325,23.927,51.107,否,405352660.0,243352660.0,6088396953.2,3655156953.2,-144.930758,2.92276,0.625432,13.27,12.7,12.15,11.64,10.94,10.99,13.95,2021-07-05,-
2024-11-06,301017,漱玉平民,医药商业,14.37,15.85,14.18,15.01,14.18,31734760,472266947.37,13.0406,-0.067,11.12,否,1.3,9.642,26.988,23.033,48.761,否,405352660.0,243352660.0,6084343426.6,3652723426.6,-144.834266,2.920814,0.625016,13.95,12.98,12.33,11.81,11.01,11.0,13.94,2021-07-05,-
2024-11-07,301017,漱玉平民,医药商业,14.28,17.52,13.7,16.17,13.7,31833663,487671764.0,13.0813,7.728,25.45,否,1.12,10.753,38.918,33.858,56.534,否,405352660.0,243352660.0,6554552512.2,3935012512.2,-156.02732,3.14654,0.673318,14.9,13.39,12.54,12.02,11.09,11.03,13.93,2021-07-05,-
2024-11-08,301017,漱玉平民,医药商业,15.73,16.38,15.02,15.03,15.02,22813308,356341968.27,9.3746,-7.05,8.41,否,0.69,0.067,31.727,23.298,38.27,否,405352660.0,243352660.0,6092450479.8,3657590479.8,-145.02725,2.924706,0.625849,15.17,13.68,12.73,12.2,11.16,11.05,13.92,2021-07-05,-
2024-11-11,301017,漱玉平民,医药商业,14.62,15.23,14.62,15.18,14.62,13326863,199877047.02,5.4764,0.998,4.06,否,0.42,1.133,10.884,22.617,21.928,否,405352660.0,243352660.0,6153253378.8,3694093378.8,-146.474627,2.953895,0.632095,15.28,13.96,12.91,12.39,11.23,11.08,13.9,2021-07-05,-
2024-11-12,301017,漱玉平民,医药商业,15.08,17.86,15.01,16.75,15.01,30195891,502687182.11,12.4083,10.343,18.77,否,1.14,3.587,14.726,41.709,23.525,否,405352660.0,243352660.0,6789657055.0,4076157055.0,-161.623848,3.259403,0.697469,15.63,14.45,13.18,12.61,11.34,11.11,13.89,2021-07-05,-
2024-11-13,301017,漱玉平民,医药商业,15.85,16.58,15.35,15.82,15.35,19888873,316697286.95,8.1729,-5.552,7.34,否,0.77,5.256,5.326,35.911,38.894,否,405352660.0,243352660.0,6412679081.2,3849839081.2,-152.650106,3.078433,0.658744,15.79,14.87,13.4,12.8,11.44,11.14,13.88,2021-07-05,-
2024-11-14,301017,漱玉平民,医药商业,15.8,15.8,14.71,14.81,14.71,13572204,205286974.88,5.5772,-6.384,6.89,否,0.57,-2.437,-1.332,29.798,24.979,否,405352660.0,243352660.0,6003272894.6,3604052894.6,-142.904429,2.881896,0.616688,15.52,15.21,13.58,12.95,11.52,11.16,13.86,2021-07-05,-
2024-11-15,301017,漱玉平民,医药商业,14.74,15.0,14.08,14.13,14.08,11991700,174264153.96,4.9277,-4.592,6.21,否,0.6,-15.642,-12.616,3.214,25.044,否,405352660.0,243352660.0,5727633085.8,3438573085.8,-136.342983,2.749574,0.588373,15.34,15.25,13.71,13.06,11.59,11.17,13.84,2021-07-05,-
2024-11-18,301017,漱玉平民,医药商业,14.15,14.55,13.44,13.54,13.44,9790934,136412939.44,4.0234,-4.176,7.86,否,0.55,-14.412,-9.914,-7.26,17.027,否,405352660.0,243352660.0,5488475016.4,3294995016.4,-130.649964,2.634765,0.563805,15.01,15.15,13.78,13.1,11.65,11.16,13.82,2021-07-05,-
2024-11-19,301017,漱玉平民,医药商业,13.61,14.18,13.28,14.18,13.28,8751200,119939008.66,3.5961,4.727,6.65,否,0.51,-4.254,-6.588,-5.593,23.843,否,405352660.0,243352660.0,5747900718.8,3450740718.8,-136.825442,2.759304,0.590455,14.5,15.06,13.88,13.12,11.72,11.16,13.8,2021-07-05,-
2024-11-20,301017,漱玉平民,医药商业,14.0,14.46,13.8,14.42,13.8,9153188,130494376.0,3.7613,1.693,4.65,否,0.72,2.052,-13.91,-3.931,27.724,否,405352660.0,243352660.0,5845185357.2,3509145357.2,-139.141247,2.806005,0.600448,14.22,15.0,13.99,13.22,11.8,11.16,13.78,2021-07-05,-
2024-11-21,301017,漱玉平民,医药商业,14.29,14.58,13.93,14.28,13.93,9371436,132889763.36,3.851,-0.971,4.51,否,0.88,5.465,-9.735,-11.688,27.159,否,405352660.0,243352660.0,5788435984.8,3475075984.8,-137.790361,2.778763,0.594619,14.11,14.81,14.1,13.3,11.88,11.16,13.76,2021-07-05,-
2024-11-22,301017,漱玉平民,医药商业,14.17,14.4,13.4,13.62,13.4,9221068,128851811.92,3.7892,-4.622,7.0,否,0.94,-3.949,-8.035,-9.381,17.414,否,405352660.0,243352660.0,5520903229.2,3314463229.2,-131.421899,2.650332,0.567136,14.01,14.67,14.18,13.38,11.95,11.16,13.73,2021-07-05,-
2024-11-25,301017,漱玉平民,医药商业,13.8,14.24,13.38,13.75,13.38,6683636,92271810.0,2.7465,0.955,6.31,否,0.72,-4.646,-2.689,-9.42,13.636,否,405352660.0,243352660.0,5573599075.0,3346099075.0,-132.676293,2.675629,0.57255,14.05,14.53,14.24,13.45,12.03,11.17,13.7,2021-07-05,-
2024-11-26,301017,漱玉平民,医药商业,13.72,14.13,13.68,13.86,13.68,7711332,107172883.32,3.1688,0.8,3.27,否,0.89,-2.941,2.363,-17.254,14.356,否,405352726.0,243352726.0,5618188782.36,3372868782.36,-133.737703,2.697034,0.57713,13.99,14.24,14.35,13.53,12.11,11.18,13.68,2021-07-05,-
2024-11-27,301017,漱玉平民,医药商业,13.69,13.7,12.92,13.6,12.92,8258100,109526148.0,3.3935,-1.876,5.63,否,0.98,-0.147,-4.09,-14.033,11.475,否,405352726.0,243352726.0,5512797073.6,3309597073.6,-131.228915,2.646441,0.566304,13.82,14.02,14.44,13.61,12.18,11.18,13.65,2021-07-05,-
2024-11-28,301017,漱玉平民,医药商业,13.6,15.04,13.51,14.4,13.51,16600300,235814451.0,6.8215,5.882,11.25,否,2.01,4.727,-0.139,-2.768,19.205,否,405352726.0,243352726.0,5837079254.4,3504279254.4,-138.948286,2.802114,0.599616,13.85,13.98,14.59,13.71,12.27,11.2,13.63,2021-07-05,-
2024-11-29,301017,漱玉平民,医药商业,14.06,14.54,14.02,14.34,14.02,11604127,165442159.45,4.7684,-0.417,3.61,否,1.2,3.463,0.42,1.486,17.637,否,405352726.0,243352726.0,5812758090.84,3489678090.84,-138.369335,2.790439,0.597117,13.99,14.0,14.63,13.8,12.36,11.22,13.6,2021-07-05,-
2024-12-02,301017,漱玉平民,医药商业,14.52,14.79,14.3,14.56,14.3,10735000,156332299.0,4.4113,1.534,3.42,否,1.06,7.059,6.902,7.533,17.609,否,405352726.0,243352726.0,5901935690.56,3543215690.56,-140.492156,2.833249,0.606278,14.15,14.1,14.62,13.89,12.45,11.24,13.58,2021-07-05,-
2024-12-03,301017,漱玉平民,医药商业,14.49,14.56,14.04,14.21,14.04,8282627,117667886.24,3.4035,-2.404,3.57,否,0.75,-1.319,3.345,0.212,20.22,否,405352726.0,243352726.0,5760062236.46,3458042236.46,-137.11494,2.765142,0.591704,14.22,14.1,14.58,13.96,12.53,11.27,13.56,2021-07-05,-
2024-12-04,301017,漱玉平民,医药商业,14.1,14.41,13.65,13.78,13.65,7239400,101442060.0,2.9749,-3.026,5.35,否,0.65,-3.905,-0.577,-4.438,18.385,否,405352726.0,243352726.0,5585760564.28,3353400564.28,-132.96579,2.681467,0.573799,14.26,14.04,14.52,14.01,12.6,11.29,13.53,2021-07-05,-
2024-12-05,301017,漱玉平民,医药商业,13.71,13.9,13.6,13.9,13.6,5089400,70108922.0,2.0914,0.871,2.18,否,0.47,-4.533,2.206,-2.661,21.823,否,405352726.0,243352726.0,5634402891.4,3382602891.4,-134.123692,2.704818,0.578796,14.16,14.0,14.41,14.07,12.67,11.31,13.51,2021-07-05,-
2024-12-06,301017,漱玉平民,医药商业,13.82,14.35,13.71,14.08,13.71,6167475,86316882.25,2.5344,1.295,4.6,否,0.72,-0.915,-2.222,3.377,2.849,否,405352726.0,243352726.0,5707366382.08,3426406382.08,-135.860546,2.739845,0.586291,14.11,14.05,14.36,14.13,12.71,11.33,13.48,2021-07-05,-
2024-12-09,301017,漱玉平民,医药商业,14.14,14.42,13.95,14.29,13.95,7724895,109628487.55,3.1744,1.492,3.34,否,1.03,3.701,-0.349,3.927,-2.123,否,405352726.0,243352726.0,5792490454.54,3477510454.54,-137.886875,2.780709,0.595035,14.05,14.1,14.32,14.2,12.72,11.35,13.46,2021-07-05,-
2024-12-10,301017,漱玉平民,医药商业,14.65,14.78,14.22,14.29,14.22,11160970,161864354.8,4.5863,0.0,3.92,否,1.62,2.806,-1.854,3.102,-4.86,否,405352726.0,243352726.0,5792490454.54,3477510454.54,-137.886875,2.780709,0.595035,14.07,14.15,14.19,14.28,12.73,11.38,13.43,2021-07-05,-
2024-12-11,301017,漱玉平民,医药商业,14.16,14.75,14.16,14.45,14.16,6955611,100585004.51,2.8582,1.12,4.13,否,0.93,2.628,1.689,6.25,-3.731,否,405352726.0,243352726.0,5857346890.7,3516446890.7,-139.430745,2.811844,0.601698,14.2,14.23,14.12,14.37,12.78,11.41,13.41,2021-07-05,-
2024-12-12,301017,漱玉平民,医药商业,14.43,15.5,14.32,15.26,14.32,22489326,338237253.14,9.2415,5.606,8.17,否,3.03,6.788,10.74,5.972,-5.628,否,405352726.0,243352726.0,6185682598.76,3713562598.76,-147.246586,2.969463,0.635426,14.47,14.32,14.15,14.5,12.85,11.45,13.38,2021-07-05,-
2024-12-13,301017,漱玉平民,医药商业,15.0,15.8,14.78,14.87,14.78,17157996,259623354.72,7.0507,-2.556,6.68,否,1.57,4.059,6.978,3.696,-1.065,否,405352726.0,243352726.0,6027595035.62,3618655035.62,-143.483403,2.893572,0.619186,14.63,14.37,14.18,14.54,12.92,11.48,13.36,2021-07-05,-
2024-12-16,301017,漱玉平民,医药商业,14.78,15.6,14.78,15.05,14.78,13734600,208309432.0,5.6439,1.211,5.51,否,1.05,4.152,6.889,3.365,-0.856,否,405352726.0,243352726.0,6100558526.3,3662458526.3,-145.220257,2.928598,0.626682,14.78,14.42,14.26,14.56,13.0,11.52,13.33,2021-07-05,-
2024-12-17,301017,漱玉平民,医药商业,15.0,15.36,13.85,13.91,13.85,11973800,170819736.96,4.9203,-7.575,10.03,否,0.84,-8.847,-2.659,-2.111,-16.955,否,405352726.0,243352726.0,5638456418.66,3385036418.66,-134.220184,2.706764,0.579212,14.71,14.39,14.25,14.52,13.08,11.56,13.3,2021-07-05,-
2024-12-18,301017,漱玉平民,医药商业,14.03,14.47,13.38,13.98,13.38,10411300,143578786.0,4.2783,0.503,7.84,否,0.72,-5.985,-2.169,1.451,-11.631,否,405352726.0,243352726.0,5666831109.48,3402071109.48,-134.895627,2.720386,0.582127,14.61,14.41,14.22,14.48,13.15,11.59,13.27,2021-07-05,-
2024-12-19,301017,漱玉平民,医药商业,13.67,13.87,13.35,13.53,13.35,6915436,93768319.6,2.8417,-3.219,3.72,否,0.46,-10.1,-6.367,-2.662,-8.643,否,405352726.0,243352726.0,5484422382.78,3292562382.78,-130.553493,2.63282,0.563389,14.27,14.37,14.19,14.4,13.21,11.62,13.24,2021-07-05,-
2024-12-20,301017,漱玉平民,医药商业,13.54,13.99,13.49,13.74,13.49,5951200,82105639.0,2.4455,1.552,3.7,否,0.49,-1.222,-9.961,-2.415,-2.76,否,405352726.0,243352726.0,5569546455.24,3343666455.24,-132.579823,2.673684,0.572133,14.04,14.34,14.19,14.35,13.28,11.65,13.21,2021-07-05,-
2024-12-23,301017,漱玉平民,医药商业,13.72,13.77,12.77,12.78,12.77,8105269,106350573.05,3.3307,-6.987,7.28,否,0.83,-8.584,-14.055,-10.567,-5.613,否,405352726.0,243352726.0,5180407838.28,3110047838.28,-123.316604,2.486876,0.532159,13.59,14.19,14.14,14.27,13.33,11.68,13.18,2021-07-05,-
2024-12-24,301017,漱玉平民,医药商业,12.78,13.02,12.64,12.88,12.64,3476000,44613197.0,1.4284,0.783,2.97,否,0.4,-4.804,-14.419,-9.867,-9.168,否,405352726.0,243352726.0,5220943110.88,3134383110.88,-124.281522,2.506335,0.536323,13.38,14.05,14.1,14.14,13.38,11.7,13.15,2021-07-05,-
2024-12-25,301017,漱玉平民,医药商业,12.96,12.96,12.19,12.55,12.19,4257936,53259761.84,1.7497,-2.562,5.98,否,0.61,-8.661,-9.777,-13.149,-12.968,否,405352726.0,243352726.0,5087176711.3,3054076711.3,-121.097291,2.44212,0.522582,13.1,13.86,14.04,14.03,13.42,11.73,13.12,2021-07-05,-
2024-12-26,301017,漱玉平民,医药商业,12.5,12.73,12.45,12.52,12.45,3195100,40195111.0,1.313,-0.239,2.23,否,0.56,-2.034,-10.443,-17.955,-12.325,否,405352726.0,243352726.0,5075016129.52,3046776129.52,-120.807815,2.436282,0.521332,12.89,13.58,13.95,13.96,13.46,11.75,13.09,2021-07-05,-
2024-12-27,301017,漱玉平民,医药商业,12.5,12.88,12.35,12.73,12.35,3235000,41155371.0,1.3293,1.677,4.23,否,0.65,-1.165,-5.913,-14.391,-6.535,否,405352726.0,243352726.0,5160140201.98,3097880201.98,-122.834144,2.477147,0.530077,12.69,13.37,13.87,13.91,13.49,11.77,13.06,2021-07-05,-
2024-12-30,301017,漱玉平民,医药商业,12.7,12.7,12.25,12.33,12.25,3741300,46247564.0,1.5374,-3.142,3.53,否,0.84,-1.753,-10.262,-18.073,-10.327,否,405352726.0,243352726.0,4997999111.58,3000539111.58,-118.97447,2.39931,0.513421,12.6,13.1,13.76,13.87,13.48,11.79,13.03,2021-07-05,-
2024-12-31,301017,漱玉平民,医药商业,12.35,12.45,11.95,11.95,11.95,3248500,39486618.0,1.3349,-3.082,4.06,否,0.91,-4.553,-6.495,-14.091,-13.781,否,405352726.0,243352726.0,4843965075.7,2908065075.7,-115.307779,2.325365,0.497598,12.42,12.9,13.64,13.8,13.46,11.81,13.0,2021-07-05,-
2025-01-02,301017,漱玉平民,医药商业,11.95,12.33,11.75,11.9,11.75,3749700,45299969.0,1.5408,-0.418,4.85,否,1.06,-6.52,-7.609,-14.878,-12.5,否,405352726.0,243352726.0,4823697439.4,2895897439.4,-114.825319,2.315636,0.495516,12.29,12.69,13.55,13.71,13.47,11.83,12.97,2021-07-05,-
2025-01-03,301017,漱玉平民,医药商业,11.96,12.05,11.15,11.19,11.15,4693900,54030371.0,1.9288,-5.966,7.56,否,1.37,-9.246,-10.837,-17.295,-22.292,否,405352726.0,243352726.0,4535897003.94,2723117003.94,-107.974397,2.177476,0.465951,12.02,12.46,13.41,13.61,13.46,11.85,12.94,2021-07-05,-
2025-01-06,301017,漱玉平民,医药商业,11.11,11.7,10.59,11.44,10.59,5028900,57372108.0,2.0665,2.234,9.92,否,1.35,-4.268,-8.626,-16.739,-20.223,否,405352726.0,243352726.0,4637235185.44,2783955185.44,-110.386694,2.226124,0.476361,11.76,12.23,13.28,13.54,13.46,11.86,12.91,2021-07-05,-
2025-01-07,301017,漱玉平民,医药商业,11.5,11.52,11.14,11.51,11.14,3544200,40261481.0,1.4564,0.612,3.32,否,0.87,-3.277,-9.584,-9.937,-20.948,否,405352726.0,243352726.0,4665609876.26,2800989876.26,-111.062137,2.239745,0.479276,11.6,12.1,13.14,13.46,13.46,11.88,12.88,2021-07-05,-
2025-01-08,301017,漱玉平民,医药商业,11.6,12.0,11.26,11.64,11.26,5009400,58290502.0,2.0585,1.13,6.43,否,1.24,4.021,-5.596,-9.627,-18.086,否,405352726.0,243352726.0,4718305730.64,2832625730.64,-112.316531,2.265042,0.484689,11.54,11.98,13.01,13.39,13.46,11.9,12.85,2021-07-05,-
2025-01-09,301017,漱玉平民,医药商业,11.54,11.85,11.35,11.59,11.35,3306800,38506602.0,1.3589,-0.43,4.3,否,0.75,1.311,-3.013,-7.649,-15.893,否,405352726.0,243352726.0,4698038094.34,2820458094.34,-111.834072,2.255313,0.482607,11.47,11.88,12.87,13.32,13.46,11.91,12.81,2021-07-05,-
2025-01-10,301017,漱玉平民,医药商业,11.62,11.72,11.03,11.08,11.03,3505600,39795086.0,1.4405,-4.4,5.95,否,0.81,-3.736,-6.891,-11.502,-20.288,否,405352726.0,243352726.0,4491308204.08,2696348204.08,-106.912987,2.156071,0.461371,11.45,11.74,12.66,13.21,13.46,11.93,12.78,2021-07-05,-
2025-01-13,301017,漱玉平民,医药商业,11.0,11.24,10.78,11.23,10.78,2859400,31658282.0,1.175,1.354,4.15,否,0.7,-3.522,0.357,-11.783,-20.241,否,405352726.0,243352726.0,4552111112.98,2732851112.98,-108.360365,2.18526,0.467617,11.41,11.59,12.48,13.11,13.46,11.94,12.74,2021-07-05,-
2025-01-14,301017,漱玉平民,医药商业,11.26,11.73,11.23,11.72,11.23,3673100,42314310.0,1.5094,4.363,4.45,否,1.01,1.122,2.448,-4.947,-17.985,否,405352726.0,243352726.0,4750733948.72,2852093948.72,-113.088466,2.280609,0.488021,11.45,11.53,12.31,13.01,13.45,11.96,12.71,2021-07-05,-
2025-01-15,301017,漱玉平民,医药商业,11.7,11.86,11.57,11.65,11.57,2714100,31713548.0,1.1153,-0.597,2.47,否,0.74,5.144,1.216,-2.51,-18.474,否,405352726.0,243352726.0,4722359257.9,2835059257.9,-112.413023,2.266988,0.485106,11.45,11.5,12.2,12.93,13.44,11.98,12.67,2021-07-05,-
2025-01-16,301017,漱玉平民,医药商业,11.68,11.94,11.55,11.66,11.55,2586400,30358466.0,1.0628,0.086,3.35,否,0.81,3.829,0.172,-2.017,-19.308,否,405352726.0,243352726.0,4726412785.16,2837492785.16,-112.509515,2.268934,0.485522,11.47,11.47,12.08,12.86,13.43,12.0,12.64,2021-07-05,-
2025-01-17,301017,漱玉平民,医药商业,11.66,11.69,11.45,11.59,11.45,2353000,27205755.0,0.9669,-0.6,2.06,否,0.77,-1.109,0.0,3.575,-24.05,否,405352726.0,243352726.0,4698038094.34,2820458094.34,-111.834072,2.255313,0.482607,11.57,11.51,11.98,12.78,13.42,12.01,12.61,2021-07-05,-
2025-01-20,301017,漱玉平民,医药商业,11.68,11.78,11.47,11.74,11.47,2425800,28346154.0,0.9968,1.294,2.67,否,0.85,0.773,5.957,2.622,-21.049,否,405352726.0,243352726.0,4758841003.24,2856961003.24,-113.28145,2.284501,0.488853,11.67,11.54,11.88,12.7,13.42,12.02,12.58,2021-07-05,-
2025-01-21,301017,漱玉平民,医药商业,11.78,11.82,11.43,11.54,11.43,2354100,27203074.0,0.9674,-1.704,3.32,否,0.86,-1.029,2.76,0.261,-23.322,否,405352726.0,243352726.0,4677770458.04,2808290458.04,-111.351612,2.245583,0.480525,11.64,11.54,11.82,12.61,13.4,12.03,12.55,2021-07-05,-
2025-01-22,301017,漱玉平民,医药商业,11.45,11.48,11.26,11.34,11.26,2171100,24646975.43,0.8922,-1.733,1.91,否,0.87,-2.157,-3.242,-2.577,-18.476,否,405352726.0,243352726.0,4596699912.84,2759619912.84,-109.421775,2.206665,0.472197,11.57,11.51,11.75,12.51,13.4,12.04,12.51,2021-07-05,-
2025-01-23,301017,漱玉平民,医药商业,11.51,11.68,11.41,11.45,11.41,2669200,30910912.0,1.0968,0.97,2.38,否,1.12,-2.47,-1.717,-1.208,-18.097,否,405352726.0,243352726.0,4641288712.7,2786388712.7,-110.483186,2.22807,0.476778,11.53,11.5,11.69,12.41,13.39,12.05,12.48,2021-07-05,-
2025-01-24,301017,漱玉平民,医药商业,11.45,11.55,11.25,11.4,11.25,3112200,35345491.0,1.2789,-0.437,2.62,否,1.3,-1.213,-2.23,2.888,-15.743,否,405352726.0,243352726.0,4621021076.4,2774221076.4,-110.000726,2.21834,0.474696,11.49,11.53,11.63,12.28,13.39,12.06,12.45,2021-07-05,-
2025-01-27,301017,漱玉平民,医药商业,11.33,11.61,11.14,11.14,11.14,2631400,29894715.0,1.0813,-2.281,4.12,否,1.03,-1.764,-3.883,-0.801,-18.923,否,405352726.0,243352726.0,4515629367.64,2710949367.64,-107.491938,2.167747,0.463869,11.37,11.52,11.55,12.16,13.35,12.07,12.42,2021-07-05,-
2025-02-05,301017,漱玉平民,医药商业,11.18,11.4,11.17,11.3,11.17,2201700,24864386.0,0.9047,1.436,2.06,否,0.85,-1.31,-3.748,-3.584,-11.581,否,405352726.0,243352726.0,4580485803.8,2749885803.8,-109.035808,2.198881,0.470532,11.33,11.48,11.5,12.03,13.29,12.08,12.39,2021-07-05,-
2025-02-06,301017,漱玉平民,医药商业,11.28,11.45,10.98,11.45,10.98,3896755,43737421.65,1.6013,1.327,4.16,否,1.52,0.439,-0.78,-1.717,-11.102,否,405352726.0,243352726.0,4641288712.7,2786388712.7,-110.483186,2.22807,0.476778,11.35,11.46,11.48,11.95,13.23,12.09,12.36,2021-07-05,-
2025-02-07,301017,漱玉平民,医药商业,11.45,11.93,11.35,11.81,11.35,5431986,63654372.33,2.2321,3.144,5.07,否,1.87,6.014,4.145,1.286,-5.896,否,405352726.0,243352726.0,4787215694.06,2873995694.06,-113.956893,2.298123,0.491768,11.42,11.48,11.47,11.88,13.18,12.1,12.34,2021-07-05,-
2025-02-10,301017,漱玉平民,医药商业,11.89,12.73,11.77,12.58,11.77,11518810,141902519.0,4.7334,6.52,8.13,否,3.33,11.327,9.869,8.542,0.479,否,405352726.0,243352726.0,5099337293.08,3061377293.08,-121.386766,2.447958,0.523831,11.66,11.58,11.54,11.85,13.12,12.11,12.31,2021-07-05,-
2025-02-11,301017,漱玉平民,医药商业,12.42,12.48,12.04,12.19,12.04,6380955,77904112.25,2.6221,-3.1,3.5,否,1.24,6.463,6.93,3.833,-4.242,否,405352726.0,243352726.0,4941249729.94,2966469729.94,-117.623584,2.372067,0.507591,11.87,11.62,11.58,11.8,13.07,12.12,12.29,2021-07-05,-
2025-02-12,301017,漱玉平民,医药商业,12.19,12.31,12.02,12.28,12.02,4595755,55861534.1,1.8885,0.738,2.38,否,0.78,3.98,10.233,6.412,-0.406,否,405352726.0,243352726.0,4977731475.28,2988371475.28,-118.49201,2.389581,0.511339,12.06,11.69,11.62,11.78,13.03,12.13,12.27,2021-07-05,-
2025-02-13,301017,漱玉平民,医药商业,12.3,12.98,12.13,12.74,12.13,10198430,128292548.15,4.1908,3.746,6.92,否,1.6,1.272,12.743,12.346,6.611,否,405352726.0,243352726.0,5164193729.24,3100313729.24,-122.930636,2.479093,0.530493,12.32,11.83,11.67,11.77,12.96,12.15,12.25,2021-07-05,-
2025-02-14,301017,漱玉平民,医药商业,12.58,13.3,12.58,13.19,12.58,13836700,180387670.17,5.6859,3.532,5.65,否,1.81,8.203,15.197,15.197,10.84,否,405352726.0,243352726.0,5346602455.94,3209822455.94,-127.27277,2.566659,0.549231,12.6,12.01,11.75,11.8,12.92,12.18,12.24,2021-07-05,-
2025-02-17,301017,漱玉平民,医药商业,13.39,14.06,13.05,13.77,13.05,18453257,252750786.8,7.5829,4.397,7.66,否,1.98,12.134,16.596,20.789,23.056,否,405352726.0,243352726.0,5581707037.02,3350967037.02,-132.869298,2.679522,0.573382,12.83,12.25,11.89,11.84,12.9,12.21,12.22,2021-07-05,-
2025-02-18,301017,漱玉平民,医药商业,13.6,13.6,12.63,12.66,12.63,10009557,130390370.24,4.1132,-8.061,7.04,否,0.94,-0.628,0.636,13.645,10.664,否,405352726.0,243352726.0,5131765511.16,3080845511.16,-122.158701,2.463525,0.527162,12.93,12.4,11.96,11.84,12.87,12.23,12.21,2021-07-05,-
2025-02-19,301017,漱玉平民,医药商业,12.65,12.7,12.35,12.5,12.35,8249255,102617381.2,3.3898,-1.264,2.76,否,0.72,-5.231,2.543,10.619,8.601,否,405352726.0,243352726.0,5066909075.0,3041909075.0,-120.614831,2.432391,0.5205,12.97,12.52,12.0,11.84,12.86,12.25,12.19,2021-07-05,-
2025-02-20,301017,漱玉平民,医药商业,12.5,12.88,12.38,12.42,12.38,7810276,98467246.41,3.2094,-0.64,4.0,否,0.64,-9.804,1.14,8.472,6.701,否,405352726.0,243352726.0,5034480856.92,3022440856.92,-119.842896,2.416823,0.517169,12.91,12.61,12.04,11.86,12.83,12.27,12.18,2021-07-05,-
2025-02-21,301017,漱玉平民,医药商业,12.38,12.65,12.22,12.44,12.22,6705004,83114273.75,2.7553,0.161,3.46,否,0.57,-1.738,-2.355,5.334,7.334,否,405352726.0,243352726.0,5042587911.44,3027307911.44,-120.03588,2.420715,0.518001,12.76,12.68,12.08,11.87,12.79,12.3,12.17,2021-07-05,-
2025-02-24,301017,漱玉平民,医药商业,12.42,12.45,12.13,12.26,12.13,5625804,68968146.84,2.3118,-1.447,2.57,否,0.55,-1.92,-7.051,-2.544,10.65,否,405352726.0,243352726.0,4969624420.76,2983504420.76,-118.299027,2.385689,0.510506,12.46,12.65,12.11,11.91,12.76,12.32,12.17,2021-07-05,-
2025-02-25,301017,漱玉平民,医药商业,12.17,12.33,12.08,12.16,12.08,4146904,50579583.08,1.7041,-0.816,2.04,否,0.54,-2.093,-11.692,-0.246,8.281,否,405352726.0,243352726.0,4929089148.16,2959169148.16,-117.334108,2.36623,0.506342,12.36,12.64,12.13,11.93,12.74,12.34,12.16,2021-07-05,-
2025-02-26,301017,漱玉平民,医药商业,12.27,12.32,12.08,12.3,12.08,4096020,50023776.05,1.6832,1.151,1.97,否,0.63,-1.125,-2.844,0.163,4.949,否,405352726.0,243352726.0,4985838529.8,2993238529.8,-118.684994,2.393472,0.512172,12.32,12.64,12.17,11.96,12.71,12.37,12.16,2021-07-05,-
2025-02-27,301017,漱玉平民,医药商业,12.3,12.47,12.13,12.35,12.13,4749000,58496142.0,1.9515,0.407,2.76,否,0.84,0.734,-1.2,-3.061,6.009,否,405352766.0,243352766.0,5006106660.1,3005406660.1,-119.167453,2.403202,0.514254,12.3,12.61,12.22,11.98,12.69,12.4,12.16,2021-07-05,-
2025-02-28,301017,漱玉平民,医药商业,12.35,12.35,11.71,11.86,11.71,5021734,60646554.43,2.0636,-3.968,5.18,否,0.99,-2.467,-4.509,-10.083,1.715,否,405352766.0,243352766.0,4807483804.76,2886163804.76,-114.439352,2.307852,0.49385,12.19,12.47,12.24,11.99,12.66,12.42,12.15,2021-07-05,-
2025-03-03,301017,漱玉平民,医药商业,11.85,12.11,11.77,11.95,11.77,3434300,41107897.0,1.4112,0.759,2.87,否,0.73,-2.846,-3.939,-13.217,3.106,否,405352766.0,243352766.0,4843965553.7,2908065553.7,-115.30779,2.325366,0.497598,12.12,12.29,12.27,12.02,12.62,12.44,12.15,2021-07-05,-
2025-03-04,301017,漱玉平民,医药商业,11.84,12.05,11.77,12.05,11.77,3005800,35993282.0,1.2352,0.837,2.34,否,0.7,-2.429,-1.713,-4.818,2.641,否,405352766.0,243352766.0,4884500830.3,2932400830.3,-116.272709,2.344825,0.501762,12.1,12.23,12.31,12.05,12.58,12.47,12.14,2021-07-05,-
2025-03-05,301017,漱玉平民,医药商业,12.07,12.07,11.73,11.86,11.73,3771755,44621427.7,1.5499,-1.577,2.82,否,0.93,0.0,-2.467,-5.12,2.773,否,405352766.0,243352766.0,4807483804.76,2886163804.76,-114.439363,2.307852,0.49385,12.01,12.17,12.34,12.05,12.53,12.49,12.13,2021-07-05,-
2025-03-06,301017,漱玉平民,医药商业,11.87,12.2,11.84,12.2,11.84,4009328,48430010.76,1.6475,2.867,3.04,否,1.0,2.092,-0.813,-1.771,7.584,否,405352766.0,243352766.0,4945303745.2,2968903745.2,-117.720087,2.374014,0.508008,11.98,12.14,12.38,12.07,12.5,12.51,12.13,2021-07-05,-
2025-03-07,301017,漱玉平民,医药商业,12.15,12.27,11.88,11.91,11.88,3558000,42710264.0,1.4621,-2.377,3.2,否,0.92,-1.162,-3.563,-4.26,4.017,否,405352766.0,243352766.0,4827751443.06,2898331443.06,-114.921823,2.317582,0.495932,11.99,12.09,12.38,12.08,12.47,12.54,12.12,2021-07-05,-
2025-03-10,301017,漱玉平民,医药商业,12.28,13.3,12.13,12.85,12.13,14932537,188245052.88,6.1362,7.893,9.82,否,4.2,8.347,8.347,4.812,12.719,否,405352766.0,243352766.0,5208783043.1,3127083043.1,-123.992059,2.500498,0.535074,12.17,12.15,12.4,12.12,12.45,12.56,12.11,2021-07-05,-
2025-03-11,301017,漱玉平民,医药商业,12.6,12.83,12.33,12.52,12.33,8556300,106683074.0,3.516,-2.568,3.89,否,1.46,2.623,4.77,2.961,12.388,否,405352766.0,243352766.0,5075016630.32,3046776630.32,-120.807827,2.436283,0.521333,12.27,12.19,12.41,12.15,12.43,12.57,12.09,2021-07-05,-
2025-03-12,301017,漱玉平民,医药商业,12.52,12.63,12.38,12.45,12.38,5640300,70374264.0,2.3177,-0.559,2.0,否,0.81,4.534,3.32,1.22,10.177,否,405352766.0,243352766.0,5046641936.7,3029741936.7,-120.132384,2.422661,0.518418,12.39,12.2,12.42,12.18,12.39,12.56,12.09,2021-07-05,-
2025-03-13,301017,漱玉平民,医药商业,12.41,12.76,12.21,12.35,12.21,6635300,82834896.0,2.7266,-0.803,4.42,否,0.9,-3.891,4.132,0.0,7.86,否,405352766.0,243352766.0,5006106660.1,3005406660.1,-119.167465,2.403202,0.514254,12.42,12.2,12.4,12.21,12.36,12.55,12.08,2021-07-05,-
2025-03-14,301017,漱玉平民,医药商业,12.29,12.68,12.06,12.66,12.06,7492000,93040956.0,3.0787,2.51,5.02,否,0.95,1.118,3.77,6.745,7.197,否,405352766.0,243352766.0,5131766017.56,3080846017.56,-122.158713,2.463525,0.527162,12.57,12.28,12.38,12.25,12.33,12.55,12.07,2021-07-05,-
2025-03-17,301017,漱玉平民,医药商业,12.66,12.67,12.4,12.43,12.4,4386800,54761113.0,1.8027,-1.817,2.13,否,0.51,-0.161,4.366,4.017,-1.192,否,405352766.0,243352766.0,5038534881.38,3024874881.38,-119.9394,2.418769,0.517585,12.48,12.33,12.31,12.29,12.29,12.57,12.07,2021-07-05,-
2025-03-18,301017,漱玉平民,医药商业,12.48,12.58,12.3,12.44,12.3,4761400,59129417.0,1.9566,0.081,2.25,否,0.73,0.729,-3.191,3.237,2.051,否,405352766.0,243352766.0,5042588409.04,3027308409.04,-120.035892,2.420715,0.518001,12.47,12.37,12.3,12.33,12.24,12.58,12.06,2021-07-05,-
2025-03-19,301017,漱玉平民,医药商业,12.34,12.47,12.21,12.29,12.21,3558700,43774782.0,1.4624,-1.206,2.09,否,0.62,-2.923,-1.837,3.626,0.081,否,405352766.0,243352766.0,4981785494.14,2990805494.14,-118.588514,2.391527,0.511755,12.43,12.41,12.29,12.36,12.2,12.6,12.06,2021-07-05,-
2025-03-20,301017,漱玉平民,医药商业,12.25,12.29,12.12,12.17,12.12,2335100,28463520.0,0.9596,-0.976,1.38,否,0.44,-2.092,-2.249,-0.246,-4.474,否,405352766.0,243352766.0,4933143162.22,2961603162.22,-117.430611,2.368176,0.506759,12.4,12.41,12.28,12.39,12.17,12.62,12.05,2021-07-05,-
2025-03-21,301017,漱玉平民,医药商业,12.19,12.28,11.79,11.82,11.79,3728300,44615676.0,1.5321,-2.876,4.03,否,0.83,-4.984,-4.291,-0.756,-10.387,否,405352766.0,243352766.0,4791269694.12,2876429694.12,-114.053396,2.300069,0.492185,12.23,12.4,12.24,12.39,12.13,12.64,12.04,2021-07-05,-
2025-03-24,301017,漱玉平民,医药商业,11.8,11.88,11.33,11.55,11.33,3580100,41445069.0,1.4712,-2.284,4.65,否,0.95,-6.021,-8.768,-10.117,-16.122,否,405352766.0,243352766.0,4681824447.3,2810724447.3,-111.448115,2.247529,0.480942,12.05,12.27,12.21,12.35,12.1,12.66,12.03,2021-07-05,-
2025-03-25,301017,漱玉平民,医药商业,11.76,11.76,11.34,11.58,11.34,2525200,29081830.0,1.0377,0.26,3.64,否,0.7,-4.848,-6.838,-7.508,-8.531,否,405352766.0,243352766.0,4693985030.28,2818025030.28,-111.737591,2.253367,0.482191,11.88,12.17,12.18,12.33,12.06,12.67,12.02,2021-07-05,-
2025-03-26,301017,漱玉平民,医药商业,11.58,11.76,11.52,11.61,11.52,2277406,26546733.26,0.9358,0.259,2.07,否,0.72,-1.777,-6.672,-6.747,-7.12,否,405352766.0,243352766.0,4706145613.26,2825325613.26,-112.027066,2.259205,0.48344,11.75,12.09,12.15,12.31,12.05,12.69,12.01,2021-07-05,-
2025-03-27,301017,漱玉平民,医药商业,11.61,11.66,11.32,11.63,11.32,2475300,28495754.0,1.0172,0.172,2.93,否,0.86,0.693,-5.37,-5.83,-6.361,否,405352766.0,243352766.0,4714252668.58,2830192668.58,-112.22005,2.263096,0.484273,11.64,12.02,12.11,12.27,12.02,12.7,12.0,2021-07-05,-
2025-03-28,301017,漱玉平民,医药商业,11.69,11.78,11.37,11.38,11.37,2517028,29147128.72,1.0343,-2.15,3.53,否,0.86,-1.727,-6.491,-10.111,-8.521,否,405352766.0,243352766.0,4612914477.08,2769354477.08,-109.807753,2.214449,0.473863,11.55,11.89,12.09,12.21,12.01,12.71,11.99,2021-07-05,-
2025-03-31,301017,漱玉平民,医药商业,11.28,11.32,11.05,11.22,11.05,2711400,30300851.0,1.1142,-1.406,2.37,否,1.01,-3.359,-5.076,-9.735,-8.483,否,405352766.0,243352766.0,4548058034.52,2730418034.52,-108.263883,2.183314,0.467201,11.48,11.77,12.05,12.13,11.98,12.72,11.97,2021-07-05,-
2025-04-01,301017,漱玉平民,医药商业,11.22,11.79,11.22,11.51,11.22,3789257,43924698.95,1.5571,2.585,5.08,否,1.51,-1.032,-0.346,-7.476,-5.345,否,405352766.0,243352766.0,4665610336.66,2800990336.66,-111.062148,2.239746,0.479276,11.47,11.68,12.02,12.09,11.96,12.72,11.96,2021-07-05,-
2025-04-02,301017,漱玉平民,医药商业,11.54,11.63,11.43,11.44,11.43,1743825,20103353.5,0.7166,-0.608,1.74,否,0.63,0.527,-1.209,-6.916,-6.992,否,405352766.0,243352766.0,4637235643.04,2783955643.04,-110.386705,2.226124,0.476361,11.44,11.59,12.0,12.06,11.95,12.72,11.94,2021-07-05,-
2025-04-03,301017,漱玉平民,医药商业,11.3,11.77,11.3,11.62,11.3,2620225,30358504.25,1.0767,1.573,4.11,否,0.99,3.565,0.086,-4.519,-5.911,否,405352766.0,243352766.0,4710199140.92,2827759140.92,-112.123558,2.261151,0.483857,11.43,11.54,11.97,12.03,11.94,12.7,11.93,2021-07-05,-
2025-04-07,301017,漱玉平民,医药商业,10.65,11.0,9.3,9.4,9.3,7440200,74830401.6,3.0574,-19.105,14.63,否,2.78,-18.332,-19.175,-20.474,-20.742,否,405352766.0,243352766.0,3810316000.4,2287516000.4,-90.702362,1.829158,0.391416,11.04,11.29,11.85,11.93,11.9,12.68,11.91,2021-07-05,-
2025-04-08,301017,漱玉平民,医药商业,9.69,10.36,9.61,10.08,9.61,5425201,54369636.61,2.2294,7.234,7.98,否,1.48,-11.888,-11.424,-12.727,-15.649,否,405352766.0,243352766.0,4085955881.28,2452995881.28,-97.26381,1.96148,0.419731,10.81,11.15,11.71,11.85,11.88,12.67,11.9,2021-07-05,-
2025-04-09,301017,漱玉平民,医药商业,9.88,10.45,9.26,10.35,9.26,5302484,52478743.11,2.1789,2.679,11.81,否,1.26,-10.929,-7.754,-10.622,-14.108,否,405352766.0,243352766.0,4195401128.1,2518701128.1,-99.86909,2.01402,0.430974,10.58,11.02,11.6,11.79,11.86,12.66,11.89,2021-07-05,-
2025-04-10,301017,漱玉平民,医药商业,10.5,10.77,10.47,10.68,10.47,4156387,44302386.42,1.708,3.188,2.9,否,0.92,13.617,-7.211,-8.01,-9.949,否,405352766.0,243352766.0,4329167540.88,2599007540.88,-103.053322,2.078235,0.444715,10.43,10.93,11.51,11.74,11.85,12.65,11.88,2021-07-05,-
2025-04-11,301017,漱玉平民,医药商业,10.58,10.83,10.5,10.56,10.5,3391600,36056699.0,1.3937,-1.124,3.09,否,0.68,4.762,-7.692,-9.2,-13.443,否,405352766.0,243352766.0,4280525208.96,2569805208.96,-101.89542,2.054884,0.439718,10.21,10.82,11.42,11.68,11.83,12.65,11.87,2021-07-05,-
2025-04-14,301017,漱玉平民,医药商业,10.82,11.22,10.7,10.99,10.7,5333200,58588651.0,2.1916,4.072,4.92,否,1.04,6.184,-5.422,-3.427,-7.725,否,405352766.0,243352766.0,4454826898.34,2674446898.34,-106.04457,2.138558,0.457623,10.53,10.79,11.34,11.65,11.82,12.64,11.86,2021-07-05,-
2025-04-15,301017,漱玉平民,医药商业,10.96,11.11,10.82,10.94,10.82,3142700,34398174.0,1.2914,-0.455,2.64,否,0.67,2.434,16.383,-2.496,-14.864,否,405352766.0,243352766.0,4434559260.04,2662279260.04,-105.562111,2.128829,0.455541,10.7,10.76,11.26,11.62,11.82,12.64,11.85,2021-07-05,-
2025-04-16,301017,漱玉平民,医药商业,10.83,10.92,10.49,10.71,10.49,3248300,34682459.0,1.3348,-2.102,3.93,否,0.76,1.42,6.25,-6.95,-14.457,否,405352766.0,243352766.0,4341328123.86,2606308123.86,-103.342798,2.084073,0.445964,10.78,10.68,11.18,11.57,11.81,12.63,11.84,2021-07-05,-
2025-04-17,301017,漱玉平民,医药商业,10.7,10.92,10.5,10.8,10.5,2938500,31787033.0,1.2075,0.84,3.92,否,0.76,-1.729,4.348,-5.594,-13.253,否,405352766.0,243352766.0,4377809872.8,2628209872.8,-104.211225,2.101586,0.449712,10.8,10.61,11.1,11.54,11.8,12.62,11.82,2021-07-05,-
2025-04-18,301017,漱玉平民,医药商业,11.5,11.5,10.59,10.67,10.59,4739600,51501392.0,1.9476,-1.204,8.43,否,1.31,-2.468,-0.094,-8.176,-13.603,否,405352766.0,243352766.0,4325114013.22,2596574013.22,-102.95683,2.076289,0.444299,10.82,10.52,11.03,11.49,11.78,12.61,11.81,2021-07-05,-
2025-04-21,301017,漱玉平民,医药商业,10.52,10.78,10.51,10.77,10.51,3300400,35167432.0,1.3562,0.937,2.53,否,0.85,0.56,1.989,14.574,-14.929,否,405352766.0,243352766.0,4365649289.82,2620909289.82,-103.921749,2.095748,0.448463,10.78,10.66,10.97,11.45,11.77,12.6,11.8,2021-07-05,-
2025-04-22,301017,漱玉平民,医药商业,10.72,10.88,10.61,10.87,10.61,3035400,32806057.0,1.2473,0.929,2.51,否,0.87,0.648,-1.092,7.837,-12.55,否,405352766.0,243352766.0,4406184566.42,2645244566.42,-104.886668,2.115207,0.452627,10.76,10.73,10.94,11.38,11.75,12.59,11.8,2021-07-05,-
2025-04-23,301017,漱玉平民,医药商业,10.88,10.93,10.72,10.79,10.72,3215010,34706351.1,1.3211,-0.736,1.93,否,0.93,1.125,-1.371,4.251,-13.264,否,405352766.0,243352766.0,4373756345.14,2625776345.14,-104.114733,2.09964,0.449295,10.78,10.78,10.9,11.33,11.74,12.58,11.79,2021-07-05,-
2025-04-24,301017,漱玉平民,医药商业,10.74,10.91,10.56,10.66,10.56,2868568,30760422.72,1.1788,-1.205,3.24,否,0.83,-1.021,-0.467,-0.187,-13.263,否,405352766.0,243352766.0,4321060485.56,2594140485.56,-102.860338,2.074343,0.443882,10.75,10.78,10.85,11.27,11.72,12.56,11.78,2021-07-05,-
2025-04-25,301017,漱玉平民,医药商业,10.56,10.84,10.55,10.56,10.55,2281068,24318327.48,0.9374,-0.938,2.72,否,0.66,-2.852,-2.222,0.0,-13.229,否,405352766.0,243352766.0,4280525208.96,2569805208.96,-101.89542,2.054884,0.439718,10.73,10.78,10.8,11.21,11.71,12.55,11.78,2021-07-05,-
2025-04-28,301017,漱玉平民,医药商业,10.56,10.74,10.34,10.46,10.34,2639500,27641176.0,1.0846,-0.947,3.79,否,0.9,-3.058,-1.968,-4.823,-11.506,否,405352766.0,243352766.0,4239989932.36,2545469932.36,-100.930501,2.035425,0.435554,10.67,10.72,10.75,11.13,11.69,12.54,11.77,2021-07-05,-
2025-04-29,301017,漱玉平民,医药商业,10.9,11.11,10.65,10.91,10.65,5922700,64724256.0,2.4338,4.302,4.4,否,2.11,2.345,1.3,-0.274,-5.541,否,405352766.0,243352766.0,4422398677.06,2654978677.06,-25.460768,2.296436,0.465031,10.68,10.72,10.74,11.08,11.68,12.54,11.77,2021-07-05,-
2025-04-30,301017,漱玉平民,医药商业,10.96,11.77,10.96,11.2,10.96,6983700,79189108.0,2.8698,2.658,7.42,否,2.06,6.061,3.036,4.575,-3.282,否,405352766.0,243352766.0,4539950979.2,2725550979.2,-26.137544,2.357478,0.477392,10.76,10.77,10.72,11.04,11.69,12.52,11.76,2021-07-05,-
2025-05-06,301017,漱玉平民,医药商业,11.23,11.37,11.13,11.35,11.13,5038700,56708098.0,2.0705,1.339,2.14,否,1.22,8.509,5.19,5.093,-2.239,否,405352766.0,243352766.0,4600753894.1,2762053894.1,-26.4876,2.389051,0.483785,10.9,10.82,10.72,11.01,11.69,12.49,11.76,2021-07-05,-
2025-05-07,301017,漱玉平民,医药商业,11.45,11.7,11.25,11.34,11.25,4953200,56818169.0,2.0354,-0.088,3.96,否,1.08,3.941,6.379,6.279,-2.494,否,405352766.0,243352766.0,4596700366.44,2759620366.44,-26.464263,2.386947,0.483359,11.05,10.89,10.7,10.98,11.68,12.46,11.76,2021-07-05,-
2025-05-08,301017,漱玉平民,医药商业,11.33,11.54,11.26,11.44,11.26,3334100,38158209.0,1.3701,0.882,2.47,否,0.65,2.143,8.333,6.221,0.527,否,405352766.0,243352766.0,4637235643.04,2783955643.04,-26.697634,2.407996,0.487622,11.25,10.96,10.81,10.97,11.68,12.43,11.76,2021-07-05,-
2025-05-09,301017,漱玉平民,医药商业,11.4,11.62,11.3,11.5,11.3,4215200,48394657.0,1.7321,0.525,2.8,否,0.8,1.322,9.943,5.796,2.496,否,405352766.0,243352766.0,4661556809.0,2798556809.0,-26.837657,2.420625,0.490179,11.37,11.02,10.88,10.97,11.66,12.39,11.75,2021-07-05,-
2025-05-12,301017,漱玉平民,医药商业,11.53,11.61,11.35,11.54,11.35,3179500,36432922.0,1.3065,0.348,2.26,否,0.65,1.764,5.775,6.951,0.261,否,405352766.0,243352766.0,4677770919.64,2808290919.64,-26.931005,2.429044,0.491884,11.43,11.1,10.94,10.97,11.65,12.36,11.75,2021-07-05,-
2025-05-13,301017,漱玉平民,医药商业,11.61,11.83,11.55,11.72,11.55,4012300,46857608.0,1.6488,1.56,2.43,否,0.97,2.448,4.643,9.944,2.448,否,405352766.0,243352766.0,4750734417.52,2852094417.52,-27.351073,2.466932,0.499556,11.51,11.2,10.99,10.97,11.64,12.33,11.75,2021-07-05,-
2025-05-14,301017,漱玉平民,医药商业,11.72,11.72,11.45,11.61,11.45,3218900,37172788.0,1.3227,-0.939,2.3,否,0.82,0.957,2.291,9.943,-0.086,否,405352766.0,243352766.0,4706145613.26,2825325613.26,-27.094365,2.443779,0.494868,11.56,11.31,11.04,10.97,11.62,12.29,11.74,2021-07-05,-
2025-05-15,301017,漱玉平民,医药商业,11.57,11.74,11.49,11.69,11.49,3176800,37011112.0,1.3054,0.689,2.15,否,0.88,1.3,3.086,11.759,24.362,否,405352766.0,243352766.0,4738573834.54,2844793834.54,-27.281061,2.460618,0.498278,11.61,11.43,11.08,10.98,11.6,12.26,11.74,2021-07-05,-
2025-05-16,301017,漱玉平民,医药商业,11.68,11.78,11.55,11.74,11.55,3082300,36026887.0,1.2666,0.428,1.97,否,0.87,0.171,2.622,7.608,16.468,否,405352766.0,243352766.0,4758841472.84,2856961472.84,-27.397747,2.471142,0.500409,11.66,11.51,11.12,11.0,11.56,12.23,11.73,2021-07-05,-
2025-05-19,301017,漱玉平民,医药商业,11.77,11.9,11.58,11.89,11.58,3970100,46717695.0,1.6314,1.278,2.73,否,1.19,2.412,3.391,6.161,14.879,否,405352766.0,243352766.0,4819644387.74,2893464387.74,-27.747803,2.502716,0.506803,11.73,11.58,11.18,11.01,11.55,12.21,11.73,2021-07-05,-
2025-05-20,301017,漱玉平民,医药商业,11.85,12.57,11.82,12.31,11.82,9695427,118567196.02,3.9841,3.532,6.31,否,2.78,5.304,6.672,8.458,15.262,否,405352766.0,243352766.0,4989892549.46,2995672549.46,-28.727961,2.591121,0.524705,11.85,11.68,11.25,11.04,11.55,12.2,11.73,2021-07-05,-
2025-05-21,301017,漱玉平民,医药商业,12.31,13.39,12.31,12.37,12.31,12573327,159469238.76,5.1667,0.487,8.77,否,2.72,5.366,5.546,9.083,17.14,否,405352766.0,243352766.0,5014213715.42,3010273715.42,-28.867984,2.60375,0.527262,12.0,11.78,11.34,11.06,11.55,12.19,11.73,2021-07-05,-
2025-05-22,301017,漱玉平民,医药商业,12.26,12.59,12.02,12.18,12.02,7705268,94775752.88,3.1663,-1.536,4.61,否,1.19,2.439,4.91,6.469,10.828,否,405352766.0,243352766.0,4937196689.88,2964036689.88,-28.424579,2.563757,0.519164,12.1,11.86,11.41,11.16,11.54,12.17,11.72,2021-07-05,-
2025-05-23,301017,漱玉平民,医药商业,12.1,12.98,11.91,12.27,11.91,11617901,144817636.38,4.7741,0.739,8.78,否,1.57,-0.325,4.962,6.696,12.157,否,405352766.0,243352766.0,4973678438.82,2985938438.82,-28.634613,2.582701,0.523,12.2,11.93,11.48,11.23,11.54,12.15,11.72,2021-07-05,-
2025-05-26,301017,漱玉平民,医药商业,12.24,12.69,12.16,12.54,12.16,7967468,98889109.84,3.274,2.201,4.32,否,0.87,1.374,6.814,8.666,17.087,否,405352766.0,243352766.0,5083123685.64,3051643685.64,-29.264714,2.639534,0.534508,12.33,12.03,11.56,11.3,11.55,12.14,11.72,2021-07-05,-
2025-05-27,301017,漱玉平民,医药商业,12.47,12.57,12.23,12.47,12.23,5743700,71264848.0,2.3602,-0.558,2.71,否,0.58,2.381,4.878,6.399,15.463,否,405352766.0,243352766.0,5054748992.02,3034608992.02,-29.101354,2.624799,0.531525,12.37,12.11,11.65,11.36,11.55,12.13,11.72,2021-07-05,-
2025-05-28,301017,漱玉平民,医药商业,12.21,12.3,11.9,12.19,11.9,8219910,99351795.3,3.3778,-2.245,3.21,否,0.9,-0.652,-0.975,4.996,14.246,否,405352766.0,243352766.0,4941250217.54,2966470217.54,-28.447916,2.565862,0.51959,12.33,12.17,11.74,11.42,11.55,12.12,11.72,2021-07-05,-
2025-05-29,301017,漱玉平民,医药商业,12.1,12.36,12.01,12.27,12.01,5389968,65915308.44,2.2149,0.656,2.87,否,0.65,-2.153,-0.808,4.962,13.928,否,405352766.0,243352766.0,4973678438.82,2985938438.82,-28.634613,2.582701,0.523,12.35,12.22,11.83,11.46,11.56,12.11,11.72,2021-07-05,-
2025-05-30,301017,漱玉平民,医药商业,12.24,12.47,12.04,12.05,12.04,4232560,51745051.0,1.7393,-1.793,3.5,否,0.54,-3.368,-1.067,2.641,10.856,否,405352766.0,243352766.0,4884500830.3,2932400830.3,-28.121197,2.536394,0.513622,12.3,12.25,11.88,11.5,11.56,12.09,11.72,2021-07-05,-
2025-06-03,301017,漱玉平民,医药商业,12.04,12.58,11.92,12.46,11.92,7052860,87284755.0,2.8982,3.403,5.48,否,1.12,2.215,1.548,4.794,15.477,否,405352766.0,243352766.0,5050695464.36,3032175464.36,-29.078017,2.622694,0.531098,12.29,12.31,11.95,11.55,11.56,12.07,11.72,2021-07-05,-
2025-06-04,301017,漱玉平民,医药商业,12.41,13.8,12.31,13.35,12.31,18809500,244489848.0,7.7293,7.143,11.96,否,3.07,8.802,6.459,8.448,25.235,否,405352766.0,243352766.0,5411459426.1,3248759426.1,-31.155019,2.81003,0.569034,12.46,12.42,12.05,11.64,11.59,12.06,11.71,2021-07-05,-
2025-06-05,301017,漱玉平民,医药商业,13.37,13.49,12.89,13.02,12.89,13927360,182330381.6,5.7231,-2.472,4.49,否,1.59,8.05,4.411,5.255,23.295,否,405352766.0,243352766.0,5277693013.32,3168453013.32,-30.384895,2.740568,0.554968,12.63,12.48,12.13,11.72,11.6,12.05,11.7,2021-07-05,-
2025-06-06,301017,漱玉平民,医药商业,13.02,13.02,12.35,12.42,12.35,9302800,117189051.0,3.8228,-4.608,5.15,否,0.94,-0.321,1.887,1.97,18.738,否,405352766.0,243352766.0,5034481353.72,3022441353.72,-28.984669,2.614275,0.529393,12.66,12.5,12.18,11.77,11.61,12.04,11.7,2021-07-05,-
2025-06-09,301017,漱玉平民,医药商业,12.39,13.36,12.36,12.67,12.36,10205300,130139407.0,4.1936,2.013,8.05,否,0.96,-5.094,3.26,3.26,16.132,否,405352766.0,243352766.0,5135819545.22,3083279545.22,-29.568096,2.666897,0.54005,12.78,12.54,12.24,11.83,11.61,12.03,11.69,2021-07-05,-
2025-06-10,301017,漱玉平民,医药商业,12.67,12.92,12.47,12.61,12.47,8043500,101688216.0,3.3053,-0.474,3.55,否,0.68,-3.149,4.647,0.558,12.589,否,405352766.0,243352766.0,5111498379.26,3068678379.26,-29.428074,2.654268,0.537492,12.81,12.55,12.29,11.89,11.61,12.02,11.69,2021-07-05,-
2025-06-11,301017,漱玉平民,医药商业,12.6,12.78,12.38,12.47,12.38,5359900,67073690.0,2.2025,-1.11,3.17,否,0.44,0.403,0.08,0.0,9.868,否,405352766.0,243352766.0,5054748992.02,3034608992.02,-29.101354,2.624799,0.531525,12.64,12.55,12.33,11.95,11.61,12.0,11.69,2021-07-05,-
2025-06-12,301017,漱玉平民,医药商业,12.4,13.06,12.35,12.75,12.35,9831700,124865151.0,4.0401,2.245,5.69,否,1.05,0.631,-4.494,4.594,12.434,否,405352766.0,243352766.0,5168247766.5,3102747766.5,-29.754793,2.683736,0.543459,12.58,12.61,12.39,12.03,11.62,11.99,11.69,2021-07-05,-
2025-06-13,301017,漱玉平民,医药商业,12.61,12.65,12.0,12.06,12.0,7529800,92198069.0,3.0942,-5.412,5.1,否,0.88,-4.362,-7.373,-1.711,5.42,否,405352766.0,243352766.0,4888554357.96,2934834357.96,-28.144534,2.538499,0.514049,12.51,12.59,12.4,12.08,11.61,11.97,11.68,2021-07-05,-
2025-06-16,301017,漱玉平民,医药商业,12.03,12.37,12.03,12.29,12.03,5193700,63779006.0,2.1342,1.907,2.82,否,0.63,-1.443,-1.047,1.992,6.87,否,405352766.0,243352766.0,4981785494.14,2990805494.14,-28.681287,2.586911,0.523852,12.44,12.61,12.43,12.13,11.6,11.94,11.68,2021-07-05,-
2025-06-17,301017,漱玉平民,医药商业,12.52,13.17,12.23,12.29,12.23,5777000,72095660.0,2.3739,0.0,7.65,否,0.8,-3.608,-2.999,-1.364,6.499,否,405352766.0,243352766.0,4981785494.14,2990805494.14,-28.681287,2.586911,0.523852,12.37,12.59,12.45,12.16,11.6,11.92,11.68,2021-07-05,-
2025-06-18,301017,漱玉平民,医药商业,12.32,12.37,11.94,12.02,11.94,4016900,48389679.0,1.6506,-2.197,3.5,否,0.6,-0.332,-4.679,-9.963,2.56,否,405352766.0,243352766.0,4872340247.32,2925100247.32,-28.051185,2.530079,0.512344,12.28,12.46,12.44,12.18,11.6,11.9,11.68,2021-07-05,-
2025-06-19,301017,漱玉平民,医药商业,12.0,12.09,11.6,11.66,11.6,4426300,52203520.0,1.8189,-2.995,4.08,否,0.68,-5.126,-6.496,-10.445,0.431,否,405352766.0,243352766.0,4726413251.56,2837493251.56,-27.21105,2.454303,0.496999,12.06,12.32,12.4,12.2,11.59,11.88,11.69,2021-07-05,-
2025-06-20,301017,漱玉平民,医药商业,11.6,11.85,11.59,11.63,11.59,2711200,31664436.0,1.1141,-0.257,2.23,否,0.5,-5.37,-8.784,-6.361,-0.513,否,405352766.0,243352766.0,4714252668.58,2830192668.58,-27.141039,2.447988,0.49572,11.98,12.25,12.37,12.2,11.59,11.86,11.69,2021-07-05,-
2025-06-23,301017,漱玉平民,医药商业,11.6,11.9,11.5,11.87,11.5,3028400,35650349.0,1.2444,2.064,3.44,否,0.68,-1.248,-1.575,-6.314,1.107,否,405352766.0,243352766.0,4811537332.42,2888597332.42,-27.701129,2.498506,0.50595,11.89,12.17,12.35,12.21,11.59,11.85,11.69,2021-07-05,-
2025-06-24,301017,漱玉平民,医药商业,11.91,12.11,11.91,12.06,11.91,2750400,33101528.0,1.1302,1.601,1.68,否,0.69,3.431,-1.871,-4.362,1.43,否,405352766.0,243352766.0,4888554357.96,2934834357.96,-28.144534,2.538499,0.514049,11.85,12.11,12.33,12.23,11.6,11.83,11.69,2021-07-05,-
2025-06-25,301017,漱玉平民,医药商业,12.2,13.02,11.93,12.88,11.93,19598396,245305218.92,8.0535,6.799,9.04,否,5.79,10.748,4.801,3.288,4.63,否,405352766.0,243352766.0,5220943626.08,3134383626.08,-30.058175,2.7111,0.549001,12.02,12.15,12.35,12.27,11.62,11.83,11.7,2021-07-05,-
2025-06-26,301017,漱玉平民,医药商业,12.7,12.88,12.33,12.47,12.33,14613300,183383848.0,6.005,-3.183,4.27,否,2.25,5.055,3.744,-2.196,0.808,否,405352766.0,243352766.0,5054748992.02,3034608992.02,-29.101354,2.624799,0.531525,12.18,12.12,12.37,12.3,11.63,11.83,11.7,2021-07-05,-
2025-06-27,301017,漱玉平民,医药商业,12.4,13.4,12.22,13.02,12.22,21253204,273648381.12,8.7335,4.411,9.46,否,2.49,7.96,11.664,7.96,6.897,否,405352766.0,243352766.0,5277693013.32,3168453013.32,-30.384895,2.740568,0.554968,12.46,12.22,12.4,12.34,11.66,11.83,11.71,2021-07-05,-
2025-06-30,301017,漱玉平民,医药商业,12.9,12.97,12.6,12.83,12.6,13308800,169771948.0,5.4689,-1.459,2.84,否,1.09,-0.388,10.318,4.394,4.564,否,405352766.0,243352766.0,5200675987.78,3122215987.78,-29.94149,2.700575,0.546869,12.65,12.27,12.44,12.38,11.69,11.84,11.72,2021-07-05,-
2025-07-01,301017,漱玉平民,医药商业,12.76,12.9,12.63,12.73,12.63,8076900,103085921.0,3.319,-0.779,2.1,否,0.56,2.085,7.245,3.58,1.515,否,405352766.0,243352766.0,5160140711.18,3097880711.18,-29.708119,2.679526,0.542607,12.79,12.32,12.46,12.41,11.71,11.84,11.73,2021-07-05,-
2025-07-02,301017,漱玉平民,医药商业,12.6,12.69,12.41,12.57,12.41,7124900,89379304.0,2.9278,-1.257,2.2,否,0.46,-3.456,4.229,4.576,0.802,否,405352766.0,243352766.0,5095284268.62,3058944268.62,-29.334725,2.645848,0.535787,12.72,12.37,12.42,12.42,11.73,11.84,11.74,2021-07-05,-
2025-07-03,301017,漱玉平民,医药商业,12.49,12.7,12.49,12.61,12.49,5419800,68306679.0,2.2271,0.318,1.67,否,0.42,-1.715,-2.096,8.148,3.445,否,405352766.0,243352766.0,5111498379.26,3068678379.26,-29.428074,2.654268,0.537492,12.75,12.47,12.4,12.42,11.74,11.84,11.75,2021-07-05,-
2025-07-04,301017,漱玉平民,医药商业,12.64,12.74,12.4,12.43,12.4,5132400,64196142.0,2.109,-1.427,2.7,否,0.47,-2.357,-0.321,6.879,1.304,否,405352766.0,243352766.0,5038534881.38,3024874881.38,-29.008006,2.61638,0.52982,12.63,12.55,12.4,12.43,11.79,11.85,11.76,2021-07-05,-
2025-07-07,301017,漱玉平民,医药商业,12.35,12.76,12.32,12.49,12.32,5353300,67217092.0,2.1998,0.483,3.54,否,0.69,-0.636,-4.071,5.223,3.651,否,405352766.0,243352766.0,5062856047.34,3039476047.34,-29.148029,2.629009,0.532377,12.57,12.61,12.39,12.44,11.83,11.86,11.77,2021-07-05,-
2025-07-08,301017,漱玉平民,医药商业,12.49,12.84,12.42,12.69,12.42,5836700,73915955.0,2.3985,1.601,3.36,否,0.94,0.634,-1.091,5.224,1.846,否,405352766.0,243352766.0,5143926600.54,3088146600.54,-29.614771,2.671107,0.540902,12.56,12.67,12.39,12.44,11.87,11.87,11.78,2021-07-05,-
2025-07-09,301017,漱玉平民,医药商业,12.7,12.73,12.55,12.67,12.55,4733500,59766703.0,1.9451,-0.158,1.42,否,0.82,1.931,-0.471,-1.63,-5.094,否,405352766.0,243352766.0,5135819545.22,3083279545.22,-29.568096,2.666897,0.54005,12.58,12.65,12.4,12.45,11.91,11.88,11.79,2021-07-05,-
2025-07-10,301017,漱玉平民,医药商业,12.74,12.8,12.52,12.7,12.52,3949600,50100620.0,1.623,0.237,2.21,否,0.75,1.681,1.034,1.844,-2.458,否,405352766.0,243352766.0,5147980128.2,3090580128.2,-29.638108,2.673212,0.541328,12.6,12.67,12.4,12.47,11.94,11.89,11.8,2021-07-05,-
2025-07-11,301017,漱玉平民,医药商业,12.71,12.78,12.51,12.66,12.51,4411600,55716974.0,1.8128,-0.315,2.13,否,0.88,-0.236,0.397,-2.765,1.932,否,405352766.0,243352766.0,5131766017.56,3080846017.56,-29.544759,2.664792,0.539623,12.64,12.64,12.43,12.48,11.97,11.9,11.81,2021-07-05,-
2025-07-14,301017,漱玉平民,医药商业,12.68,12.81,12.57,12.68,12.57,3140800,39853314.0,1.2906,0.158,1.9,否,0.65,0.079,2.011,-1.169,0.079,否,405352766.0,243352766.0,5139873072.88,3085713072.88,-29.591433,2.669002,0.540476,12.68,12.62,12.45,12.5,12.0,11.91,11.82,2021-07-05,-
2025-07-15,301017,漱玉平民,医药商业,12.67,12.67,12.24,12.38,12.24,4481134,55438422.92,1.8414,-2.366,3.39,否,1.02,-2.52,-0.881,-2.749,-1.824,否,405352766.0,243352766.0,5018267243.08,3012707243.08,-28.891321,2.605855,0.527688,12.62,12.59,12.45,12.5,12.03,11.92,11.83,2021-07-05,-
2025-07-16,301017,漱玉平民,医药商业,12.33,12.53,12.33,12.5,12.33,3132734,39088419.34,1.2873,0.969,1.62,否,0.76,-1.264,-1.497,-0.557,0.241,否,405352766.0,243352766.0,5066909575.0,3041909575.0,-29.171366,2.631114,0.532803,12.58,12.58,12.48,12.47,12.06,11.93,11.85,2021-07-05,-
2025-07-17,301017,漱玉平民,医药商业,12.53,12.83,12.5,12.75,12.5,5364834,68086548.48,2.2046,2.0,2.64,否,1.4,0.552,0.631,1.11,0.0,否,405352766.0,243352766.0,5168247766.5,3102747766.5,-29.754793,2.683736,0.543459,12.59,12.6,12.53,12.46,12.09,11.93,11.86,2021-07-05,-
2025-07-18,301017,漱玉平民,医药商业,12.78,12.87,12.56,12.72,12.56,3763100,47731925.0,1.5464,-0.235,2.43,否,0.92,2.746,0.157,2.333,5.473,否,405352766.0,243352766.0,5156087183.52,3095447183.52,-29.684782,2.677422,0.542181,12.61,12.62,12.59,12.47,12.12,11.94,11.87,2021-07-05,-
2025-07-21,301017,漱玉平民,医药商业,12.7,13.08,12.58,13.03,12.58,7199500,92869611.0,2.9585,2.437,3.93,否,1.81,4.24,2.923,4.323,6.021,否,405352766.0,243352766.0,5281746540.98,3170886540.98,-30.408232,2.742673,0.555394,12.68,12.68,12.64,12.48,12.16,11.96,11.89,2021-07-05,-
2025-07-22,301017,漱玉平民,医药商业,12.98,13.0,12.74,12.88,12.74,5133000,66023310.0,2.1093,-1.151,2.0,否,1.07,1.02,1.577,1.497,4.801,否,405352766.0,243352766.0,5220943626.08,3134383626.08,-30.058175,2.7111,0.549001,12.78,12.7,12.68,12.49,12.19,11.97,11.9,2021-07-05,-
2025-07-23,301017,漱玉平民,医药商业,12.83,13.05,12.73,12.9,12.73,4896000,63197692.0,2.0119,0.155,2.48,否,1.0,1.415,4.2,1.815,7.321,否,405352766.0,243352766.0,5229050681.4,3139250681.4,-30.104849,2.71531,0.549853,12.86,12.72,12.69,12.51,12.23,11.98,11.91,2021-07-05,-
2025-07-24,301017,漱玉平民,医药商业,12.88,13.1,12.85,13.01,12.85,4636534,60102013.64,1.9053,0.853,1.94,否,0.88,-0.153,4.08,2.441,11.578,否,405352766.0,243352766.0,5273639485.66,3166019485.66,-30.361557,2.738463,0.554542,12.91,12.75,12.71,12.52,12.27,11.99,11.93,2021-07-05,-
2025-07-25,301017,漱玉平民,医药商业,13.0,13.19,12.9,12.97,12.9,4959800,64577313.88,2.0381,-0.308,2.23,否,0.97,0.699,1.725,2.449,11.522,否,405352766.0,243352766.0,5257425375.02,3156285375.02,-30.268209,2.730044,0.552837,12.96,12.78,12.71,12.55,12.31,12.0,11.94,2021-07-05,-
2025-07-28,301017,漱玉平民,医药商业,12.91,13.17,12.91,12.98,12.91,4787900,62290607.0,1.9675,0.077,2.0,否,0.89,0.62,2.044,2.366,9.351,否,405352766.0,243352766.0,5261478902.68,3158718902.68,-30.291546,2.732149,0.553263,12.95,12.81,12.72,12.57,12.35,12.02,11.95,2021-07-05,-
2025-07-29,301017,漱玉平民,医药商业,12.98,13.1,12.77,13.04,12.77,5314700,68777172.0,2.1839,0.462,2.54,否,1.09,0.231,0.077,5.331,8.126,否,405352766.0,243352766.0,5285800068.64,3173320068.64,-30.431569,2.744778,0.555821,12.98,12.88,12.73,12.59,12.38,12.03,11.97,2021-07-05,-
2025-07-30,301017,漱玉平民,医药商业,12.99,13.3,12.91,13.13,12.91,6580100,86395225.0,2.7039,0.69,2.99,否,1.34,1.234,1.941,5.04,1.941,否,405352766.0,243352766.0,5322281817.58,3195221817.58,-30.641603,2.763722,0.559657,13.03,12.94,12.76,12.63,12.41,12.05,11.98,2021-07-05,-
2025-07-31,301017,漱玉平民,医药商业,13.05,13.35,13.0,13.08,13.0,7562600,99560573.0,3.1077,-0.381,2.67,否,1.44,0.77,1.395,2.588,4.892,否,405352766.0,243352766.0,5302014179.28,3183054179.28,-30.524917,2.753198,0.557525,13.04,12.97,12.78,12.68,12.44,12.06,12.0,2021-07-05,-
2025-08-01,301017,漱玉平民,医药商业,13.04,13.49,13.03,13.29,13.03,8340200,110756441.53,3.4272,1.606,3.52,否,1.43,1.917,2.152,4.481,2.074,否,405352766.0,243352766.0,5387138260.14,3234158260.14,-31.014996,2.7974,0.566477,13.1,13.03,12.83,12.73,12.47,12.07,12.01,2021-07-05,-
2025-08-04,301017,漱玉平民,医药商业,13.26,13.35,12.9,13.35,12.9,6993455,92035527.5,2.8738,0.452,3.39,否,1.07,1.676,2.93,2.456,4.053,否,405352766.0,243352766.0,5411459426.1,3248759426.1,-31.155019,2.81003,0.569034,13.18,13.06,12.87,12.78,12.5,12.08,12.03,2021-07-05,-
2025-08-05,301017,漱玉平民,医药商业,13.3,13.56,13.2,13.54,13.2,10019900,134597810.0,4.1174,1.423,2.7,否,1.44,3.517,4.314,5.124,6.363,否,405352766.0,243352766.0,5488476451.64,3294996451.64,-31.598423,2.850023,0.577133,13.28,13.13,12.91,12.83,12.53,12.09,12.04,2021-07-05,-
2025-08-06,301017,漱玉平民,医药商业,13.49,13.62,13.18,13.32,13.18,8328500,110828778.0,3.4224,-1.625,3.25,否,1.05,0.226,2.147,3.256,5.967,否,405352766.0,243352766.0,5399298843.12,3241458843.12,-31.085007,2.803715,0.567755,13.32,13.17,12.95,12.85,12.56,12.1,12.05,2021-07-05,-
2025-08-07,301017,漱玉平民,医药商业,13.05,13.35,13.01,13.23,13.01,7121600,93912699.0,2.9265,-0.676,2.55,否,0.86,-0.899,0.762,1.691,4.917,否,405352766.0,243352766.0,5362817094.18,3219557094.18,-30.874974,2.784771,0.563919,13.35,13.19,12.97,12.87,12.59,12.1,12.06,2021-07-05,-
2025-08-08,301017,漱玉平民,医药商业,13.17,13.27,13.0,13.21,13.0,5425700,71440335.0,2.2296,-0.151,2.04,否,0.66,-2.437,0.994,1.85,6.275,否,405352766.0,243352766.0,5354710038.86,3214690038.86,-30.828299,2.780561,0.563067,13.33,13.22,13.0,12.88,12.61,12.1,12.08,2021-07-05,-
2025-08-11,301017,漱玉平民,医药商业,13.06,13.48,13.06,13.48,13.06,5692274,75954983.6,2.3391,2.044,3.18,否,0.75,1.201,1.43,3.852,7.926,否,405352766.0,243352766.0,5464155285.68,3280395285.68,-31.458401,2.837393,0.574575,13.36,13.27,13.04,12.9,12.64,12.1,12.09,2021-07-05,-
2025-08-12,301017,漱玉平民,医药商业,13.47,13.58,13.27,13.33,13.27,4015500,53717051.0,1.6501,-1.113,2.3,否,0.55,0.756,-0.15,2.224,5.043,否,405352766.0,243352766.0,5403352370.78,3243892370.78,-31.108344,2.80582,0.568182,13.31,13.3,13.09,12.92,12.66,12.11,12.1,2021-07-05,-
2025-08-13,301017,漱玉平民,医药商业,13.36,13.47,13.11,13.2,13.11,4941500,65320469.0,2.0306,-0.975,2.7,否,0.81,-0.076,-2.511,0.533,4.183,否,405352766.0,243352766.0,5350656511.2,3212256511.2,-30.804962,2.778456,0.56264,13.29,13.3,13.12,12.94,12.68,12.11,12.11,2021-07-05,-
2025-08-14,301017,漱玉平民,医药商业,13.2,13.27,12.78,12.81,12.78,4781678,61938219.42,1.9649,-2.955,3.71,否,0.88,-4.97,-3.829,-2.064,0.866,否,405352766.0,243352766.0,5192568932.46,3117348932.46,-29.894816,2.696366,0.546017,13.21,13.28,13.13,12.95,12.69,12.12,12.12,2021-07-05,-
2025-08-15,301017,漱玉平民,医药商业,12.82,12.97,12.76,12.88,12.76,3449200,44348078.0,1.4174,0.546,1.64,否,0.69,-3.376,-2.646,-3.085,1.738,否,405352766.0,243352766.0,5220943626.08,3134383626.08,-30.058175,2.7111,0.549001,13.14,13.24,13.13,12.96,12.7,12.12,12.13,2021-07-05,-
2025-08-18,301017,漱玉平民,医药商业,12.88,13.04,12.78,12.85,12.78,4712078,60890365.22,1.9363,-0.233,2.02,否,1.03,-2.652,-2.725,-3.745,1.341,否,405352766.0,243352766.0,5208783043.1,3127083043.1,-29.988164,2.704785,0.547722,13.01,13.19,13.12,12.98,12.71,12.12,12.14,2021-07-05,-
2025-08-19,301017,漱玉平民,医药商业,12.85,13.15,12.81,13.07,12.81,5165900,67305144.0,2.1228,1.712,2.65,否,1.18,2.03,-3.042,-3.471,5.574,否,405352766.0,243352766.0,5297960651.62,3180620651.62,-30.50158,2.751093,0.557099,12.96,13.14,13.13,12.99,12.72,12.13,12.15,2021-07-05,-
2025-08-20,301017,漱玉平民,医药商业,13.03,13.03,12.79,13.01,12.79,4160100,53659786.0,1.7095,-0.459,1.84,否,0.9,1.009,-2.401,-2.327,4.08,否,405352766.0,243352766.0,5273639485.66,3166019485.66,-30.361557,2.738463,0.554542,12.92,13.11,13.14,13.0,12.73,12.14,12.15,2021-07-05,-
2025-08-21,301017,漱玉平民,医药商业,12.99,13.11,12.89,12.98,12.89,4376678,57034558.02,1.7985,-0.231,1.69,否,0.98,1.012,-1.667,-1.89,1.804,否,405352766.0,243352766.0,5261478902.68,3158718902.68,-30.291546,2.732149,0.553263,12.96,13.08,13.14,13.01,12.74,12.14,12.17,2021-07-05,-
2025-08-22,301017,漱玉平民,医药商业,12.95,13.0,12.7,12.83,12.7,4008100,51311013.0,1.647,-1.156,2.31,否,0.92,-1.836,0.156,-2.877,0.865,否,405352766.0,243352766.0,5200675987.78,3122215987.78,-29.94149,2.700575,0.546869,12.95,13.04,13.13,13.01,12.75,12.15,12.18,2021-07-05,-
2025-08-25,301017,漱玉平民,医药商业,12.83,12.95,12.67,12.79,12.67,4493957,57528176.44,1.8467,-0.312,2.18,否,1.0,-1.691,-0.699,-5.119,-1.842,否,405352766.0,243352766.0,5184461877.14,3112481877.14,-29.848141,2.692156,0.545164,12.94,12.98,13.12,13.02,12.76,12.16,12.19,2021-07-05,-
2025-08-26,301017,漱玉平民,医药商业,12.76,13.02,12.66,12.9,12.66,4862711,62561393.86,1.9982,0.86,2.81,否,1.09,-0.616,0.389,-3.226,0.155,否,405352766.0,243352766.0,5229050681.4,3139250681.4,-30.104849,2.71531,0.549853,12.9,12.93,13.11,13.04,12.77,12.17,12.2,2021-07-05,-
2025-08-27,301017,漱玉平民,医药商业,12.95,12.95,12.26,12.27,12.26,6389300,80261875.43,2.6255,-4.884,5.35,否,1.46,-4.365,-6.121,-7.045,-4.884,否,405352766.0,243352766.0,4973678438.82,2985938438.82,-28.634613,2.582701,0.523,12.75,12.84,13.07,13.03,12.75,12.17,12.21,2021-07-05,-
2025-08-28,301017,漱玉平民,医药商业,12.28,12.59,11.74,12.06,11.74,6644599,80437922.48,2.7304,-1.712,6.93,否,1.38,-5.708,-7.302,-5.855,-7.302,否,405352766.0,243352766.0,4888554357.96,2934834357.96,-28.144534,2.538499,0.514049,12.57,12.76,13.02,13.0,12.73,12.17,12.22,2021-07-05,-
2025-08-29,301017,漱玉平民,医药商业,12.02,12.42,12.02,12.1,12.02,5543900,67550332.0,2.2781,0.332,3.32,否,1.05,-6.202,-6.78,-6.056,-6.708,否,405352766.0,243352766.0,4904768468.6,2944568468.6,-27.749013,2.530931,0.509155,12.42,12.69,12.96,12.98,12.73,12.17,12.23,2021-07-05,-
2025-09-01,301017,漱玉平民,医药商业,12.14,12.27,11.91,12.09,11.91,5336839,64698923.46,2.193,-0.083,2.98,否,0.96,-1.467,-5.768,-5.914,-6.857,否,405352766.0,243352766.0,4900714940.94,2942134940.94,-27.72608,2.52884,0.508734,12.28,12.61,12.9,12.95,12.72,12.16,12.24,2021-07-05,-
2025-09-02,301017,漱玉平民,医药商业,12.17,12.19,11.83,11.97,11.83,4859900,58233364.0,1.9971,-0.993,2.98,否,0.84,-0.746,-6.411,-8.416,-8.206,否,405352766.0,243352766.0,4852072609.02,2912932609.02,-27.450883,2.503739,0.503685,12.1,12.5,12.82,12.92,12.71,12.16,12.25,2021-07-05,-
2025-09-03,301017,漱玉平民,医药商业,12.0,12.08,11.59,11.66,11.59,3834500,45310971.0,1.5757,-2.59,4.09,否,0.67,-3.636,-9.612,-10.377,-11.196,否,405352766.0,243352766.0,4726413251.56,2837493251.56,-26.739958,2.438897,0.49064,11.98,12.37,12.74,12.88,12.69,12.15,12.26,2021-07-05,-
2025-09-04,301017,漱玉平民,医药商业,11.75,11.95,11.59,11.79,11.59,3969500,46822493.01,1.6312,1.115,3.09,否,0.76,-2.481,-3.912,-9.168,-9.862,否,405352766.0,243352766.0,4779109111.14,2869129111.14,-27.038088,2.466089,0.496111,11.92,12.25,12.66,12.84,12.68,12.15,12.27,2021-07-05,-
2025-09-05,301017,漱玉平民,医药商业,11.73,11.85,11.6,11.8,11.6,4291100,50374469.0,1.7633,0.085,2.12,否,0.91,-1.42,-2.156,-8.028,-11.211,否,405352766.0,243352766.0,4783162638.8,2871562638.8,-27.061021,2.468181,0.496531,11.86,12.14,12.59,12.8,12.67,12.14,12.28,2021-07-05,-
2025-09-08,301017,漱玉平民,医药商业,11.9,11.98,11.77,11.9,11.77,3542300,42112066.0,1.4556,0.848,1.78,否,0.79,2.058,-1.653,-6.959,-10.861,否,405352766.0,243352766.0,4823697915.4,2895897915.4,-27.290351,2.489098,0.500739,11.82,12.05,12.51,12.77,12.67,12.14,12.29,2021-07-05,-
2025-09-09,301017,漱玉平民,医药商业,11.85,11.95,11.65,11.75,11.65,3397200,40046549.0,1.396,-1.261,2.52,否,0.83,-0.339,-2.812,-8.915,-13.22,否,405352766.0,243352766.0,4762895000.5,2859395000.5,-26.946355,2.457722,0.494428,11.78,11.94,12.44,12.72,12.66,12.13,12.3,2021-07-05,-
2025-09-10,301017,漱玉平民,医药商业,11.77,11.87,11.66,11.77,11.66,3013727,35389250.9,1.2384,0.17,1.79,否,0.79,-0.254,-1.671,-4.075,-11.637,否,405352766.0,243352766.0,4771002055.82,2864262055.82,-26.992221,2.461906,0.495269,11.8,11.89,12.36,12.68,12.65,12.13,12.31,2021-07-05,-
2025-09-11,301017,漱玉平民,医药商业,11.67,11.89,11.5,11.87,11.5,4717800,55096377.0,1.9387,0.85,3.31,否,1.3,-0.252,1.801,-1.575,-10.28,否,405352766.0,243352766.0,4811537332.42,2888597332.42,-27.221552,2.482823,0.499477,11.82,11.87,12.32,12.64,12.66,12.12,12.32,2021-07-05,-
2025-09-12,301017,漱玉平民,医药商业,11.88,11.97,11.73,11.77,11.73,3330975,39322886.5,1.3688,-0.843,2.02,否,0.88,0.17,-0.17,-2.727,-10.901,否,405352766.0,243352766.0,4771002055.82,2864262055.82,-26.992221,2.461906,0.495269,11.81,11.84,12.26,12.59,12.66,12.12,12.33,2021-07-05,-
2025-09-15,301017,漱玉平民,医药商业,11.78,11.78,11.64,11.69,11.64,2520570,29453737.5,1.0358,-0.68,1.19,否,0.7,-0.68,-0.932,-3.309,-13.279,否,405352766.0,243352766.0,4738573834.54,2844793834.54,-26.808757,2.445172,0.491903,11.77,11.8,12.2,12.53,12.66,12.12,12.34,2021-07-05,-
2025-09-16,301017,漱玉平民,医药商业,11.69,11.82,11.63,11.82,11.63,2687200,31505336.0,1.1042,1.112,1.63,否,0.79,-0.421,-0.672,-1.253,-11.328,否,405352766.0,243352766.0,4791269694.12,2876429694.12,-27.106887,2.472364,0.497373,11.78,11.78,12.14,12.47,12.65,12.13,12.34,2021-07-05,-
2025-09-17,301017,漱玉平民,医药商业,11.8,11.84,11.67,11.69,11.67,2956840,34724078.2,1.215,-1.1,1.44,否,0.91,-0.68,-0.511,0.257,-11.439,否,405352766.0,243352766.0,4738573834.54,2844793834.54,-26.808757,2.445172,0.491903,11.77,11.79,12.08,12.42,12.63,12.13,12.33,2021-07-05,-
2025-09-18,301017,漱玉平民,医药商业,11.69,12.49,11.55,12.07,11.55,15935896,192404597.58,6.5485,3.251,8.04,否,4.91,3.251,2.549,2.375,-5.777,否,405352766.0,243352766.0,4892607885.62,2937267885.62,-27.680213,2.524656,0.507893,11.81,11.81,12.03,12.38,12.63,12.13,12.33,2021-07-05,-
2025-09-19,301017,漱玉平民,医药商业,11.72,11.85,11.17,11.3,11.17,15026625,171666183.93,6.1748,-6.38,5.63,否,2.74,-4.399,-4.802,-4.237,-12.267,否,405352766.0,243352766.0,4580486255.8,2749886255.8,-25.914367,2.363597,0.475492,11.71,11.76,11.95,12.32,12.6,12.13,12.32,2021-07-05,-
2025-09-22,301017,漱玉平民,医药商业,11.23,11.41,11.13,11.26,11.13,6429500,72302770.46,2.642,-0.354,2.48,否,0.82,-3.678,-4.333,-5.378,-12.374,否,405352766.0,243352766.0,4564272145.16,2740152145.16,-25.822635,2.35523,0.473809,11.63,11.7,11.88,12.24,12.57,12.13,12.33,2021-07-05,-
2025-09-23,301017,漱玉平民,医药商业,11.25,11.29,10.93,11.12,10.93,5418581,60137175.1,2.2266,-1.243,3.2,否,0.63,-7.871,-4.876,-5.362,-14.92,否,405352766.0,243352766.0,4507522757.92,2706082757.92,-25.501572,2.325947,0.467918,11.49,11.64,11.79,12.17,12.54,12.13,12.33,2021-07-05,-
2025-09-24,301017,漱玉平民,医药商业,11.11,11.26,11.03,11.22,11.03,3307800,37052964.0,1.3593,0.899,2.07,否,0.36,-0.708,-5.076,-4.673,-13.759,否,405352766.0,243352766.0,4548058034.52,2730418034.52,-25.730903,2.346863,0.472126,11.39,11.58,11.74,12.1,12.52,12.12,12.33,2021-07-05,-
2025-09-25,301017,漱玉平民,医药商业,11.23,11.29,11.02,11.05,11.02,3783166,42107353.8,1.5546,-1.515,2.41,否,0.41,-1.865,-5.475,-6.908,-14.869,否,405352766.0,243352766.0,4479148064.3,2689048064.3,-25.341041,2.311305,0.464972,11.19,11.5,11.68,12.04,12.5,12.12,12.34,2021-07-05,-
2025-09-26,301017,漱玉平民,医药商业,10.99,11.12,10.89,11.0,10.89,3487620,38544065.56,1.4332,-0.453,2.08,否,0.51,-1.079,-8.865,-6.542,-14.263,否,405352766.0,243352766.0,4458880426.0,2676880426.0,-25.226375,2.300847,0.462868,11.13,11.42,11.63,11.98,12.47,12.13,12.34,2021-07-05,-
2025-09-29,301017,漱玉平民,医药商业,10.98,11.13,10.83,11.05,10.83,2867548,31600543.88,1.1784,0.455,2.73,否,0.64,-1.515,-2.212,-5.475,-13.604,否,405352766.0,243352766.0,4479148064.3,2689048064.3,-25.341041,2.311305,0.464972,11.09,11.36,11.58,11.92,12.45,12.14,12.35,2021-07-05,-
2025-09-30,301017,漱玉平民,医药商业,11.08,11.15,11.02,11.02,11.02,2565877,28409186.33,1.0544,-0.272,1.18,否,0.68,-0.271,-2.131,-6.768,-14.574,否,405352832.0,243352832.0,4466988208.64,2681748208.64,-25.272241,2.30503,0.46371,11.07,11.28,11.53,11.85,12.42,12.15,12.35,2021-07-05,-
2025-10-09,301017,漱玉平民,医药商业,11.0,11.09,10.87,11.0,10.87,2608700,28570979.0,1.072,-0.182,2.0,否,0.81,0.0,-1.079,-5.902,-10.35,否,405352832.0,243352832.0,4458881152.0,2676881152.0,-25.226379,2.300847,0.462868,11.02,11.21,11.5,11.79,12.39,12.15,12.36,2021-07-05,-
2025-10-10,301017,漱玉平民,医药商业,11.01,11.15,10.97,11.07,10.97,2847348,31495987.83,1.17,0.636,1.64,否,0.93,0.181,-1.337,-8.285,-8.209,否,405352832.0,243352832.0,4487255850.24,2693915850.24,-25.386911,2.315489,0.465814,11.03,11.11,11.46,11.72,12.37,12.15,12.36,2021-07-05,-
2025-10-13,301017,漱玉平民,医药商业,10.7,10.94,10.52,10.93,10.52,3808700,41119698.0,1.5651,-1.265,3.79,否,1.32,-0.817,-1.086,-3.274,-9.669,否,405352832.0,243352832.0,4430506453.76,2659846453.76,-25.065848,2.286205,0.459923,11.01,11.07,11.42,11.66,12.34,12.15,12.37,2021-07-05,-
2025-10-14,301017,漱玉平民,医药商业,10.95,11.05,10.83,10.84,10.83,3439200,37618140.0,1.4133,-0.823,2.01,否,1.17,-1.455,-1.455,-3.73,-10.339,否,405352832.0,243352832.0,4394024698.88,2637944698.88,-24.85945,2.26738,0.456136,10.97,11.03,11.36,11.59,12.31,12.15,12.37,2021-07-05,-
2025-10-15,301017,漱玉平民,医药商业,10.87,11.08,10.76,11.05,10.76,4017700,44211486.0,1.651,1.937,2.95,否,1.32,-0.181,0.0,-0.629,-7.686,否,405352832.0,243352832.0,4479148793.6,2689048793.6,-25.341045,2.311305,0.464972,10.98,11.02,11.33,11.53,12.28,12.16,12.37,2021-07-05,-
2025-10-16,301017,漱玉平民,医药商业,11.03,11.11,10.94,10.98,10.94,2816740,31001216.2,1.1575,-0.634,1.54,否,0.84,0.457,-0.363,-2.139,-5.832,否,405352832.0,243352832.0,4450774095.36,2672014095.36,-25.180513,2.296664,0.462027,10.97,11.0,11.29,11.49,12.26,12.16,12.36,2021-07-05,-
2025-10-17,301017,漱玉平民,医药商业,10.94,11.07,10.8,10.85,10.8,3259400,35633881.0,1.3394,-1.184,2.46,否,0.96,0.092,-1.364,-1.81,-7.973,否,405352832.0,243352832.0,4398078227.2,2640378227.2,-24.882383,2.269472,0.456557,10.93,10.98,11.24,11.45,12.23,12.16,12.35,2021-07-05,-
2025-10-20,301017,漱玉平民,医药商业,10.9,11.07,10.89,11.07,10.89,3468973,38177835.17,1.4255,2.028,1.66,否,1.0,0.181,0.0,0.636,-6.186,否,405352832.0,243352832.0,4487255850.24,2693915850.24,-25.386911,2.315489,0.465814,10.96,10.99,11.2,11.42,12.2,12.16,12.35,2021-07-05,-
2025-10-21,301017,漱玉平民,医药商业,11.08,11.25,11.08,11.24,11.08,3967900,44393349.0,1.6305,1.536,1.54,否,1.17,2.368,2.836,1.719,-5.546,否,405352832.0,243352832.0,4556165831.68,2735285831.68,-25.776773,2.351047,0.472967,11.04,11.01,11.18,11.39,12.17,12.16,12.35,2021-07-05,-
2025-10-22,301017,漱玉平民,医药商业,11.25,11.39,11.17,11.32,11.17,3076400,34845443.97,1.2642,0.712,1.96,否,0.88,4.332,4.428,2.722,-3.66,否,405352832.0,243352832.0,4588594058.24,2754754058.24,-25.960238,2.367781,0.476334,11.09,11.04,11.16,11.37,12.14,12.17,12.35,2021-07-05,-
2025-10-23,301017,漱玉平民,医药商业,11.27,11.38,11.21,11.36,11.21,2620075,29602219.25,1.0767,0.353,1.5,否,0.79,2.62,2.805,3.273,-3.483,否,405352832.0,243352832.0,4604808171.52,2764488171.52,-26.05197,2.376147,0.478017,11.17,11.07,11.14,11.36,12.12,12.17,12.35,2021-07-05,-
2025-10-24,301017,漱玉平民,医药商业,11.36,11.4,11.2,11.25,11.2,3062100,34524883.0,1.2583,-0.968,1.76,否,0.93,0.089,2.459,1.626,-5.223,否,405352832.0,243352832.0,4560219360.0,2737719360.0,-25.799706,2.353139,0.473388,11.25,11.09,11.1,11.34,12.09,12.18,12.35,2021-07-05,-
2025-10-27,301017,漱玉平民,医药商业,11.26,11.43,11.17,11.24,11.17,2948279,33153731.96,1.2115,-0.089,2.31,否,0.91,-0.707,3.594,2.836,-4.503,否,405352832.0,243352832.0,4556165831.68,2735285831.68,-25.776773,2.351047,0.472967,11.28,11.12,11.1,11.32,12.06,12.19,12.35,2021-07-05,-
2025-10-28,301017,漱玉平民,医药商业,11.25,11.36,11.17,11.28,11.17,2835080,32022772.82,1.165,0.356,1.69,否,0.9,-0.704,1.897,4.059,-3.507,否,405352832.0,243352832.0,4572379944.96,2745019944.96,-25.868505,2.359414,0.47465,11.29,11.16,11.1,11.3,12.03,12.19,12.35,2021-07-05,-
2025-10-29,301017,漱玉平民,医药商业,12.01,12.36,11.77,11.99,11.77,20107436,242341071.32,8.2627,6.294,5.23,否,6.91,6.578,6.673,8.507,1.438,否,405352832.0,243352832.0,4860180455.68,2917800455.68,-73.117015,2.44764,0.48906,11.42,11.26,11.14,11.31,12.01,12.2,12.35,2021-07-05,-
2025-10-30,301017,漱玉平民,医药商业,11.93,12.88,11.78,12.18,11.78,19424287,238465583.66,7.9819,1.585,9.17,否,3.08,8.363,7.597,10.929,4.192,否,405352832.0,243352832.0,4937197493.76,2964037493.76,-74.275667,2.486427,0.49681,11.59,11.38,11.19,11.32,12.0,12.2,12.35,2021-07-05,-
2025-10-31,301017,漱玉平民,医药商业,12.18,12.51,12.12,12.27,12.12,13958816,171206984.4,5.736,0.739,3.2,否,1.44,8.777,8.011,13.088,1.657,否,405352832.0,243352832.0,4973679248.64,2985939248.64,-74.824502,2.5048,0.500481,11.79,11.52,11.25,11.33,11.98,12.21,12.35,2021-07-05,-
2025-11-03,301017,漱玉平民,医药商业,12.27,12.37,12.11,12.2,12.11,8766176,107045578.36,3.6022,-0.571,2.12,否,0.74,1.751,8.444,10.208,7.965,否,405352832.0,243352832.0,4945304550.4,2968904550.4,-74.39763,2.49051,0.497626,11.98,11.63,11.31,11.35,11.97,12.22,12.35,2021-07-05,-
2025-11-04,301017,漱玉平民,医药商业,12.33,12.8,12.14,12.48,12.14,13747911,171046953.38,5.6494,2.295,5.41,否,1.06,2.463,11.032,11.032,10.835,否,405352832.0,243352832.0,5058803343.36,3037043343.36,-76.105117,2.547669,0.509047,12.22,11.76,11.38,11.37,11.95,12.23,12.35,2021-07-05,-
2025-11-05,301017,漱玉平民,医药商业,12.27,12.75,12.25,12.48,12.25,10249751,128335588.54,4.2119,0.0,4.01,否,0.67,1.711,10.638,10.247,12.23,否,405352832.0,243352832.0,5058803343.36,3037043343.36,-76.105117,2.547669,0.509047,12.32,11.87,11.45,11.4,11.93,12.23,12.35,2021-07-05,-
2025-11-06,301017,漱玉平民,医药商业,12.42,12.56,12.22,12.39,12.22,7537096,92949679.74,3.0972,-0.721,2.72,否,0.57,1.557,3.336,9.067,10.428,否,405352832.0,243352832.0,5022321588.48,3015141588.48,-75.556282,2.529296,0.505376,12.36,11.98,11.52,11.42,11.92,12.24,12.35,2021-07-05,-
2025-11-07,301017,漱玉平民,医药商业,12.39,12.6,12.35,12.52,12.35,7080400,88403200.38,2.9095,1.049,2.02,否,0.65,0.321,2.791,11.289,13.303,否,405352832.0,243352832.0,5075017456.64,3046777456.64,-76.349044,2.555835,0.510678,12.41,12.1,11.6,11.43,11.91,12.25,12.36,2021-07-05,-
2025-11-10,301017,漱玉平民,医药商业,12.46,13.38,12.39,12.86,12.39,16071192,207726183.85,6.6041,2.716,7.91,否,1.7,3.045,4.808,14.413,16.909,否,405352832.0,243352832.0,5212837419.52,3129517419.52,-78.42242,2.625242,0.524547,12.55,12.27,11.69,11.49,11.9,12.26,12.36,2021-07-05,-
2025-11-11,301017,漱玉平民,医药商业,12.87,13.69,12.69,13.36,12.69,20208214,267212718.03,8.3041,3.888,7.78,否,1.85,7.829,9.508,18.44,20.905,否,405352832.0,243352832.0,5415513835.52,3251193835.52,-81.471503,2.727312,0.544941,12.72,12.47,11.82,11.56,11.9,12.27,12.37,2021-07-05,-
2025-11-12,301017,漱玉平民,医药商业,13.39,14.46,13.28,13.7,13.28,27507518,382150345.72,11.3036,2.545,8.83,否,2.25,9.425,9.776,14.262,24.319,否,405352832.0,243352832.0,5553333798.4,3333933798.4,-83.54488,2.79672,0.558809,12.97,12.64,11.95,11.64,11.91,12.28,12.37,2021-07-05,-
2025-11-13,301017,漱玉平民,医药商业,13.63,14.0,13.28,13.88,13.28,20225807,276627593.82,8.3113,1.314,5.26,否,1.29,7.932,11.218,13.957,26.182,否,405352832.0,243352832.0,5626297308.16,3377737308.16,-84.64255,2.833465,0.566151,13.26,12.81,12.1,11.73,11.92,12.3,12.37,2021-07-05,-
2025-11-14,301017,漱玉平民,医药商业,13.88,16.66,13.8,16.66,13.8,14176727,227348526.9,5.8256,20.029,20.61,否,0.78,24.701,34.463,35.778,50.497,是,405352832.0,243352832.0,6753178181.12,4054258181.12,-101.595453,3.400975,0.679545,14.09,13.25,12.39,11.92,11.98,12.33,12.37,2021-07-05,-
2025-11-17,301017,漱玉平民,医药商业,17.52,17.92,15.43,15.58,15.43,48032549,770131355.71,19.7378,-6.483,14.95,否,2.45,13.723,24.441,27.705,42.543,否,405355636.0,243355636.0,6315440808.88,3791480808.88,-95.009433,3.180504,0.635493,14.64,13.59,12.61,12.07,12.03,12.36,12.37,2021-07-05,-
2025-11-18,301017,漱玉平民,医药商业,15.68,16.0,14.41,14.95,14.41,34603878,519216993.68,14.2196,-4.044,10.21,否,1.33,7.709,16.252,19.792,37.915,否,405355636.0,243355636.0,6060066758.2,3638166758.2,-91.167588,3.051895,0.609796,14.95,13.84,12.8,12.2,12.06,12.38,12.37,2021-07-05,-
2025-11-19,301017,漱玉平民,医药商业,14.35,14.59,13.73,13.83,13.73,26843510,376822725.38,11.0306,-7.492,5.75,否,0.93,-16.987,3.518,10.817,25.158,否,405355636.0,243355636.0,5606068445.88,3365608445.88,-84.338225,2.823278,0.564116,14.98,13.97,12.92,12.29,12.07,12.39,12.36,2021-07-05,-
2025-11-20,301017,漱玉平民,医药商业,13.95,14.06,13.36,13.4,13.36,18024054,245424411.12,7.4065,-3.109,5.06,否,0.63,-13.992,-2.19,8.152,22.04,否,405355636.0,243355636.0,5431765522.4,3260965522.4,-81.715995,2.735497,0.546576,14.88,14.07,13.03,12.37,12.08,12.4,12.36,2021-07-05,-
2025-11-21,301017,漱玉平民,医药商业,13.21,13.64,12.98,13.02,12.98,17189582,227925348.12,7.0636,-2.836,4.93,否,0.61,-12.91,-6.196,3.994,20.0,否,405355636.0,243355636.0,5277730380.72,3168490380.72,-79.398676,2.657923,0.531076,14.16,14.12,13.11,12.44,12.08,12.41,12.34,2021-07-05,-
2025-11-24,301017,漱玉平民,医药商业,12.96,13.26,12.9,13.05,12.9,10757458,140559057.45,4.4205,0.23,2.76,否,0.37,-5.64,-21.669,1.477,17.886,否,405355636.0,243355636.0,5289891049.8,3175791049.8,-79.581622,2.664047,0.5323,13.65,14.14,13.2,12.51,12.08,12.42,12.33,2021-07-05,-
2025-11-25,301017,漱玉平民,医药商业,13.05,14.0,13.03,13.79,13.03,18701705,254906795.26,7.6849,5.671,7.43,否,0.87,2.91,-11.489,3.219,22.687,否,405355836.0,243355836.0,5589856978.44,3355876978.44,-84.094297,2.815112,0.562484,13.42,14.19,13.33,12.61,12.1,12.43,12.33,2021-07-05,-
2025-11-26,301017,漱玉平民,医药商业,13.66,15.45,13.6,15.08,13.6,34621375,512059086.45,14.2267,9.355,13.42,否,1.89,15.822,0.87,10.073,33.216,否,405356304.0,243356304.0,6112773064.32,3669813064.32,-91.960986,3.078455,0.615102,13.67,14.32,13.48,12.74,12.14,12.45,12.33,2021-07-05,-
2025-11-27,301017,漱玉平民,医药商业,14.81,14.83,13.9,14.0,13.9,22899222,322448501.11,9.4098,-7.162,6.17,否,1.15,7.28,1.229,0.865,23.239,否,405356304.0,243356304.0,5674988256.0,3406988256.0,-85.374963,2.857983,0.57105,13.79,14.34,13.58,12.84,12.17,12.46,12.33,2021-07-05,-
2025-11-28,301017,漱玉平民,医药商业,14.23,14.26,13.68,13.98,13.68,14699721,204765429.09,6.0404,-0.143,4.14,否,0.71,1.378,4.328,-16.086,24.267,否,405356304.0,243356304.0,5666881129.92,3402121129.92,-85.253097,2.853904,0.570235,13.98,14.07,13.66,12.95,12.2,12.47,12.33,2021-07-05,-
2025-12-01,301017,漱玉平民,医药商业,13.99,14.3,13.83,14.08,13.83,13248914,186289869.12,5.4442,0.715,3.36,否,0.65,-6.631,8.141,-9.628,25.267,否,405356304.0,243356304.0,5707416760.32,3426456760.32,-85.862919,2.874318,0.574314,14.19,13.92,13.75,13.05,12.23,12.48,12.33,2021-07-05,-
2025-12-02,301017,漱玉平民,医药商业,13.88,14.88,13.82,14.76,13.82,25678838,370997971.49,10.552,4.83,7.53,否,1.23,5.429,13.103,-1.271,30.851,否,405356304.0,243356304.0,5983059047.04,3591939047.04,-90.009707,3.013134,0.602051,14.38,13.9,13.87,13.16,12.28,12.5,12.33,2021-07-05,-
2025-12-03,301017,漱玉平民,医药商业,14.5,14.92,14.09,14.39,14.09,24953300,359400254.88,10.2538,-2.507,5.62,否,1.12,2.933,4.351,4.049,20.017,否,405356304.0,243356304.0,5833077214.56,3501897214.56,-87.753366,2.937602,0.586959,14.24,13.96,13.96,13.27,12.32,12.51,12.34,2021-07-05,-
2025-12-04,301017,漱玉平民,医药商业,14.33,14.99,14.02,14.54,14.02,24637761,356744082.72,10.1242,1.042,6.74,否,1.21,3.267,-3.581,8.507,19.376,否,405356304.0,243356304.0,5893880660.16,3538400660.16,-88.668099,2.968223,0.593077,14.35,14.07,14.07,13.37,12.36,12.53,12.34,2021-07-05,-
2025-12-05,301017,漱玉平民,医药商业,14.44,15.83,13.9,15.19,13.9,34618498,512528329.99,14.2254,4.47,13.27,否,1.68,2.913,8.5,16.667,23.798,否,405356304.0,243356304.0,6157362257.76,3696582257.76,-92.631941,3.100915,0.61959,14.59,14.29,14.21,13.5,12.42,12.55,12.34,2021-07-05,-
2025-12-08,301017,漱玉平民,医药商业,15.17,15.2,14.66,14.9,14.66,22780141,338503009.41,9.3608,-1.909,3.55,否,0.92,3.544,6.581,14.176,22.131,否,405356304.0,243356304.0,6039808929.6,3626008929.6,-90.863458,3.041714,0.607761,14.76,14.47,14.31,13.63,12.47,12.57,12.35,2021-07-05,-
2025-12-09,301017,漱玉平民,医药商业,14.71,15.35,14.36,14.98,14.36,26682842,395954879.21,10.9645,0.537,6.64,否,1.01,3.026,6.392,8.629,20.032,否,405356304.0,243356304.0,6072237433.92,3645477433.92,-91.351315,3.058046,0.611024,14.8,14.59,14.39,13.75,12.52,12.6,12.35,2021-07-05,-
2025-12-10,301017,漱玉平民,医药商业,15.06,15.88,14.66,14.79,14.66,27021135,409597274.65,11.1035,-1.268,8.14,否,1.01,-2.633,0.203,-1.923,18.51,否,405356304.0,243356304.0,5995219736.16,3599239736.16,-90.192654,3.019259,0.603274,14.88,14.56,14.44,13.84,12.57,12.62,12.35,2021-07-05,-
2025-12-11,301017,漱玉平民,医药商业,14.64,14.7,13.96,13.96,13.96,21684788,309197706.66,8.9107,-5.612,5.0,否,0.8,-6.309,-2.988,-0.286,12.672,否,405356304.0,243356304.0,5658774003.84,3397254003.84,-85.131132,2.849821,0.569419,14.76,14.56,14.45,13.9,12.61,12.63,12.35,2021-07-05,-
2025-12-12,301017,漱玉平民,医药商业,14.18,14.38,13.68,13.71,13.68,16051656,224157760.34,6.5959,-1.791,5.01,否,0.6,-8.478,-5.708,-1.931,9.505,否,405356304.0,243356304.0,5557434927.84,3336414927.84,-83.606578,2.798785,0.559222,14.47,14.53,14.3,13.95,12.64,12.65,12.35,2021-07-05,-
2025-12-15,301017,漱玉平民,医药商业,13.88,14.96,13.68,14.32,13.68,17480609,247995787.27,7.1831,4.449,9.34,否,0.77,-3.178,-5.727,1.705,11.353,否,405356304.0,243356304.0,5804702273.28,3484862273.28,-87.326491,2.923312,0.584103,14.35,14.55,14.24,14.02,12.68,12.67,12.35,2021-07-05,-
2025-12-16,301017,漱玉平民,医药商业,14.32,14.59,13.68,14.17,13.68,14991900,211301053.21,6.1605,-1.048,6.35,否,0.69,1.504,-4.899,-3.997,6.063,否,405356304.0,243356304.0,5743898827.68,3448358827.68,-86.411758,2.892691,0.577985,14.19,14.5,14.2,14.08,12.73,12.69,12.35,2021-07-05,-
2025-12-17,301017,漱玉平民,医药商业,14.25,15.76,14.25,15.03,14.25,31683252,480861253.07,13.0193,6.069,10.66,否,1.63,9.628,0.334,4.448,9.708,否,405356304.0,243356304.0,6092505249.12,3657645249.12,-91.656226,3.068253,0.613064,14.24,14.56,14.26,14.16,12.78,12.72,12.36,2021-07-05,-
2025-12-18,301017,漱玉平民,医药商业,15.82,18.04,15.3,18.04,15.3,48771511,808753374.09,20.0412,20.027,18.23,否,2.39,25.978,21.974,24.072,29.971,是,405360646.0,243360646.0,7312706053.84,4390226053.84,-110.011865,3.68272,0.73584,15.05,14.91,14.49,14.35,12.88,12.76,12.37,2021-07-05,-
2025-12-19,301017,漱玉平民,医药商业,18.06,19.6,16.6,18.6,16.6,57087867,1032623512.36,23.4586,3.104,16.63,否,2.21,31.263,33.238,22.449,11.645,否,405360646.0,243360646.0,7539708015.6,4526508015.6,-113.426867,3.797039,0.758682,16.03,15.25,14.77,14.55,12.99,12.81,12.39,2021-07-05,-
2025-12-22,301017,漱玉平民,医药商业,18.29,18.33,16.69,17.16,16.69,41155294,707989802.3,16.9112,-7.742,8.82,否,1.21,14.172,25.164,15.168,10.141,否,405360646.0,243360646.0,6955988685.36,4176068685.36,-104.646553,3.503112,0.699953,16.6,15.48,14.97,14.7,13.09,12.84,12.4,2021-07-05,-
2025-12-23,301017,漱玉平民,医药商业,16.62,19.49,16.62,18.53,16.62,50482313,909275075.36,20.7438,7.984,16.72,否,1.3,2.716,29.399,23.698,23.946,否,405360646.0,243360646.0,7511332770.38,4509472770.38,-113.001202,3.78279,0.755835,17.47,15.83,15.21,14.87,13.21,12.89,12.41,2021-07-05,-
2025-12-24,301017,漱玉平民,医药商业,17.84,19.18,17.2,18.0,17.2,43344889,786435564.49,17.811,-2.86,10.69,否,0.95,-3.226,27.029,21.704,30.152,否,405360646.0,243360646.0,7296491628.0,4380491628.0,-109.769112,3.674593,0.734216,18.07,16.15,15.36,15.01,13.33,12.94,12.43,2021-07-05,-
2025-12-25,301017,漱玉平民,医药商业,17.53,17.97,17.18,17.57,17.18,32142628,563460206.81,13.2078,-2.389,4.39,否,0.67,2.389,16.9,25.86,31.119,否,405360646.0,243360646.0,7122186550.22,4275846550.22,-107.146849,3.586812,0.716677,17.97,16.51,15.54,15.14,13.43,12.98,12.44,2021-07-05,-
2025-12-26,301017,漱玉平民,医药商业,17.7,19.81,17.6,18.98,17.6,49305267,921599115.32,20.2602,8.025,12.58,否,1.1,2.428,5.211,38.439,45.776,否,405360646.0,243360646.0,7693745061.08,4618985061.08,-115.74543,3.874655,0.77419,18.05,17.04,15.79,15.21,13.57,13.03,12.46,2021-07-05,-
2025-12-29,301017,漱玉平民,医药商业,17.0,17.0,15.27,15.58,15.27,48178662,767161771.62,19.7972,-17.914,9.11,否,1.11,-13.444,-16.237,8.799,19.387,否,405360646.0,243360646.0,6315518864.68,3791558864.68,-95.011264,3.180565,0.635505,17.73,17.17,15.86,15.21,13.64,13.06,12.46,2021-07-05,-
2025-12-30,301017,漱玉平民,医药商业,15.27,16.27,14.8,15.29,14.8,30346869,468707575.28,12.4699,-1.861,9.44,否,0.68,-12.977,-10.897,7.904,10.877,否,405360646.0,243360646.0,6197964277.34,3720984277.34,-93.242762,3.121363,0.623676,17.08,17.28,15.89,15.22,13.71,13.08,12.47,2021-07-05,-
2025-12-31,301017,漱玉平民,医药商业,15.38,15.47,14.71,14.75,14.71,23985700,356491265.0,9.86,-3.53,4.97,否,0.59,-22.287,-20.399,-1.863,-2.188,否,405360712.0,243360646.0,5979070502.0,3589569528.5,-89.949703,3.011126,0.601649,16.43,17.25,15.9,15.25,13.77,13.1,12.47,2021-07-05,-
2026-01-05,301017,漱玉平民,医药商业,14.76,15.36,14.76,15.25,14.76,22250100,334757379.0,9.14,3.39,4.07,否,0.6,-2.118,-15.278,-15.466,8.929,否,405360712.0,243360646.0,6181750858.0,3711249851.5,-92.998846,3.113198,0.622044,15.97,16.97,15.94,15.32,13.85,13.12,12.48,2021-07-05,-
2026-01-06,301017,漱玉平民,医药商业,15.26,15.69,15.07,15.28,15.07,20365700,312683283.0,8.37,0.2,4.07,否,0.58,-0.065,-13.034,-17.849,9.299,否,405360712.0,243360712.0,6193911679.36,3718551679.36,-93.181794,3.119322,0.623268,15.23,16.64,15.94,15.39,13.92,13.14,12.49,2021-07-05,-
2026-01-07,301017,漱玉平民,医药商业,15.15,15.66,15.0,15.34,15.0,22112300,338994390.0,9.09,0.39,4.32,否,0.76,4.0,-19.178,-10.606,8.949,否,405360712.0,243360712.0,6218233322.08,3733153322.08,-93.547691,3.131571,0.625715,15.18,16.46,15.97,15.47,13.99,13.16,12.5,2021-07-05,-
2026-01-08,301017,漱玉平民,医药商业,15.26,16.22,15.14,16.0,15.14,32698000,517216304.0,13.44,4.3,7.04,否,1.37,4.918,2.696,-13.654,8.401,否,405360712.0,243360712.0,6485771392.0,3893771392.0,-97.57256,3.266306,0.652637,15.32,16.2,16.02,15.54,14.07,13.19,12.52,2021-07-05,-
2026-01-09,301017,漱玉平民,医药商业,16.33,17.37,16.33,17.24,16.33,33646300,570944051.0,13.83,7.75,6.5,否,1.39,12.827,12.753,-4.222,19.805,否,405360712.0,243360712.0,6988418674.88,4195538674.88,-105.134433,3.519445,0.703216,15.82,16.13,16.14,15.61,14.18,13.23,12.54,2021-07-05,-
2026-01-12,301017,漱玉平民,医药商业,17.37,17.98,16.81,17.64,16.81,35282700,615343644.0,14.5,2.32,6.79,否,1.35,14.993,19.593,0.398,21.32,否,405360712.0,243360712.0,7150562959.68,4292882959.68,-107.573747,3.601102,0.719532,16.3,16.14,16.32,15.74,14.29,13.27,12.56,2021-07-05,-
2026-01-13,301017,漱玉平民,医药商业,18.2,21.17,16.95,19.43,16.95,54416500,1028693000.0,22.36,10.15,23.92,否,1.89,21.438,27.41,2.371,27.913,否,405360712.0,243360712.0,7876158634.16,4728498634.16,-118.489677,3.96652,0.792546,17.13,16.18,16.61,15.92,14.43,13.33,12.59,2021-07-05,-
2026-01-14,301017,漱玉平民,医药商业,17.56,23.01,17.41,21.45,17.41,59727900,1155225832.0,24.54,10.4,28.82,否,1.68,24.42,40.38,37.677,43.96,否,405360712.0,243360712.0,8694987272.4,5220087272.4,-130.808213,4.378891,0.874941,18.35,16.77,16.97,16.16,14.6,13.4,12.62,2021-07-05,-
2026-01-15,301017,漱玉平民,医药商业,19.89,20.2,17.99,18.5,17.99,37386900,702886746.0,15.36,-13.75,10.3,否,0.87,4.875,20.6,20.994,23.498,否,405360712.0,243360712.0,7499173172.0,4502173172.0,-112.818272,3.776666,0.754611,18.85,17.09,17.18,16.29,14.73,13.45,12.65,2021-07-05,-
2026-01-16,301017,漱玉平民,医药商业,18.5,18.67,17.42,17.48,17.42,26214200,466878117.0,10.77,-5.51,6.76,否,0.59,-10.036,9.25,18.508,18.188,否,405360712.0,243360712.0,7085705245.76,4253945245.76,-106.598021,3.568439,0.713006,18.9,17.36,17.31,16.39,14.83,13.49,12.68,2021-07-05,-
2026-01-19,301017,漱玉平民,医药商业,17.74,17.99,17.03,17.16,17.03,17110700,295419955.0,7.03,-1.83,5.49,否,0.4,-20.0,-0.464,12.525,22.923,否,405606457.0,243360712.0,6960206802.12,4176069817.92,-104.64657,3.503113,0.699953,18.8,17.55,17.26,16.48,14.93,13.52,12.7,2021-07-05,-
2026-01-20,301017,漱玉平民,医药商业,17.12,17.48,16.92,17.26,16.92,16934100,291519637.0,6.96,0.58,3.26,否,0.43,-6.703,-2.154,12.958,25.894,否,405606457.0,243360712.0,7000767447.82,4200405889.12,-105.320209,3.525664,0.704459,18.37,17.75,17.19,16.55,15.03,13.56,12.72,2021-07-05,-
2026-01-21,301017,漱玉平民,医药商业,16.9,17.3,16.72,16.92,16.72,14059900,238582717.0,5.77,-1.97,3.36,否,0.45,-3.204,-12.918,10.3,18.156,否,405606457.0,243606457.0,6862861252.44,4121821252.44,-103.245535,3.456212,0.690582,17.46,17.91,17.18,16.61,15.12,13.59,12.74,2021-07-05,-
2026-01-22,301017,漱玉平民,医药商业,16.99,17.71,16.81,17.71,16.81,18879700,327864693.0,7.75,4.67,5.32,否,0.85,3.205,-17.436,10.688,24.982,否,405606457.0,243606457.0,7183290353.47,4314270353.47,-108.066101,3.617584,0.722825,17.31,18.08,17.14,16.7,15.23,13.63,12.77,2021-07-05,-
2026-01-23,301017,漱玉平民,医药商业,18.37,18.9,18.14,18.6,18.14,29995400,556627542.0,12.31,5.03,4.29,否,1.61,7.764,0.541,7.889,23.752,否,405606457.0,243606457.0,7544280100.2,4531080100.2,-113.496865,3.799383,0.75915,17.53,18.22,17.17,16.83,15.34,13.68,12.8,2021-07-05,-
2026-01-26,301017,漱玉平民,医药商业,18.12,19.49,17.83,19.26,17.83,33881500,630770508.0,13.91,3.55,8.92,否,1.75,13.83,10.183,9.184,6.763,否,405606457.0,243606457.0,7811980361.82,4691860361.82,-117.524173,3.934199,0.786088,17.95,18.38,17.26,17.01,15.46,13.73,12.83,2021-07-05,-
2026-01-27,301017,漱玉平民,医药商业,18.23,18.57,17.5,17.63,17.5,22619000,404485461.0,9.29,-8.46,5.56,否,0.99,-0.452,2.739,-9.264,-5.215,否,405606457.0,243606457.0,7150841836.91,4294781836.91,-107.577942,3.601243,0.71956,18.02,18.2,17.19,17.14,15.54,13.76,12.85,2021-07-05,-
2026-01-28,301017,漱玉平民,医药商业,17.5,17.79,17.0,17.1,17.0,13785400,239069451.0,5.66,-3.01,4.48,否,0.58,-8.065,-0.927,-20.28,-0.35,否,405606457.0,243606457.0,6935870414.7,4165670414.7,-104.343892,3.492981,0.697928,18.06,17.76,17.26,17.23,15.63,13.8,12.88,2021-07-05,-
2026-01-29,301017,漱玉平民,医药商业,16.96,17.68,16.55,17.13,16.55,14401600,247417144.0,5.91,0.18,6.61,否,0.6,-11.059,1.241,-7.405,-7.555,否,405606457.0,243606457.0,6948038608.41,4172978608.41,-104.526951,3.499109,0.699153,17.94,17.63,17.36,17.33,15.7,13.83,12.9,2021-07-05,-
2026-01-30,301017,漱玉平民,医药商业,17.17,17.47,16.41,16.52,16.41,13615200,229497521.0,5.59,-3.56,6.19,否,0.59,-6.296,-6.719,-5.492,-8.222,否,405606457.0,243606457.0,6700618669.64,4024378669.64,-100.804742,3.374505,0.674256,17.53,17.53,17.45,17.38,15.77,13.85,12.92,2021-07-05,-
2026-02-02,301017,漱玉平民,医药商业,16.38,16.91,16.17,16.53,16.17,9348200,155725791.0,3.84,0.06,4.48,否,0.48,-3.333,-11.129,-3.671,-5.919,否,405606457.0,243606457.0,6704674734.21,4026814734.21,-100.865762,3.376548,0.674664,16.98,17.47,17.51,17.33,15.84,13.88,12.94,2021-07-05,-
2026-02-03,301017,漱玉平民,医药商业,16.58,17.22,16.58,17.21,16.58,10591100,179467497.0,4.35,4.11,3.87,否,0.72,0.467,-10.644,-0.29,-9.326,否,405606457.0,243606457.0,6980487124.97,4192467124.97,-105.01511,3.51545,0.702418,16.9,17.46,17.61,17.28,15.92,13.91,12.96,2021-07-05,-
2026-02-04,301017,漱玉平民,医药商业,17.2,17.38,16.66,16.8,16.66,10973400,186235472.0,4.5,-2.38,4.18,否,0.89,1.695,-4.708,-0.709,7.831,否,405606457.0,243606457.0,6814188477.6,4092588477.6,-102.513297,3.4317,0.685684,16.84,17.45,17.68,17.27,15.98,13.94,12.98,2021-07-05,-
2026-02-05,301017,漱玉平民,医药商业,16.58,16.69,16.11,16.22,16.11,11094900,181417802.0,4.55,-3.45,3.45,否,0.94,-1.875,-5.146,-8.413,6.082,否,405606457.0,243606457.0,6578936732.54,3951296732.54,-98.974148,3.313225,0.662012,16.66,17.3,17.69,17.19,16.03,13.97,13.0,2021-07-05,-
2026-02-06,301017,漱玉平民,医药商业,16.18,16.59,15.75,15.82,15.75,10364500,165994057.0,4.25,-2.47,5.18,否,0.93,-8.077,-7.647,-14.946,7.254,否,405606457.0,243606457.0,6416694149.74,3853854149.74,-96.533355,3.231518,0.645686,16.52,17.02,17.62,17.12,16.07,13.99,13.02,2021-07-05,-
2026-02-09,301017,漱玉平民,医药商业,16.14,16.39,15.93,16.14,15.93,8501900,137063417.0,3.49,2.02,2.91,否,0.81,-3.929,-2.3,-16.199,5.836,否,405606457.0,243606457.0,6546488215.98,3931808215.98,-98.485989,3.296884,0.658746,16.44,16.71,17.54,17.07,16.1,14.01,13.04,2021-07-05,-
2026-02-10,301017,漱玉平民,医药商业,16.1,16.1,15.71,15.8,15.71,7442300,118012722.0,3.06,-2.11,2.42,否,0.72,-2.589,-4.416,-10.38,3.403,否,405606457.0,243606457.0,6408582020.6,3848982020.6,-96.411315,3.227432,0.644869,16.16,16.53,17.36,16.97,16.09,14.04,13.06,2021-07-05,-
2026-02-11,301017,漱玉平民,医药商业,15.92,16.03,15.57,15.58,15.57,7330300,115574012.0,3.01,-1.39,2.91,否,0.76,-1.517,-9.471,-8.889,1.565,否,405606457.0,243606457.0,6319348600.06,3795388600.06,-95.068879,3.182494,0.63589,15.91,16.38,17.07,16.97,16.09,14.06,13.07,2021-07-05,-
2026-02-12,301017,漱玉平民,医药商业,15.68,15.76,15.4,15.48,15.4,6386700,99413132.0,2.62,-0.64,2.31,否,0.71,-4.089,-7.857,-9.632,-3.25,否,405606457.0,243606457.0,6278787954.36,3771027954.36,-94.458681,3.162067,0.631809,15.76,16.21,16.92,16.97,16.1,14.08,13.08,2021-07-05,-
2026-02-13,301017,漱玉平民,医药商业,15.47,15.69,15.33,15.37,15.33,5813500,90240802.0,2.39,-0.71,2.33,否,0.73,-2.722,-5.24,-6.961,-10.847,否,405606457.0,243606457.0,6234171244.09,3744231244.09,-93.787463,3.139597,0.627319,15.67,16.1,16.81,17.0,16.12,14.1,13.1,2021-07-05,-
2026-02-24,301017,漱玉平民,医药商业,15.38,15.71,15.38,15.53,15.38,6195100,96478489.0,2.54,1.04,2.15,否,0.87,-0.321,-1.833,-6.05,-11.961,否,405606457.0,243606457.0,6299068277.21,3783208277.21,-94.76378,3.17228,0.633849,15.55,16.0,16.73,17.0,16.16,14.12,13.11,2021-07-05,-
2026-02-25,301017,漱玉平民,医药商业,15.53,15.92,15.5,15.87,15.5,7882700,124669160.0,3.24,2.19,2.7,否,1.19,2.519,-1.673,-7.786,-18.322,否,405606457.0,243606457.0,6436974472.59,3866034472.59,-96.838454,3.241731,0.647726,15.57,15.86,16.66,17.02,16.21,14.14,13.12,2021-07-05,-
2026-02-26,301017,漱玉平民,医药商业,15.8,15.84,15.55,15.67,15.55,5616600,88116122.0,2.31,-1.26,1.83,否,0.84,1.952,-0.823,-6.726,-26.946,否,405606457.0,243606457.0,6355853181.19,3817313181.19,-95.618058,3.200878,0.639564,15.58,15.75,16.6,17.04,16.25,14.17,13.13,2021-07-05,-
2026-02-27,301017,漱玉平民,医药商业,15.63,15.87,15.53,15.87,15.53,5371200,84717996.0,2.2,1.28,2.17,否,0.84,2.189,1.861,-2.158,-14.216,否,405606457.0,243606457.0,6436974472.59,3866034472.59,-96.838454,3.241731,0.647726,15.66,15.71,16.51,17.03,16.29,14.19,13.14,2021-07-05,-
2026-03-02,301017,漱玉平民,医药商业,15.59,15.59,14.84,15.03,14.84,9484900,143476576.0,3.89,-5.29,4.73,否,1.54,-5.293,-2.907,-4.994,-14.016,否,405606457.0,243606457.0,6096265048.71,3661405048.71,-91.712789,3.070146,0.613442,15.59,15.63,16.33,16.96,16.29,14.21,13.15,2021-07-05,-
2026-03-03,301017,漱玉平民,医药商业,15.07,15.26,14.5,14.53,14.5,7874000,116618739.0,3.23,-3.33,5.06,否,1.14,-7.275,-5.465,-9.975,-15.326,否,405606457.0,243606457.0,5893461820.21,3539601820.21,-88.661798,2.968012,0.593035,15.39,15.47,16.09,16.85,16.29,14.23,13.16,2021-07-05,-
2026-03-04,301017,漱玉平民,医药商业,14.5,14.7,14.3,14.52,14.3,5320000,77112466.0,2.18,-0.07,2.75,否,0.73,-8.507,-6.504,-8.101,-15.875,否,405606457.0,243606457.0,5889405755.64,3537165755.64,-88.600778,2.96597,0.592627,15.12,15.35,15.94,16.69,16.3,14.25,13.17,2021-07-05,-
2026-03-05,301017,漱玉平民,医药商业,14.7,14.8,14.59,14.77,14.59,4205300,61942316.0,1.73,1.72,1.45,否,0.62,-1.73,-6.931,-5.199,-12.707,否,405606457.0,243606457.0,5990807369.89,3598067369.89,-90.126274,3.017037,0.60283,14.94,15.26,15.82,16.47,16.31,14.27,13.18,2021-07-05,-
2026-03-06,301017,漱玉平民,医药商业,14.6,15.07,14.6,15.07,14.6,4770100,71262425.0,1.96,2.03,3.18,否,0.74,3.716,-3.829,-2.649,-14.907,否,405606457.0,243606457.0,6112489306.99,3671149306.99,-91.956868,3.078317,0.615075,14.78,15.22,15.72,16.35,16.32,14.3,13.19,2021-07-05,-
2026-03-09,301017,漱玉平民,医药商业,14.88,15.05,14.64,14.84,14.64,4047200,59867766.0,1.66,-1.53,2.72,否,0.64,2.204,-6.49,-3.448,-20.215,否,405606457.0,243606457.0,6019199821.88,3615119821.88,-90.553413,3.031335,0.605687,14.75,15.17,15.63,16.26,16.33,14.32,13.2,2021-07-05,-
2026-03-10,301017,漱玉平民,医药商业,14.93,15.07,14.89,14.99,14.89,3175200,47507056.0,1.3,1.01,1.21,否,0.61,1.49,-0.266,-3.477,-22.17,否,405606457.0,243606457.0,6080040790.43,3651660790.43,-91.46871,3.061975,0.61181,14.84,15.12,15.56,16.19,16.33,14.35,13.21,2021-07-05,-
2026-03-11,301017,漱玉平民,医药商业,14.96,15.02,14.66,14.75,14.66,4592300,67966530.0,1.89,-1.6,2.4,否,1.07,-2.123,1.514,-7.057,-16.336,否,405606457.0,243606457.0,5982695240.75,3593195240.75,-90.004234,3.012951,0.602014,14.88,15.0,15.43,16.11,16.33,14.37,13.22,2021-07-05,-
2026-03-12,301017,漱玉平民,医药商业,14.77,14.78,14.45,14.53,14.45,3629300,52900966.0,1.49,-1.49,2.24,否,0.87,-2.089,0.069,-7.275,-15.029,否,405606457.0,243606457.0,5893461820.21,3539601820.21,-88.661798,2.968012,0.593035,14.84,14.89,15.32,16.03,16.32,14.4,13.23,2021-07-05,-
2026-03-13,301017,漱玉平民,医药商业,14.45,14.73,14.4,14.47,14.4,3628500,52845416.0,1.49,-0.41,2.27,否,0.9,-3.469,-2.031,-8.822,-15.528,否,405606457.0,243606457.0,5869125432.79,3524985432.79,-88.295679,2.955756,0.590586,14.72,14.75,15.23,15.92,16.31,14.42,13.24,2021-07-05,-
2026-03-16,301017,漱玉平民,医药商业,14.53,14.59,14.34,14.55,14.34,3241300,46925606.0,1.33,0.55,1.73,否,0.85,-1.356,-3.451,-3.194,-11.925,否,405606457.0,243606457.0,5901573949.35,3544473949.35,-88.783838,2.972098,0.593851,14.66,14.7,15.17,15.79,16.31,14.44,13.25,2021-07-05,-
2026-03-17,301017,漱玉平民,医药商业,14.55,14.73,14.3,14.31,14.3,3835000,55737894.0,1.57,-1.65,2.96,否,1.05,-1.514,-3.571,-1.514,-13.43,否,405606457.0,243606457.0,5804228399.67,3486008399.67,-87.319362,2.923073,0.584056,14.52,14.68,15.08,15.62,16.31,14.46,13.26,2021-07-05,-
2026-03-18,301017,漱玉平民,医药商业,14.29,14.55,14.26,14.54,14.26,3045800,43859252.0,1.25,1.61,2.03,否,0.8,0.484,-3.002,0.138,-15.514,否,405606457.0,243606457.0,5897517884.78,3542037884.78,-88.722818,2.970055,0.593443,14.48,14.68,15.01,15.52,16.33,14.49,13.27,2021-07-05,-
2026-03-19,301017,漱玉平民,医药商业,14.46,14.56,14.1,14.21,14.1,3962200,56472817.0,1.63,-2.27,3.16,否,1.14,-2.337,-3.661,-3.791,-15.417,否,405606457.0,243606457.0,5763667753.97,3461647753.97,-86.709164,2.902647,0.579974,14.42,14.63,14.95,15.42,16.33,14.51,13.28,2021-07-05,-
2026-03-20,301017,漱玉平民,医药商业,14.21,14.38,13.82,13.82,13.82,3883600,54579942.0,1.59,-2.74,3.94,否,1.1,-3.424,-4.886,-8.295,-14.797,否,405606457.0,243606457.0,5605481235.74,3366641235.74,-84.329391,2.822982,0.564057,14.29,14.5,14.86,15.31,16.32,14.52,13.28,2021-07-05,-
2026-03-23,301017,漱玉平民,医药商业,13.59,13.75,13.01,13.11,13.01,6150400,82313038.0,2.52,-5.14,5.35,否,1.71,-9.835,-9.399,-11.658,-17.13,否,405606457.0,243606457.0,5317500651.27,3193680651.27,-79.996984,2.677952,0.535078,14.0,14.33,14.75,15.2,16.29,14.53,13.28,2021-07-05,-
2026-03-24,301017,漱玉平民,医药商业,13.5,13.68,13.28,13.65,13.28,6160500,83096521.0,2.53,4.12,3.05,否,1.48,-3.941,-6.186,-8.939,-15.428,否,405606457.0,243606457.0,5536528138.05,3325228138.05,-83.292054,2.788257,0.557118,13.87,14.19,14.66,15.1,16.22,14.55,13.29,2021-07-05,-
2026-03-25,301017,漱玉平民,医药商业,13.67,13.86,13.62,13.8,13.62,4189400,57640273.0,1.72,1.1,1.76,否,0.9,-0.145,-3.564,-6.441,-12.658,否,405606457.0,243606457.0,5597369106.6,3361769106.6,-84.207351,2.818897,0.56324,13.72,14.1,14.55,14.99,16.14,14.56,13.29,2021-07-05,-
2026-03-26,301017,漱玉平民,医药商业,13.83,13.91,13.47,13.56,13.47,3325600,45433396.0,1.37,-1.74,3.19,否,0.68,3.432,-6.74,-6.676,-12.965,否,405606457.0,243606457.0,5500023556.92,3303303556.92,-82.742876,2.769872,0.553445,13.59,14.0,14.45,14.88,16.08,14.58,13.3,2021-07-05,-
2026-03-27,301017,漱玉平民,医药商业,13.38,13.79,13.35,13.79,13.35,3684600,50434092.0,1.51,1.7,3.24,否,0.78,1.026,-2.956,-4.699,-10.917,否,405606457.0,243606457.0,5593313042.03,3359333042.03,-84.146332,2.816854,0.562832,13.58,13.93,14.34,14.8,16.0,14.6,13.3,2021-07-05,-
2026-03-30,301017,漱玉平民,医药商业,13.53,14.38,13.53,14.32,13.53,11575900,164091228.0,4.75,3.84,6.16,否,2.46,3.768,3.618,-1.581,-6.831,否,405606457.0,243606457.0,5808284464.24,3488444464.24,-87.380382,2.925116,0.584464,13.82,13.91,14.31,14.75,15.94,14.63,13.31,2021-07-05,-
2026-03-31,301017,漱玉平民,医药商业,14.32,14.97,14.24,14.43,14.24,13042500,190506799.0,5.35,0.77,5.1,否,2.25,6.416,10.069,0.839,-7.083,否,405606457.0,243606457.0,5852901174.51,3515241174.51,-88.0516,2.947585,0.588954,13.98,13.92,14.3,14.69,15.88,14.66,13.32,2021-07-05,-
2026-04-01,301017,漱玉平民,医药商业,14.51,14.7,14.14,14.68,14.14,12000500,174204420.0,4.93,1.73,3.88,否,1.68,6.454,7.546,0.963,-7.498,否,405606457.0,243606457.0,5954302788.76,3576142788.76,-89.577095,2.998652,0.599157,14.16,13.94,14.31,14.65,15.81,14.69,13.33,2021-07-05,-
2026-04-02,301017,漱玉平民,医药商业,14.6,15.72,14.5,15.57,14.5,26583500,405148981.0,10.28,6.06,8.31,否,3.05,8.729,12.826,9.571,-0.638,否,405606457.0,258694432.0,6315292535.49,4027872306.24,-95.007859,3.180451,0.635482,14.56,14.07,14.35,14.65,15.81,14.73,13.34,2021-07-05,-
2026-04-03,301017,漱玉平民,医药商业,14.83,16.31,14.78,15.45,14.78,27681300,428652595.0,10.7,-0.77,9.83,否,2.07,7.069,13.938,11.795,-2.647,否,405606457.0,258694432.0,6266619760.65,3996828974.4,-94.275622,3.155939,0.630584,14.89,14.24,14.37,14.65,15.81,14.76,13.36,2021-07-05,-
2026-04-07,301017,漱玉平民,医药商业,15.1,15.82,15.1,15.8,15.1,20278700,314818370.0,7.84,2.27,4.66,否,1.12,7.629,14.576,20.519,5.123,否,405606457.0,258694432.0,6408582020.6,4087372025.6,-96.411315,3.227432,0.644869,15.19,14.51,14.42,14.67,15.83,14.8,13.38,2021-07-05,-
2026-04-08,301017,漱玉平民,医药商业,15.6,15.75,15.06,15.39,15.06,19890000,305560211.0,7.69,-2.59,4.37,否,1.0,-1.156,7.472,12.747,5.919,否,405606457.0,258694432.0,6242283373.23,3981307308.48,-93.909503,3.143683,0.628135,15.38,14.68,14.44,14.66,15.83,14.84,13.39,2021-07-05,-
2026-04-09,301017,漱玉平民,医药商业,15.13,15.44,14.61,14.66,14.61,14433200,216500757.0,5.58,-4.74,5.39,否,0.68,-5.113,1.594,6.232,0.964,否,405606457.0,258694432.0,5946190659.62,3792460373.12,-89.455056,2.994567,0.598341,15.37,14.77,14.43,14.62,15.82,14.87,13.4,2021-07-05,-
2026-04-10,301017,漱玉平民,医药商业,14.56,14.83,14.32,14.59,14.32,10021600,146059557.0,3.87,-0.48,3.48,否,0.46,-7.658,-0.613,7.596,-1.219,否,405606457.0,258694432.0,5917798207.63,3774351762.88,-89.027917,2.980268,0.595484,15.18,14.87,14.44,14.59,15.81,14.9,13.42,2021-07-05,-
2026-04-13,301017,漱玉平民,医药商业,14.495,14.495,13.815,13.975,13.975,11457700,160121357.5,4.429,,,否,,,,,,否,405607125.0,258695100.0,5668359571.88,3615264022.5,,,,14.883,14.886500000000002,14.41025,14.5235,15.777083333333334,14.925875,13.4279,2021-07-05,-
2026-04-14,301017,漱玉平民,医药商业,14.125,14.155,13.835,14.015,14.015,7484700,104898070.5,2.8933,,,否,,,,,,否,405607125.0,258695100.0,5684583856.88,3625611826.5,,,,14.526000000000002,14.856,14.383500000000002,14.489666666666666,15.723333333333333,14.950583333333334,13.43792,2021-07-05,-
2026-04-15,301017,漱玉平民,医药商业,14.255,16.735,14.215,16.235,16.235,37583000,610160005.0,14.5279,,,否,,,,,,否,405607125.0,258695100.0,6585031674.38,4199914948.5,,,,14.695,15.0365,14.47975,14.5465,15.699916666666669,14.994375,13.4571,2021-07-05,-
2026-04-16,301017,漱玉平民,医药商业,15.735,15.805,15.165,15.515,15.515,26459700,410522245.5,10.2281,,,否,,,,,,否,405607125.0,258695100.0,6292994544.38,4013654476.5,,,,14.866,15.12,14.5285,14.579666666666666,15.634666666666668,15.03325,13.47268,2021-07-05,-
2026-04-17,301017,漱玉平民,医药商业,15.405,15.495,15.105,15.295,15.295,14008300,214256948.5,5.415,,,否,,,,,,否,405607125.0,258695100.0,6203760976.88,3956741554.5,,,,15.007,15.0925,14.58275,14.597166666666668,15.532083333333333,15.068458333333332,13.49626,2021-07-05,-
2026-04-20,301017,漱玉平民,医药商业,15.265,15.415,15.105,15.365,15.365,13810800,212202942.0,5.3386,,,否,,,,,,否,405607125.0,258695100.0,6232153475.62,3974850211.5,,,,15.285,15.084,14.660000000000002,14.607,15.479833333333334,15.102833333333333,13.5174,2021-07-05,-
2026-04-21,301017,漱玉平民,医药商业,15.255,15.595,14.735,14.955,14.955,16537900,247324294.5,6.3928,,,否,,,,,,否,405607125.0,258695100.0,6065854554.38,3868785220.5,,,,15.473,14.9995,14.75225,14.610833333333334,15.43775,15.133125,13.53582,2021-07-05,-
2026-04-22,301017,漱玉平民,医药商业,14.805,14.925,14.465,14.925,14.925,10046000,149936550.0,3.8833,,,否,,,,,,否,405607125.0,258695100.0,6053686340.62,3861024367.5,,,,15.211000000000002,14.953,14.816,14.608666666666666,15.4005,15.162833333333332,13.5528,2021-07-05,-
2026-04-23,301017,漱玉平民,医药商业,14.835,15.345,14.635,15.225,15.225,14908300,226978867.5,5.7629,,,否,,,,,,否,405607125.0,258695100.0,6175368478.12,3938632897.5,,,,15.153,15.0095,14.88725,14.6245,15.366583333333333,15.195958333333332,13.571459999999998,2021-07-05,-
2026-04-24,301017,漱玉平民,医药商业,15.015,15.045,14.155,14.175,14.175,13040400,184847670.0,5.0408,,,否,,,,,,否,405607125.0,258695100.0,5749480996.88,3667003042.5,,,,14.928999999999998,14.967999999999998,14.918,14.612666666666666,15.320833333333333,15.220416666666669,13.5842,2021-07-05,-
2026-04-27,301017,漱玉平民,医药商业,13.885,14.355,13.825,14.345,14.345,6958400,99818248.0,2.6898,,,否,,,,,,否,405607125.0,258695100.0,5818434208.12,3710981209.5,,,,14.725,15.005,14.94575,14.6085,15.26475,15.245958333333332,13.59782,2021-07-05,-
2026-04-28,301017,漱玉平民,医药商业,14.175,14.475,13.585,13.645,13.645,10020900,136735180.5,3.8736,,,否,,,,,,否,405607125.0,258695100.0,5534509220.62,3529894639.5,,,,14.463,14.968,14.912,14.578333333333337,15.182166666666667,15.25975,13.60956,2021-07-05,-
2026-04-29,301017,漱玉平民,医药商业,13.465,13.665,13.145,13.395,13.395,9219100,123489844.5,3.5637,,,否,,,,,,否,405607125.0,258695100.0,5433107439.38,3465220864.5,,,,14.157,14.684,14.86025,14.547833333333331,15.084416666666668,15.269875,13.61994,2021-07-05,-
2026-04-30,301017,漱玉平民,医药商业,13.385,13.455,13.005,13.065,13.065,9150200,119547363.0,3.5371,,,否,,,,,,否,405607125.0,258695100.0,5299257088.12,3379851481.5,,,,13.725,14.439000000000002,14.7795,14.498666666666669,15.008333333333333,15.2765,13.62952,2021-07-05,-
2026-05-06,301017,漱玉平民,医药商业,13.095,13.415,13.095,13.295,13.295,6994500,92991877.5,2.7038,,,否,,,,,,否,405607125.0,258695100.0,5392546726.88,3439351354.5,,,,13.549,14.239,14.66575,14.468166666666669,14.944916666666668,15.285625,13.63962,2021-07-05,-
2026-05-07,301017,漱玉平民,医药商业,13.305,13.365,13.125,13.295,13.295,7345900,97663740.5,2.8396,,,否,,,,,,否,405607125.0,258695100.0,5392546726.88,3439351354.5,,,,13.339,14.032,14.558000000000002,14.450666666666669,14.881,15.292416666666666,13.64932,2021-07-05,-
2026-05-08,301017,漱玉平民,医药商业,13.295,13.535,13.255,13.445,13.445,7052000,94814140.0,2.726,,,否,,,,,,否,405607125.0,258695100.0,5453387795.62,3478155619.5,,,,13.299,13.881,14.44025,14.461833333333336,14.82975,15.300458333333331,13.65994,2021-07-05,-
2026-05-11,301017,漱玉平民,医药商业,13.495,14.295,13.335,14.175,14.175,13913200,197219610.0,5.3782,,,否,,,,,,否,405607125.0,258695100.0,5749480996.88,3667003042.5,,,,13.455000000000002,13.806,14.379500000000002,14.479333333333331,14.790500000000002,15.315333333333331,13.674,2021-07-05,-
2026-05-12,301017,漱玉平民,医药商业,14.075,14.395,13.765,13.885,13.885,9116700,126585379.5,3.5241,,,否,,,,,,否,405607125.0,258695100.0,5631854930.62,3591981463.5,,,,13.619,13.672,14.34075,14.482166666666668,14.735083333333334,15.326708333333332,13.6873,2021-07-05,-
2026-05-13,301017,漱玉平民,医药商业,13.775,14.075,13.675,14.005,14.005,7006700,98128833.5,2.7085,,,否,,,,,,否,405607125.0,258695100.0,5680527785.62,3623024875.5,,,,13.761,13.655,14.3115,14.497000000000002,14.6885,15.33625,13.70148,2021-07-05,-
2026-05-14,301017,漱玉平民,医药商业,14.045,14.155,13.785,13.805,13.805,5762500,79551312.5,2.2275,,,否,,,,,,否,405607125.0,258695100.0,5599406360.62,3571285855.5,,,,13.863,13.601,14.303,14.4975,14.64825,15.339958333333332,13.71306,2021-07-05,-
2026-05-15,301017,漱玉平民,医药商业,13.795,13.805,13.305,13.375,13.375,6609500,88402062.5,2.5549,,,否,,,,,,否,405607125.0,258695100.0,5424995296.88,3460046962.5,,,,13.849,13.574000000000002,14.271,14.466,14.607499999999998,15.33725,13.72176,2021-07-05,-
2026-05-18,301017,漱玉平民,医药商业,13.345,13.875,13.265,13.555,13.555,8629700,116975583.5,3.3359,,,否,,,,,,否,405607125.0,258695100.0,5498004579.38,3506612080.5,,,,13.725,13.59,14.137,14.436833333333334,14.564416666666666,15.334541666666668,13.73058,2021-07-05,-
2026-05-19,301017,漱玉平民,医药商业,13.545,13.625,13.265,13.565,13.565,7058300,95745839.5,2.7284,,,否,,,,,,否,405607125.0,258695100.0,5502060650.62,3509199031.5,,,,13.661,13.64,14.0395,14.399666666666668,14.527166666666666,15.308750000000002,13.73948,2021-07-05,-
2026-05-20,301017,漱玉平民,医药商业,13.485,13.965,13.215,13.815,13.815,9204900,127165693.5,3.5582,,,否,,,,,,否,405607125.0,258695100.0,5603462431.88,3573872806.5,,,,13.623,13.692000000000002,13.9655,14.341166666666668,14.49775,15.294041666666663,13.74898,2021-07-05,-
2026-05-21,301017,漱玉平民,医药商业,13.815,13.905,13.455,13.485,13.485,7642600,103060461.0,2.9543,,,否,,,,,,否,405607125.0,258695100.0,5469612080.62,3488503423.5,,,,13.559,13.711000000000002,13.8715,14.275666666666668,14.4645,15.281833333333331,13.75692,2021-07-05,-
2026-05-22,301017,漱玉平民,医药商业,13.485,13.795,13.255,13.455,13.455,7201500,96896182.5,2.7838,,,否,,,,,,否,405607125.0,258695100.0,5457443866.88,3480742570.5,,,,13.575,13.712,13.7965,14.1975,14.432583333333332,15.278708333333332,13.76458,2021-07-05,-
2026-05-25,301017,漱玉平民,医药商业,13.335,13.685,13.055,13.235,13.235,7151400,94648779.0,2.7644,,,否,,,,,,否,405607125.0,258695100.0,5368210299.38,3423829648.5,,,,13.511,13.618,13.712,14.125666666666667,14.394333333333332,15.277333333333331,13.77064,2021-07-05,-
2026-05-26,301017,漱玉平民,医药商业,13.315,13.315,12.715,13.005,13.005,7330600,95334453.0,2.8337,,,否,,,,,,否,405607125.0,258695100.0,5274920660.62,3364329775.5,,,,13.399,13.529999999999998,13.601000000000004,14.0705,14.346583333333331,15.277208333333332,13.77622,2021-07-05,-
2026-05-27,301017,漱玉平民,医药商业,12.925,13.655,12.815,13.315,13.315,8793600,117086784.0,3.3992,,,否,,,,,,否,405607125.0,258695100.0,5400658869.38,3444525256.5,,,,13.299,13.461,13.558000000000002,14.028,14.307333333333334,15.279416666666666,13.78272,2021-07-05,-
2026-05-28,301017,漱玉平民,医药商业,13.315,13.505,13.075,13.395,13.395,6594800,88337346.0,2.5493,,,否,,,,,,否,405607125.0,258695100.0,5433107439.38,3465220864.5,,,,13.281,13.419999999999998,13.5105,14.008666666666668,14.266083333333334,15.276125,13.78934,2021-07-05,-
2026-05-29,301017,漱玉平民,医药商业,13.355,13.995,13.355,13.785,13.785,10830500,149298442.5,4.1866,,,否,,,,,,否,405607125.0,258695100.0,5591294218.12,3566111953.5,,,,13.347,13.461,13.517500000000002,14.001,14.245333333333331,15.265333333333334,13.79692,2021-07-05,-
2026-06-01,301017,漱玉平民,医药商业,13.795,15.095,13.755,14.615,14.615,16833300,246018679.5,6.507,,,否,,,,,,否,405607125.0,258695100.0,5927948131.88,3780828886.5,,,,13.623,13.566999999999998,13.5785,13.947,14.24675,15.270458333333334,13.80614,2021-07-05,-
2026-06-02,301017,漱玉平民,医药商业,14.535,14.705,14.305,14.505,14.505,8944200,129735621.0,3.4574,,,否,,,,,,否,405607125.0,258695100.0,5883331348.12,3752372425.5,,,,13.923000000000002,13.661,13.650500000000005,13.913333333333334,14.2465,15.274833333333332,13.81468,2021-07-05,-
2026-06-03,301017,漱玉平民,医药商业,14.51,14.7,14.15,14.38,14.38,7788100,111992878.0,3.0105,,,否,,,,,,否,405607125.0,258695100.0,5832630457.5,3720035538.0,,,,14.136,13.7175,13.70475,13.882833333333334,14.24,15.277333333333331,13.82348,2021-07-05,-
2026-06-04,301017,漱玉平民,医药商业,14.28,14.45,13.98,14.13,14.13,5490500,77580765.0,2.1224,,,否,,,,,,否,405607125.0,258695100.0,5731228676.25,3655361763.0,,,,14.283,13.782,13.7465,13.841666666666669,14.224333333333332,15.272083333333333,13.83092,2021-07-05,-
2026-06-05,301017,漱玉平民,医药商业,14.06,14.55,13.82,14.05,14.05,8288400,116452020.0,3.2039,,,否,,,,,,否,405607125.0,258695100.0,5698780106.25,3634666155.0,,,,14.336000000000002,13.841500000000002,13.776750000000002,13.8115,14.211166666666667,15.26925,13.83696,2021-07-05,-
2026-06-08,301017,漱玉平民,医药商业,13.77,14.28,13.61,13.75,13.75,6366000,87532500.0,2.4608,,,否,,,,,,否,405607125.0,258695100.0,5577097968.75,3557057625.0,,,,14.163000000000002,13.893,13.7555,13.772333333333334,14.190500000000002,15.262666666666666,13.84208,2021-07-05,-
2026-06-09,301017,漱玉平民,医药商业,13.78,14.07,13.37,13.59,13.59,6565500,89225145.0,2.5379,,,否,,,,,,否,405607125.0,258695100.0,5512200828.75,3515666409.0,,,,13.98,13.9515,13.74075,13.717833333333337,14.171166666666666,15.249333333333334,13.84768,2021-07-05,-
2026-06-10,301017,漱玉平民,医药商业,13.38,13.73,13.07,13.5,13.5,5215100,70403850.0,2.0159,,,否,,,,,,否,405607125.0,258695100.0,5475696187.5,3492383850.0,,,,13.803999999999998,13.97,13.7155,13.695333333333334,14.153999999999998,15.237666666666666,13.8526,2021-07-05,-
2026-06-11,301017,漱玉平民,医药商业,13.5,13.72,13.08,13.41,13.41,4108700,55097667.0,1.5882,,,否,,,,,,否,405607125.0,258695100.0,5439191546.25,3469101291.0,,,,13.66,13.9715,13.69575,13.664166666666668,14.136333333333337,15.224583333333332,13.85804,2021-07-05,-
2026-06-12,301017,漱玉平民,医药商业,13.41,13.58,13.21,13.33,13.33,4976500,66336745.0,1.9237,,,否,,,,,,否,405607125.0,258695100.0,5406742976.25,3448405683.0,,,,13.516,13.926000000000002,13.6935,13.653666666666668,14.115999999999998,15.212416666666666,13.86152,2021-07-05,-
2026-06-15,301017,漱玉平民,医药商业,13.38,13.6,13.22,13.33,13.33,5671300,75598429.0,2.1923,,,否,,,,,,否,405607125.0,258695100.0,5406742976.25,3448405683.0,,,,13.432,13.7975,13.68225,13.6515,14.099666666666668,15.207166666666666,13.86144,2021-07-05,-
2026-06-16,301017,漱玉平民,医药商业,13.38,13.82,12.55,13.56,13.56,11245800,152493048.0,4.3471,,,否,,,,,,否,405607125.0,258695100.0,5500032615.0,3507905556.0,,,,13.425999999999998,13.703,13.682,13.668,14.083333333333336,15.205916666666669,13.8636,2021-07-05,-
2026-06-17,301017,漱玉平民,医药商业,13.56,13.58,13.05,13.4,13.56,5780500,77458700.0,2.2345,,,否,,,,,,否,405607125.0,258695100.0,5435135475.0,3466514340.0,,,,13.41,13.61,13.66,13.67,14.07,15.2,13.87,2021-07-05,-
2026-06-18,301017,漱玉平民,医药商业,13.29,13.4,13.02,13.1,13.4,4600082,60261074.2,1.7782,,,否,,,,,,否,405607125.0,258695100.0,5313453337.5,3388905810.0,,,,13.34,13.5,13.64,13.66,14.06,15.19,13.87,2021-07-05,-
2026-06-22,301017,漱玉平民,医药商业,13.08,13.24,12.35,13.09,13.38,8604598,112634187.82,3.3262,,,否,,,,,,否,405607125.0,258695100.0,5309397266.25,3386318859.0,,,,13.31,13.37,13.63,13.63,14.05,15.13,13.87,2021-07-05,-
2026-06-23,301017,漱玉平民,医药商业,12.98,13.77,12.8,13.38,13.09,9210947,123242470.86,3.5605,,,否,,,,,,否,405607125.0,258695100.0,5427023332.5,3461340438.0,,,,13.31,13.37,13.63,13.63,14.05,15.13,13.87,2021-07-05,-
2026-06-24,301017,漱玉平民,医药商业,13.38,14.37,13.04,14.35,13.38,16821136,241383301.6,6.5023,,,否,,,,,,否,405607125.0,258695100.0,5820462243.75,3712274685.0,,,,13.46,13.44,13.7,13.64,14.06,15.1,13.88,2021-07-05,-
2026-06-25,301017,漱玉平民,医药商业,14.16,14.39,13.63,14.28,14.35,13116482,187303362.96,5.0702,,,否,,,,,,否,405607125.0,258695100.0,5792069745.0,3694166028.0,,,,13.64,13.52,13.75,13.65,14.07,15.07,13.89,2021-07-05,-
2026-06-26,301017,漱玉平民,医药商业,14.16,14.32,13.09,13.1,14.28,10086500,132133150.0,3.899,,,否,,,,,,否,405607125.0,258695100.0,5313453337.5,3388905810.0,,,,13.64,13.49,13.73,13.63,14.06,15.03,13.89,2021-07-05,-
2026-06-29,301017,漱玉平民,医药商业,13.06,13.53,12.84,13.17,13.1,8514600,112137282.0,3.2914,,,否,,,,,,否,405607125.0,258695100.0,5341845836.25,3407014467.0,,,,13.66,13.48,13.7,13.62,14.04,14.99,13.9,2021-07-05,-
2026-06-30,301017,漱玉平民,医药商业,13.03,13.43,12.77,13.37,13.37,7337500,98102375.0,2.8364,,,否,,,,,,否,405607125.0,258695100.0,5422967261.25,3458753487.0,,,,13.46,13.46,13.58,13.61,14.0,14.91,13.91,2021-07-05,-
2026-07-01,301017,漱玉平民,医药商业,13.03,13.43,12.77,13.37,13.37,7337500,98102375.00,2.8364,,,否,,,,,,否,405607125,258695100,5422967261.25,3458753487.00,,,,13.46,13.46,13.58,13.61,14.00,14.91,13.91,2021-07-05,-
2026-07-02,301017,漱玉平民,医药商业,13.31,13.69,13.21,13.35,13.37,5586100,74574435.00,2.1593,,,否,,,,,,否,405607125,258695100,5414855118.75,3453579585.00,,,,13.27,13.46,13.53,13.59,13.97,14.89,13.92,2021-07-05,-
2026-07-03,301017,漱玉平民,医药商业,13.57,13.62,12.9,13.36,13.35,7269900,97125864.00,2.8102,,,否,,,,,,否,405607125,258695100,5418911190.00,3456166536.00,,,,13.32,13.48,13.49,13.59,13.93,14.87,13.92,2021-07-05,-
2026-07-06,301017,漱玉平民,医药商业,13.21,13.78,13.21,13.68,13.36,6419900,87824232.00,2.4816,,,否,,,,,,否,405607125,258695100,5548705470.00,3538948968.00,,,,13.43,13.54,13.47,13.60,13.90,14.86,13.93,2021-07-05,-
2026-07-08,301017,漱玉平民,医药商业,13.28,13.49,12.94,13.02,13.68,4733700,61632774.00,1.8298,,,否,,,,,,否,405607125,258695100,5281004767.50,3368210202.00,,,,13.36,13.51,13.44,13.59,13.86,14.85,13.93,2021-07-05,-
2026-07-09,301017,漱玉平民,医药商业,12.91,13.09,12.29,12.51,13.02,6708600,83924586.00,2.5932,,,否,,,,,,否,405607125,258695100,5074145133.75,3236275701.00,,,,13.18,13.32,13.38,13.57,13.82,14.82,13.93,2021-07-05,-
2026-07-10,301017,漱玉平民,医药商业,12.52,13.08,12.35,12.81,12.51,6750600,86475186.00,2.6095,,,否,,,,,,否,405607125,258695100,5195827271.25,3313884231.00,,,,13.08,13.17,13.35,13.56,13.79,14.80,13.93,2021-07-05,-
2026-07-13,301017,漱玉平民,医药商业,12.65,12.85,12.35,12.72,12.81,6196100,78814392.00,2.3951,,,否,,,,,,否,405607125,258695100,5159322630.00,3290601672.00,,,,12.95,13.14,13.31,13.53,13.77,14.77,13.93,2021-07-05,-
2026-07-14,301017,漱玉平民,医药商业,12.58,13.5,12.52,13.12,12.72,9320400,122283648.00,3.6029,,,否,,,,,,否,405607125,258695100,5321565480.00,3394079712.00,,,,12.84,13.13,13.30,13.51,13.76,14.74,13.93,2021-07-05,-
2026-07-15,301017,漱玉平民,医药商业,12.7,13.76,12.59,13.48,13.12,13852600,186733048.00,5.3548,,,否,,,,,,否,405607125,258695100,5467584045.00,3487209948.00,,,,12.93,13.14,13.31,13.47,13.71,14.71,13.93,2021-07-05,-
2026-07-16,301017,漱玉平民,医药商业,13.28,13.82,12.91,13.49,13.48,12605100,170042799.00,4.8726,,,否,,,,,,否,405607125,258695100,5471640116.25,3489796899.00,,,,13.12,13.15,13.31,13.44,13.68,14.66,13.94,2021-07-05,-
2026-07-17,301017,漱玉平民,医药商业,13.38,13.63,12.25,12.25,13.49,11376100,139357225.00,4.3975,,,否,,,,,,否,405607125,258695100,4968687281.25,3169014975.00,,,,13.01,13.04,13.25,13.37,13.63,14.58,13.94,2021-07-05,-
