日期,代码,名称,所属行业,开盘价,最高价,最低价,收盘价,前收盘价,成交量（股）,成交额（元）,换手率,涨幅%,振幅%,是否ST,量比,3日涨幅%,6日涨幅%,10日涨幅%,25日涨幅%,是否涨停,总股本（股）,流通股本（股）,总市值（元）,流通市值（元）,滚动市盈率,市净率,滚动市销率,5日线,10日线,20日线,30日线,60日线,120日线,250日线,上市时间,退市时间
2000-01-04,600680,*ST上普,电子元件,11.96,12.45,11.84,12.35,11.84,244512,3019723.20,0.9056,,,否,,,,,,否,304925337,26999002,3765827911.95,333437674.70,,,,2.47,1.24,0.62,0.41,0.21,0.10,0.05,1993-10-18,2018-04-27
2000-01-05,600680,*ST上普,电子元件,12.33,12.73,12.3,12.3,12.3,376000,4624800.00,1.3926,,,否,,,,,,否,304925337,26999002,3750581645.10,332087724.60,,,,4.93,2.47,1.23,0.82,0.41,0.21,0.10,1993-10-18,2018-04-27
2000-01-06,600680,*ST上普,电子元件,12.2,12.71,12.2,12.71,12.2,302945,3850430.95,1.1221,,,否,,,,,,否,304925337,26999002,3875601033.27,343157315.42,,,,7.47,3.74,1.87,1.25,0.62,0.31,0.15,1993-10-18,2018-04-27
2000-01-07,600680,*ST上普,电子元件,12.85,13.32,12.85,13.22,12.85,875634,11575881.48,3.2432,,,否,,,,,,否,304925337,26999002,4031112955.14,356926806.44,,,,10.12,5.06,2.53,1.69,0.84,0.42,0.20,1993-10-18,2018-04-27
2000-01-10,600680,*ST上普,电子元件,13.44,13.55,12.85,13.44,12.85,828936,11140899.84,3.0702,,,否,,,,,,否,304925337,26999002,4098196529.28,362866586.88,,,,12.80,6.40,3.20,2.13,1.07,0.53,0.26,1993-10-18,2018-04-27
2000-01-11,600680,*ST上普,电子元件,13.44,13.44,12.5,12.67,12.5,549056,6956539.52,2.0336,,,否,,,,,,否,304925337,26999002,3863404019.79,342077355.34,,,,12.87,7.67,3.83,2.56,1.28,0.64,0.31,1993-10-18,2018-04-27
2000-01-12,600680,*ST上普,电子元件,12.5,12.75,12.25,12.31,12.25,331420,4079780.20,1.2275,,,否,,,,,,否,304925337,26999002,3753630898.47,332357714.62,,,,12.87,8.90,4.45,2.97,1.48,0.74,0.36,1993-10-18,2018-04-27
2000-01-13,600680,*ST上普,电子元件,12.3,12.41,11.98,12.13,11.98,221440,2686067.20,0.8202,,,否,,,,,,否,304925337,26999002,3698744337.81,327497894.26,,,,12.75,10.11,5.06,3.37,1.69,0.84,0.40,1993-10-18,2018-04-27
2000-01-14,600680,*ST上普,电子元件,12.35,12.35,12.01,12.04,12.01,137688,1657763.52,0.5100,,,否,,,,,,否,304925337,26999002,3671301057.48,325067984.08,,,,12.52,11.32,5.66,3.77,1.89,0.94,0.45,1993-10-18,2018-04-27
2000-01-17,600680,*ST上普,电子元件,11.98,12.23,11.94,12.19,11.94,137858,1680489.02,0.5106,,,否,,,,,,否,304925337,26999002,3717039858.03,329117834.38,,,,12.27,12.54,6.27,4.18,2.09,1.04,0.50,1993-10-18,2018-04-27
2000-01-18,600680,*ST上普,电子元件,11.98,12.21,11.89,11.96,11.89,275300,3292588.00,1.0197,,,否,,,,,,否,304925337,26999002,3646907030.52,322908063.92,,,,12.13,12.50,6.87,4.58,2.29,1.14,0.55,1993-10-18,2018-04-27
2000-01-19,600680,*ST上普,电子元件,11.96,12.14,11.96,12.08,11.96,129905,1569252.40,0.4811,,,否,,,,,,否,304925337,26999002,3683498070.96,326147944.16,,,,12.08,12.48,7.47,4.98,2.49,1.25,0.60,1993-10-18,2018-04-27
2000-01-20,600680,*ST上普,电子元件,12.09,12.25,12.0,12.23,12.0,266120,3254647.60,0.9857,,,否,,,,,,否,304925337,26999002,3729236871.51,330197794.46,,,,12.10,12.43,8.08,5.39,2.69,1.35,0.65,1993-10-18,2018-04-27
2000-01-21,600680,*ST上普,电子元件,12.23,12.73,12.2,12.4,12.2,518342,6427440.80,1.9199,,,否,,,,,,否,304925337,26999002,3781074178.80,334787624.80,,,,12.17,12.35,8.70,5.80,2.90,1.45,0.70,1993-10-18,2018-04-27
2000-01-24,600680,*ST上普,电子元件,12.4,12.4,11.96,12.16,11.96,415523,5052759.68,1.5390,,,否,,,,,,否,304925337,26999002,3707892097.92,328307864.32,,,,12.17,12.22,9.31,6.21,3.10,1.55,0.74,1993-10-18,2018-04-27
2000-01-25,600680,*ST上普,电子元件,12.16,12.65,12.16,12.38,12.16,372768,4614867.84,1.3807,,,否,,,,,,否,304925337,26999002,3774975672.06,334247644.76,,,,12.25,12.19,9.93,6.62,3.31,1.65,0.79,1993-10-18,2018-04-27
2000-01-26,600680,*ST上普,电子元件,12.38,12.73,12.25,12.64,12.25,371530,4696139.20,1.3761,,,否,,,,,,否,304925337,26999002,3854256259.68,341267385.28,,,,12.36,12.22,10.56,7.04,3.52,1.76,0.84,1993-10-18,2018-04-27
2000-01-27,600680,*ST上普,电子元件,12.65,13.4,12.53,13.24,12.53,1521990,20151147.60,5.6372,,,否,,,,,,否,304925337,26999002,4037211461.88,357466786.48,,,,12.56,12.33,11.22,7.48,3.74,1.87,0.90,1993-10-18,2018-04-27
2000-01-28,600680,*ST上普,电子元件,13.34,13.42,13.04,13.07,13.04,1055586,13796509.02,3.9097,,,否,,,,,,否,304925337,26999002,3985374154.59,352876956.14,,,,12.70,12.44,11.88,7.92,3.96,1.98,0.95,1993-10-18,2018-04-27
2000-02-14,600680,*ST上普,电子元件,13.42,14.38,13.42,14.38,13.42,1415766,20358715.08,5.2438,,,否,,,,,,是,304925337,26999002,4384826346.06,388245648.76,,,,13.14,12.65,12.60,8.40,4.20,2.10,1.01,1993-10-18,2018-04-27
2000-02-15,600680,*ST上普,电子元件,14.72,15.81,14.13,14.33,14.13,3326470,47668315.10,12.3207,,,否,,,,,,否,304925337,26999002,4369580079.21,386895698.66,,,,13.53,12.89,12.69,8.87,4.44,2.22,1.06,1993-10-18,2018-04-27
2000-02-16,600680,*ST上普,电子元件,14.33,15.12,14.23,14.98,14.23,1908072,28582918.56,7.0672,,,否,,,,,,否,304925337,26999002,4567781548.26,404445049.96,,,,14.00,13.18,12.83,9.37,4.69,2.34,1.12,1993-10-18,2018-04-27
2000-02-17,600680,*ST上普,电子元件,15.69,16.19,13.54,13.64,13.54,2268462,30941821.68,8.4020,,,否,,,,,,否,304925337,26999002,4159181596.68,368266387.28,,,,14.08,13.32,12.87,9.83,4.91,2.46,1.18,1993-10-18,2018-04-27
2000-02-18,600680,*ST上普,电子元件,13.44,14.33,13.08,14.18,13.08,1206271,17104922.78,4.4678,,,否,,,,,,否,304925337,26999002,4323841278.66,382845848.36,,,,14.30,13.50,12.92,10.30,5.15,2.58,1.24,1993-10-18,2018-04-27
2000-02-21,600680,*ST上普,电子元件,14.33,14.82,13.72,14.05,13.72,1298182,18239457.10,4.8083,,,否,,,,,,否,304925337,26999002,4284200984.85,379335978.10,,,,14.24,13.69,12.95,10.77,5.38,2.69,1.29,1993-10-18,2018-04-27
2000-02-22,600680,*ST上普,电子元件,14.06,14.11,13.35,13.44,13.35,847090,11384889.60,3.1375,,,否,,,,,,否,304925337,26999002,4098196529.28,362866586.88,,,,14.06,13.80,12.99,11.22,5.61,2.80,1.35,1993-10-18,2018-04-27
2000-02-23,600680,*ST上普,电子元件,13.29,13.44,13.12,13.14,13.12,587200,7715808.00,2.1749,,,否,,,,,,否,304925337,26999002,4006718928.18,354766886.28,,,,13.69,13.85,13.03,11.66,5.83,2.91,1.40,1993-10-18,2018-04-27
2000-02-24,600680,*ST上普,电子元件,13.14,13.54,13.14,13.42,13.14,391662,5256104.04,1.4507,,,否,,,,,,否,304925337,26999002,4092098022.54,362326606.84,,,,13.65,13.86,13.10,12.10,6.05,3.03,1.45,1993-10-18,2018-04-27
2000-02-25,600680,*ST上普,电子元件,13.54,13.64,13.09,13.3,13.09,469061,6238511.30,1.7373,,,否,,,,,,否,304925337,26999002,4055506982.10,359086726.60,,,,13.47,13.89,13.16,12.55,6.27,3.14,1.51,1993-10-18,2018-04-27
2000-02-28,600680,*ST上普,电子元件,13.29,14.23,13.19,14.01,13.19,1121802,15716446.02,4.1550,,,否,,,,,,否,304925337,26999002,4272003971.37,378256018.02,,,,13.46,13.85,13.25,13.01,6.51,3.25,1.56,1993-10-18,2018-04-27
2000-02-29,600680,*ST上普,电子元件,14.08,14.33,13.88,14.32,13.88,1378831,19744859.92,5.1070,,,否,,,,,,否,304925337,26999002,4366530825.84,386625708.64,,,,13.64,13.85,13.37,13.08,6.75,3.37,1.62,1993-10-18,2018-04-27
2000-03-01,600680,*ST上普,电子元件,14.36,14.71,14.03,14.13,14.03,936584,13233931.92,3.4690,,,否,,,,,,否,304925337,26999002,4308595011.81,381495898.26,,,,13.84,13.76,13.47,13.14,6.98,3.49,1.68,1993-10-18,2018-04-27
2000-03-02,600680,*ST上普,电子元件,13.98,14.48,13.74,13.91,13.74,643742,8954451.22,2.3843,,,否,,,,,,否,304925337,26999002,4241511437.67,375556117.82,,,,13.93,13.79,13.56,13.18,7.21,3.61,1.73,1993-10-18,2018-04-27
2000-03-03,600680,*ST上普,电子元件,13.93,15.07,13.93,14.82,13.93,3259205,48301418.10,12.0716,,,否,,,,,,否,304925337,26999002,4518993494.34,400125209.64,,,,14.24,13.85,13.68,13.23,7.46,3.73,1.79,1993-10-18,2018-04-27
2000-03-06,600680,*ST上普,电子元件,15.12,16.01,14.43,14.53,14.43,4669649,67849999.97,17.2956,,,否,,,,,,否,304925337,26999002,4430565146.61,392295499.06,,,,14.34,13.90,13.80,13.27,7.70,3.85,1.85,1993-10-18,2018-04-27
2000-03-07,600680,*ST上普,电子元件,14.21,14.48,13.94,14.23,13.94,1179012,16777340.76,4.3669,,,否,,,,,,否,304925337,26999002,4339087545.51,384195798.46,,,,14.32,13.98,13.89,13.32,7.94,3.97,1.91,1993-10-18,2018-04-27
2000-03-08,600680,*ST上普,电子元件,15.12,15.65,14.53,15.01,14.53,1156388,17357383.88,4.2831,,,否,,,,,,否,304925337,26999002,4576929308.37,405255020.02,,,,14.50,14.17,14.01,13.41,8.19,4.09,1.97,1993-10-18,2018-04-27
2000-03-09,600680,*ST上普,电子元件,15.07,15.89,15.07,15.52,15.07,3358239,52119869.28,12.4384,,,否,,,,,,否,304925337,26999002,4732441230.24,419024511.04,,,,14.82,14.38,14.12,13.52,8.45,4.22,2.03,1993-10-18,2018-04-27
2000-03-10,600680,*ST上普,电子元件,15.51,15.71,14.63,14.72,14.63,1792955,26392297.60,6.6408,,,否,,,,,,否,304925337,26999002,4488500960.64,397425309.44,,,,14.80,14.52,14.20,13.61,8.69,4.35,2.09,1993-10-18,2018-04-27
2000-03-13,600680,*ST上普,电子元件,14.63,15.02,14.39,14.82,14.39,1019828,15113850.96,3.7773,,,否,,,,,,否,304925337,26999002,4518993494.34,400125209.64,,,,14.86,14.60,14.23,13.70,8.94,4.47,2.15,1993-10-18,2018-04-27
2000-03-14,600680,*ST上普,电子元件,14.82,14.82,13.84,14.28,13.84,1308207,18681195.96,4.8454,,,否,,,,,,否,304925337,26999002,4354333812.36,385545748.56,,,,14.87,14.60,14.22,13.78,9.18,4.59,2.20,1993-10-18,2018-04-27
2000-03-15,600680,*ST上普,电子元件,14.28,15.02,14.23,14.45,14.23,707703,10226308.35,2.6212,,,否,,,,,,否,304925337,26999002,4406171119.65,390135578.90,,,,14.76,14.63,14.20,13.86,9.42,4.71,2.26,1993-10-18,2018-04-27
2000-03-16,600680,*ST上普,电子元件,14.38,14.38,13.84,13.93,13.84,789389,10996188.77,2.9238,,,否,,,,,,否,304925337,26999002,4247609944.41,376096097.86,,,,14.44,14.63,14.21,13.91,9.65,4.83,2.32,1993-10-18,2018-04-27
2000-03-17,600680,*ST上普,电子元件,13.73,14.31,13.64,14.23,13.64,722580,10282313.40,2.6763,,,否,,,,,,否,304925337,26999002,4339087545.51,384195798.46,,,,14.34,14.57,14.21,13.98,9.89,4.94,2.37,1993-10-18,2018-04-27
2000-03-20,600680,*ST上普,电子元件,14.18,14.48,13.64,14.45,13.64,789961,11414936.45,2.9259,,,否,,,,,,否,304925337,26999002,4406171119.65,390135578.90,,,,14.27,14.56,14.23,14.05,10.13,5.06,2.43,1993-10-18,2018-04-27
2000-03-21,600680,*ST上普,电子元件,14.48,14.51,14.11,14.33,14.11,385278,5521033.74,1.4270,,,否,,,,,,否,304925337,26999002,4369580079.21,386895698.66,,,,14.28,14.57,14.28,14.12,10.37,5.18,2.49,1993-10-18,2018-04-27
2000-03-22,600680,*ST上普,电子元件,14.33,14.68,14.32,14.63,14.32,694075,10154317.25,2.5707,,,否,,,,,,否,304925337,26999002,4461057680.31,394995399.26,,,,14.31,14.54,14.35,14.18,10.61,5.31,2.55,1993-10-18,2018-04-27
2000-03-23,600680,*ST上普,电子元件,14.53,14.85,14.36,14.79,14.36,877392,12976627.68,3.2497,,,否,,,,,,否,304925337,26999002,4509845734.23,399315239.58,,,,14.49,14.46,14.42,14.23,10.86,5.43,2.61,1993-10-18,2018-04-27
2000-03-24,600680,*ST上普,电子元件,15.12,15.12,14.33,14.33,14.33,1074763,15401353.79,3.9808,,,否,,,,,,否,304925337,26999002,4369580079.21,386895698.66,,,,14.51,14.42,14.47,14.28,11.10,5.55,2.66,1993-10-18,2018-04-27
2000-03-27,600680,*ST上普,电子元件,14.43,14.8,14.23,14.57,14.23,645599,9406377.43,2.3912,,,否,,,,,,否,304925337,26999002,4442762160.09,393375459.14,,,,14.53,14.40,14.50,14.28,11.34,5.67,2.72,1993-10-18,2018-04-27
2000-03-28,600680,*ST上普,电子元件,14.69,15.52,14.63,15.26,14.63,2255013,34411498.38,8.3522,,,否,,,,,,否,304925337,26999002,4653160642.62,412004770.52,,,,14.72,14.50,14.55,14.31,11.59,5.80,2.78,1993-10-18,2018-04-27
2000-03-29,600680,*ST上普,电子元件,15.48,16.29,15.3,15.74,15.3,3907716,61507449.84,14.4736,,,否,,,,,,否,304925337,26999002,4799524804.38,424964291.48,,,,14.94,14.63,14.63,14.34,11.86,5.93,2.85,1993-10-18,2018-04-27
2000-03-30,600680,*ST上普,电子元件,15.71,15.79,15.32,15.79,15.32,1257174,19850777.46,4.6564,,,否,,,,,,否,304925337,26999002,4814771071.23,426314241.58,,,,15.14,14.81,14.72,14.41,12.12,6.06,2.91,1993-10-18,2018-04-27
2000-03-31,600680,*ST上普,电子元件,15.61,16.49,15.59,15.76,15.59,2483956,39147146.56,9.2002,,,否,,,,,,否,304925337,26999002,4805623311.12,425504271.52,,,,15.42,14.97,14.77,14.46,12.38,6.19,2.97,1993-10-18,2018-04-27
2000-04-03,600680,*ST上普,电子元件,15.81,15.86,15.42,15.42,15.42,1123782,17328718.44,4.1623,,,否,,,,,,否,304925337,26999002,4701948696.54,416324610.84,,,,15.59,15.06,14.81,14.51,12.64,6.32,3.03,1993-10-18,2018-04-27
2000-04-04,600680,*ST上普,电子元件,15.31,15.31,14.72,14.77,14.72,1004100,14830557.00,3.7190,,,否,,,,,,否,304925337,26999002,4503747227.49,398775259.54,,,,15.50,15.11,14.84,14.55,12.89,6.44,3.09,1993-10-18,2018-04-27
2000-04-05,600680,*ST上普,电子元件,14.7,15.14,14.63,14.95,14.63,600316,8974724.20,2.2235,,,否,,,,,,否,304925337,26999002,4558633788.15,403635079.90,,,,15.34,15.14,14.84,14.61,13.13,6.57,3.15,1993-10-18,2018-04-27
2000-04-06,600680,*ST上普,电子元件,15.07,15.4,14.92,15.36,14.92,665168,10216980.48,2.4637,,,否,,,,,,否,304925337,26999002,4683653176.32,414704670.72,,,,15.25,15.20,14.83,14.68,13.39,6.70,3.21,1993-10-18,2018-04-27
2000-04-07,600680,*ST上普,电子元件,15.02,15.37,14.74,15.02,14.74,746240,11208524.80,2.7640,,,否,,,,,,否,304925337,26999002,4579978561.74,405525010.04,,,,15.10,15.26,14.84,14.74,13.64,6.82,3.27,1993-10-18,2018-04-27
2000-04-10,600680,*ST上普,电子元件,15.2,16.1,15.12,15.9,15.12,1867532,29693758.80,6.9170,,,否,,,,,,否,304925337,26999002,4848312858.30,429284131.80,,,,15.20,15.40,14.90,14.80,13.91,6.95,3.34,1993-10-18,2018-04-27
2000-04-11,600680,*ST上普,电子元件,15.89,16.0,15.52,15.59,15.52,1166372,18183739.48,4.3201,,,否,,,,,,否,304925337,26999002,4753786003.83,420914441.18,,,,15.36,15.43,14.96,14.84,13.96,7.08,3.40,1993-10-18,2018-04-27
2000-04-12,600680,*ST上普,电子元件,15.59,15.61,15.07,15.42,15.07,753969,11626201.98,2.7926,,,否,,,,,,否,304925337,26999002,4701948696.54,416324610.84,,,,15.46,15.40,15.01,14.88,14.01,7.21,3.46,1993-10-18,2018-04-27
2000-04-13,600680,*ST上普,电子元件,15.42,15.46,15.13,15.42,15.13,579763,8939945.46,2.1473,,,否,,,,,,否,304925337,26999002,4701948696.54,416324610.84,,,,15.47,15.36,15.09,14.93,14.06,7.34,3.52,1993-10-18,2018-04-27
2000-04-14,600680,*ST上普,电子元件,15.52,15.67,15.07,15.42,15.07,802493,12374442.06,2.9723,,,否,,,,,,否,304925337,26999002,4701948696.54,416324610.84,,,,15.55,15.33,15.15,14.95,14.09,7.47,3.58,1993-10-18,2018-04-27
2000-04-17,600680,*ST上普,电子元件,15.42,15.42,14.73,14.91,14.73,715726,10671474.66,2.6509,,,否,,,,,,否,304925337,26999002,4546436774.67,402555119.82,,,,15.35,15.28,15.17,14.97,14.12,7.59,3.64,1993-10-18,2018-04-27
2000-04-18,600680,*ST上普,电子元件,14.91,15.18,14.61,15.02,14.61,436737,6559789.74,1.6176,,,否,,,,,,否,304925337,26999002,4579978561.74,405525010.04,,,,15.24,15.30,15.20,14.99,14.16,7.72,3.70,1993-10-18,2018-04-27
2000-04-19,600680,*ST上普,电子元件,15.13,15.81,15.13,15.32,15.13,1007501,15434915.32,3.7316,,,否,,,,,,否,304925337,26999002,4671456162.84,413624710.64,,,,15.22,15.34,15.24,15.00,14.21,7.85,3.77,1993-10-18,2018-04-27
2000-04-20,600680,*ST上普,电子元件,15.31,16.4,15.08,16.01,15.08,2959196,47376727.96,10.9604,,,否,,,,,,否,304925337,26999002,4881854645.37,432254022.02,,,,15.34,15.40,15.30,15.02,14.27,7.98,3.83,1993-10-18,2018-04-27
2000-04-21,600680,*ST上普,电子元件,16.01,17.61,15.81,17.61,15.81,6864957,120891892.77,25.4267,,,否,,,,,,是,304925337,26999002,5369735184.57,475452425.22,,,,15.77,15.66,15.46,15.12,14.37,8.13,3.90,1993-10-18,2018-04-27
2000-04-24,600680,*ST上普,电子元件,17.96,18.1,16.54,16.68,16.54,5062474,84442066.32,18.7506,,,否,,,,,,否,304925337,26999002,5086154621.16,450343353.36,,,,16.13,15.74,15.57,15.18,14.44,8.26,3.97,1993-10-18,2018-04-27
2000-04-25,600680,*ST上普,电子元件,16.68,17.34,16.01,16.25,16.01,1824775,29652593.75,6.7587,,,否,,,,,,否,304925337,26999002,4955036726.25,438733782.50,,,,16.37,15.81,15.62,15.24,14.51,8.40,4.03,1993-10-18,2018-04-27
2000-04-26,600680,*ST上普,电子元件,16.26,16.58,16.09,16.31,16.09,886911,14465518.41,3.2850,,,否,,,,,,否,304925337,26999002,4973332246.47,440353722.62,,,,16.57,15.90,15.65,15.31,14.58,8.54,4.10,1993-10-18,2018-04-27
2000-04-27,600680,*ST上普,电子元件,16.29,16.29,15.52,15.57,15.52,1269540,19766737.80,4.7022,,,否,,,,,,否,304925337,26999002,4747687497.09,420374461.14,,,,16.48,15.91,15.64,15.36,14.64,8.67,4.16,1993-10-18,2018-04-27
2000-04-28,600680,*ST上普,电子元件,15.57,16.29,15.42,16.06,15.42,856998,13763387.88,3.1742,,,否,,,,,,否,304925337,26999002,4897100912.22,433603972.12,,,,16.17,15.97,15.65,15.42,14.70,8.80,4.22,1993-10-18,2018-04-27
2000-05-08,600680,*ST上普,电子元件,16.11,16.21,15.54,15.83,15.54,617157,9769595.31,2.2859,,,否,,,,,,否,304925337,26999002,4826968084.71,427394201.66,,,,16.00,16.07,15.67,15.47,14.76,8.93,4.29,1993-10-18,2018-04-27
2000-05-09,600680,*ST上普,电子元件,15.81,16.01,15.56,15.95,15.56,477390,7614370.50,1.7682,,,否,,,,,,否,304925337,26999002,4863559125.15,430634081.90,,,,15.94,16.16,15.73,15.52,14.82,9.06,4.35,1993-10-18,2018-04-27
2000-05-10,600680,*ST上普,电子元件,15.89,15.89,15.13,15.2,15.13,515901,7841695.20,1.9108,,,否,,,,,,否,304925337,26999002,4634865122.40,410384830.40,,,,15.72,16.15,15.74,15.54,14.86,9.19,4.41,1993-10-18,2018-04-27
2000-05-11,600680,*ST上普,电子元件,15.2,15.32,14.43,14.45,14.43,638450,9225602.50,2.3647,,,否,,,,,,否,304925337,26999002,4406171119.65,390135578.90,,,,15.50,15.99,15.70,15.53,14.88,9.31,4.47,1993-10-18,2018-04-27
2000-05-12,600680,*ST上普,电子元件,14.53,14.78,14.46,14.5,14.46,466344,6761988.00,1.7273,,,否,,,,,,否,304925337,26999002,4421417386.50,391485529.00,,,,15.19,15.68,15.67,15.54,14.91,9.43,4.53,1993-10-18,2018-04-27
2000-05-15,600680,*ST上普,电子元件,14.51,14.72,14.51,14.63,14.51,243655,3564672.65,0.9025,,,否,,,,,,否,304925337,26999002,4461057680.31,394995399.26,,,,14.95,15.48,15.61,15.54,14.91,9.55,4.59,1993-10-18,2018-04-27
2000-05-16,600680,*ST上普,电子元件,14.63,15.02,14.63,14.82,14.63,249606,3699160.92,0.9245,,,否,,,,,,否,304925337,26999002,4518993494.34,400125209.64,,,,14.72,15.33,15.57,15.52,14.92,9.68,4.65,1993-10-18,2018-04-27
2000-05-17,600680,*ST上普,电子元件,14.82,15.07,14.53,14.53,14.53,268200,3896946.00,0.9934,,,否,,,,,,否,304925337,26999002,4430565146.61,392295499.06,,,,14.59,15.15,15.52,15.48,14.91,9.80,4.70,1993-10-18,2018-04-27
2000-05-18,600680,*ST上普,电子元件,14.53,14.88,14.33,14.87,14.33,421985,6274916.95,1.5630,,,否,,,,,,否,304925337,26999002,4534239761.19,401475159.74,,,,14.67,15.08,15.50,15.45,14.93,9.92,4.76,1993-10-18,2018-04-27
2000-05-19,600680,*ST上普,电子元件,14.94,15.0,14.64,14.96,14.64,523654,7833863.84,1.9395,,,否,,,,,,否,304925337,26999002,4561683041.52,403905069.92,,,,14.76,14.97,15.47,15.43,14.94,10.05,4.82,1993-10-18,2018-04-27
2000-05-22,600680,*ST上普,电子元件,14.92,15.61,14.82,15.48,14.82,676899,10478396.52,2.5071,,,否,,,,,,否,304925337,26999002,4720244216.76,417944550.96,,,,14.93,14.94,15.50,15.43,14.97,10.18,4.88,1993-10-18,2018-04-27
2000-05-23,600680,*ST上普,电子元件,15.42,15.61,15.09,15.37,15.09,429557,6602291.09,1.5910,,,否,,,,,,否,304925337,26999002,4686702429.69,414974660.74,,,,15.04,14.88,15.52,15.45,15.00,10.30,4.95,1993-10-18,2018-04-27
2000-05-24,600680,*ST上普,电子元件,15.32,15.77,15.12,15.61,15.12,630770,9846319.70,2.3363,,,否,,,,,,否,304925337,26999002,4759884510.57,421454421.22,,,,15.26,14.92,15.53,15.47,15.04,10.43,5.01,1993-10-18,2018-04-27
2000-05-25,600680,*ST上普,电子元件,15.81,15.91,15.47,15.71,15.47,501346,7876145.66,1.8569,,,否,,,,,,否,304925337,26999002,4790377044.27,424154321.42,,,,15.43,15.05,15.52,15.48,15.08,10.57,5.07,1993-10-18,2018-04-27
2000-05-26,600680,*ST上普,电子元件,15.71,16.04,15.32,15.74,15.32,794334,12502817.16,2.9421,,,否,,,,,,否,304925337,26999002,4799524804.38,424964291.48,,,,15.58,15.17,15.43,15.50,15.12,10.70,5.13,1993-10-18,2018-04-27
2000-05-29,600680,*ST上普,电子元件,15.71,16.17,15.68,15.76,15.68,625780,9862292.80,2.3178,,,否,,,,,,否,304925337,26999002,4805623311.12,425504271.52,,,,15.64,15.29,15.38,15.50,15.15,10.83,5.20,1993-10-18,2018-04-27
2000-05-30,600680,*ST上普,电子元件,15.81,15.81,15.22,15.32,15.22,613684,9401638.88,2.2730,,,否,,,,,,否,304925337,26999002,4671456162.84,413624710.64,,,,15.63,15.34,15.33,15.49,15.17,10.96,5.26,1993-10-18,2018-04-27
2000-05-31,600680,*ST上普,电子元件,15.3,15.7,15.22,15.61,15.22,508513,7937887.93,1.8835,,,否,,,,,,否,304925337,26999002,4759884510.57,421454421.22,,,,15.63,15.44,15.30,15.50,15.19,11.09,5.32,1993-10-18,2018-04-27
2000-06-01,600680,*ST上普,电子元件,15.61,15.81,15.42,15.55,15.42,437645,6805379.75,1.6210,,,否,,,,,,否,304925337,26999002,4741588990.35,419834481.10,,,,15.60,15.51,15.30,15.50,15.22,11.22,5.38,1993-10-18,2018-04-27
2000-06-02,600680,*ST上普,电子元件,15.61,15.69,15.32,15.37,15.32,377065,5795489.05,1.3966,,,否,,,,,,否,304925337,26999002,4686702429.69,414974660.74,,,,15.52,15.55,15.26,15.50,15.23,11.34,5.44,1993-10-18,2018-04-27
2000-06-05,600680,*ST上普,电子元件,15.36,15.39,15.02,15.12,15.02,840341,12705955.92,3.1125,,,否,,,,,,否,304925337,26999002,4610471095.44,408224910.24,,,,15.39,15.52,15.23,15.51,15.24,11.47,5.51,1993-10-18,2018-04-27
2000-06-06,600680,*ST上普,电子元件,15.12,16.04,15.02,15.76,15.02,840015,13238636.40,3.1113,,,否,,,,,,否,304925337,26999002,4805623311.12,425504271.52,,,,15.48,15.56,15.22,15.53,15.26,11.60,5.57,1993-10-18,2018-04-27
2000-06-07,600680,*ST上普,电子元件,16.04,16.06,15.59,15.89,15.59,666720,10594180.80,2.4694,,,否,,,,,,否,304925337,26999002,4845263604.93,429014141.78,,,,15.54,15.58,15.25,15.55,15.28,11.73,5.63,1993-10-18,2018-04-27
2000-06-08,600680,*ST上普,电子元件,15.87,15.89,15.43,15.52,15.43,350081,5433257.12,1.2966,,,否,,,,,,否,304925337,26999002,4732441230.24,419024511.04,,,,15.53,15.56,15.31,15.53,15.28,11.86,5.69,1993-10-18,2018-04-27
2000-06-09,600680,*ST上普,电子元件,15.47,15.56,15.22,15.34,15.22,422045,6474170.30,1.5632,,,否,,,,,,否,304925337,26999002,4677554669.58,414164690.68,,,,15.53,15.52,15.35,15.46,15.29,11.99,5.76,1993-10-18,2018-04-27
2000-06-12,600680,*ST上普,电子元件,15.22,15.51,14.84,15.37,14.84,209884,3225917.08,0.7774,,,否,,,,,,否,304925337,26999002,4686702429.69,414974660.74,,,,15.58,15.49,15.39,15.42,15.30,12.12,5.82,1993-10-18,2018-04-27
2000-06-13,600680,*ST上普,电子元件,15.42,15.66,15.32,15.37,15.32,352553,5418739.61,1.3058,,,否,,,,,,否,304925337,26999002,4686702429.69,414974660.74,,,,15.50,15.49,15.41,15.39,15.32,12.25,5.88,1993-10-18,2018-04-27
2000-06-14,600680,*ST上普,电子元件,15.56,15.58,15.12,15.16,15.12,415523,6299328.68,1.5390,,,否,,,,,,否,304925337,26999002,4622668108.92,409304870.32,,,,15.35,15.45,15.44,15.35,15.33,12.37,5.94,1993-10-18,2018-04-27
2000-06-15,600680,*ST上普,电子元件,15.17,15.47,15.14,15.27,15.14,385232,5882492.64,1.4268,,,否,,,,,,否,304925337,26999002,4656209895.99,412274760.54,,,,15.30,15.42,15.46,15.34,15.35,12.50,6.00,1993-10-18,2018-04-27
2000-06-16,600680,*ST上普,电子元件,15.44,15.5,15.13,15.22,15.13,226660,3449765.20,0.8395,,,否,,,,,,否,304925337,26999002,4640963629.14,410924810.44,,,,15.28,15.40,15.48,15.31,15.37,12.63,6.06,1993-10-18,2018-04-27
2000-06-19,600680,*ST上普,电子元件,15.22,15.22,14.9,14.99,14.9,375328,5626166.72,1.3902,,,否,,,,,,否,304925337,26999002,4570830801.63,404715039.98,,,,15.20,15.39,15.45,15.28,15.37,12.75,6.12,1993-10-18,2018-04-27
2000-06-20,600680,*ST上普,电子元件,15.02,15.17,14.82,14.97,14.82,213702,3199118.94,0.7915,,,否,,,,,,否,304925337,26999002,4564732294.89,404175059.94,,,,15.12,15.31,15.43,15.25,15.39,12.88,6.18,1993-10-18,2018-04-27
2000-06-23,600680,*ST上普,电子元件,15.22,15.61,15.22,15.61,15.22,291954,4557401.94,1.0814,,,否,,,,,,否,304925337,26999002,4759884510.57,421454421.22,,,,15.21,15.28,15.43,15.26,15.40,13.01,6.24,1993-10-18,2018-04-27
2000-06-26,600680,*ST上普,电子元件,15.61,15.76,15.32,15.36,15.32,285530,4385740.80,1.0576,,,否,,,,,,否,304925337,26999002,4683653176.32,414704670.72,,,,15.23,15.27,15.42,15.29,15.41,13.13,6.30,1993-10-18,2018-04-27
2000-06-27,600680,*ST上普,电子元件,15.32,15.32,15.02,15.07,15.02,297000,4475790.00,1.1000,,,否,,,,,,否,304925337,26999002,4595224828.59,406874960.14,,,,15.20,15.24,15.38,15.31,15.42,13.26,6.36,1993-10-18,2018-04-27
2000-06-28,600680,*ST上普,电子元件,15.03,15.41,15.03,15.12,15.03,197066,2979637.92,0.7299,,,否,,,,,,否,304925337,26999002,4610471095.44,408224910.24,,,,15.23,15.21,15.35,15.33,15.43,13.39,6.43,1993-10-18,2018-04-27
2000-06-29,600680,*ST上普,电子元件,15.12,15.12,14.9,14.9,14.9,440751,6567189.90,1.6325,,,否,,,,,,否,304925337,26999002,4543387521.30,402285129.80,,,,15.21,15.17,15.33,15.33,15.43,13.51,6.49,1993-10-18,2018-04-27
2000-06-30,600680,*ST上普,电子元件,14.9,15.02,14.72,14.73,14.72,584860,8614987.80,2.1662,,,否,,,,,,否,304925337,26999002,4491550214.01,397695299.46,,,,15.04,15.12,15.28,15.34,15.41,13.63,6.54,1993-10-18,2018-04-27
2000-07-03,600680,*ST上普,电子元件,14.72,14.72,14.48,14.51,14.48,391412,5679388.12,1.4497,,,否,,,,,,否,304925337,26999002,4424466639.87,391755519.02,,,,14.87,15.05,15.23,15.33,15.39,13.75,6.60,1993-10-18,2018-04-27
2000-07-04,600680,*ST上普,电子元件,14.49,14.53,14.38,14.48,14.38,257227,3724646.96,0.9527,,,否,,,,,,否,304925337,26999002,4415318879.76,390945548.96,,,,14.75,14.97,15.19,15.31,15.37,13.87,6.66,1993-10-18,2018-04-27
2000-07-05,600680,*ST上普,电子元件,14.63,14.72,14.53,14.72,14.53,161491,2377147.52,0.5981,,,否,,,,,,否,304925337,26999002,4488500960.64,397425309.44,,,,14.67,14.95,15.17,15.28,15.36,14.00,6.72,1993-10-18,2018-04-27
2000-07-06,600680,*ST上普,电子元件,14.72,14.96,14.63,14.69,14.63,141514,2078840.66,0.5241,,,否,,,,,,否,304925337,26999002,4479353200.53,396615339.38,,,,14.63,14.92,15.11,15.26,15.35,14.12,6.78,1993-10-18,2018-04-27
2000-07-07,600680,*ST上普,电子元件,14.63,14.81,14.59,14.68,14.59,165530,2429980.40,0.6131,,,否,,,,,,否,304925337,26999002,4476303947.16,396345349.36,,,,14.62,14.83,15.05,15.23,15.35,14.24,6.84,1993-10-18,2018-04-27
2000-07-10,600680,*ST上普,电子元件,14.68,14.7,14.33,14.49,14.33,394442,5715464.58,1.4610,,,否,,,,,,否,304925337,26999002,4418368133.13,391215538.98,,,,14.61,14.74,15.00,15.19,15.34,14.36,6.89,1993-10-18,2018-04-27
2000-07-11,600680,*ST上普,电子元件,14.5,14.71,14.33,14.7,14.33,361159,5309037.30,1.3377,,,否,,,,,,否,304925337,26999002,4482402453.90,396885329.40,,,,14.66,14.70,14.97,15.16,15.33,14.49,6.95,1993-10-18,2018-04-27
2000-07-12,600680,*ST上普,电子元件,14.72,14.73,14.53,14.58,14.53,237040,3456043.20,0.8780,,,否,,,,,,否,304925337,26999002,4445811413.46,393645449.16,,,,14.63,14.65,14.93,15.12,15.31,14.61,7.01,1993-10-18,2018-04-27
2000-07-13,600680,*ST上普,电子元件,14.53,14.9,14.53,14.82,14.53,336760,4990783.20,1.2473,,,否,,,,,,否,304925337,26999002,4518993494.34,400125209.64,,,,14.65,14.64,14.90,15.10,15.30,14.63,7.07,1993-10-18,2018-04-27
2000-07-14,600680,*ST上普,电子元件,14.82,14.9,14.63,14.68,14.63,250720,3680569.60,0.9286,,,否,,,,,,否,304925337,26999002,4476303947.16,396345349.36,,,,14.65,14.64,14.88,15.07,15.28,14.65,7.13,1993-10-18,2018-04-27
2000-07-17,600680,*ST上普,电子元件,14.66,14.66,14.51,14.53,14.51,271600,3946348.00,1.0060,,,否,,,,,,否,304925337,26999002,4430565146.61,392295499.06,,,,14.66,14.64,14.84,15.03,15.27,14.66,7.19,1993-10-18,2018-04-27
2000-07-18,600680,*ST上普,电子元件,14.49,14.65,14.46,14.61,14.46,177150,2588161.50,0.6561,,,否,,,,,,否,304925337,26999002,4454959173.57,394455419.22,,,,14.64,14.65,14.81,15.01,15.25,14.67,7.25,1993-10-18,2018-04-27
2000-07-19,600680,*ST上普,电子元件,14.63,15.32,14.63,15.2,14.63,415327,6312970.40,1.5383,,,否,,,,,,否,304925337,26999002,4634865122.40,410384830.40,,,,14.77,14.70,14.82,15.01,15.26,14.69,7.31,1993-10-18,2018-04-27
2000-07-20,600680,*ST上普,电子元件,15.22,15.22,14.87,15.02,14.87,250720,3765814.40,0.9286,,,否,,,,,,否,304925337,26999002,4579978561.74,405525010.04,,,,14.81,14.73,14.83,14.99,15.26,14.71,7.37,1993-10-18,2018-04-27
2000-07-21,600680,*ST上普,电子元件,15.07,15.17,14.97,15.04,14.97,217285,3267966.40,0.8048,,,否,,,,,,否,304925337,26999002,4586077068.48,406064990.08,,,,14.88,14.77,14.80,14.96,15.25,14.73,7.43,1993-10-18,2018-04-27
2000-07-24,600680,*ST上普,电子元件,15.07,15.07,14.72,14.77,14.72,168032,2481832.64,0.6224,,,否,,,,,,否,304925337,26999002,4503747227.49,398775259.54,,,,14.93,14.80,14.77,14.93,15.23,14.75,7.49,1993-10-18,2018-04-27
2000-07-25,600680,*ST上普,电子元件,14.72,14.92,14.7,14.74,14.7,133680,1970443.20,0.4951,,,否,,,,,,否,304925337,26999002,4494599467.38,397965289.48,,,,14.95,14.80,14.75,14.91,15.19,14.78,7.54,1993-10-18,2018-04-27
2000-07-26,600680,*ST上普,电子元件,14.92,14.97,14.78,14.84,14.78,212372,3151600.48,0.7866,,,否,,,,,,否,304925337,26999002,4525092001.08,400665189.68,,,,14.88,14.83,14.74,14.90,15.16,14.80,7.60,1993-10-18,2018-04-27
2000-07-27,600680,*ST上普,电子元件,14.87,15.22,14.82,15.1,14.82,309715,4676696.50,1.1471,,,否,,,,,,否,304925337,26999002,4604372588.70,407684930.20,,,,14.90,14.85,14.75,14.89,15.14,14.82,7.66,1993-10-18,2018-04-27
2000-07-28,600680,*ST上普,电子元件,15.1,15.25,15.0,15.06,15.0,259634,3910088.04,0.9616,,,否,,,,,,否,304925337,26999002,4592175575.22,406604970.12,,,,14.90,14.89,14.76,14.88,15.12,14.85,7.72,1993-10-18,2018-04-27
2000-07-31,600680,*ST上普,电子元件,15.02,15.2,15.02,15.12,15.02,273909,4141504.08,1.0145,,,否,,,,,,否,304925337,26999002,4610471095.44,408224910.24,,,,14.97,14.95,14.79,14.88,15.11,14.87,7.79,1993-10-18,2018-04-27
2000-08-01,600680,*ST上普,电子元件,15.11,15.46,15.11,15.4,15.11,553354,8521651.60,2.0495,,,否,,,,,,否,304925337,26999002,4695850189.80,415784630.80,,,,15.10,15.03,14.84,14.88,15.10,14.90,7.85,1993-10-18,2018-04-27
2000-08-02,600680,*ST上普,电子元件,15.42,15.42,15.22,15.27,15.22,258740,3950959.80,0.9583,,,否,,,,,,否,304925337,26999002,4656209895.99,412274760.54,,,,15.19,15.04,14.87,14.89,15.09,14.92,7.91,1993-10-18,2018-04-27
2000-08-03,600680,*ST上普,电子元件,15.27,15.28,15.04,15.06,15.04,228740,3444824.40,0.8472,,,否,,,,,,否,304925337,26999002,4592175575.22,406604970.12,,,,15.18,15.04,14.89,14.90,15.07,14.95,7.97,1993-10-18,2018-04-27
2000-08-04,600680,*ST上普,电子元件,15.08,15.42,15.07,15.15,15.07,403030,6105904.50,1.4928,,,否,,,,,,否,304925337,26999002,4619618855.55,409034880.30,,,,15.20,15.05,14.91,14.88,15.07,14.97,8.03,1993-10-18,2018-04-27
2000-08-07,600680,*ST上普,电子元件,14.92,15.17,14.92,15.07,14.92,190799,2875340.93,0.7067,,,否,,,,,,否,304925337,26999002,4595224828.59,406874960.14,,,,15.19,15.08,14.94,14.87,15.08,14.98,8.09,1993-10-18,2018-04-27
2000-08-08,600680,*ST上普,电子元件,15.3,15.89,15.22,15.61,15.22,1196042,18670215.62,4.4299,,,否,,,,,,否,304925337,26999002,4759884510.57,421454421.22,,,,15.23,15.17,14.98,14.89,15.10,15.00,8.15,1993-10-18,2018-04-27
2000-08-09,600680,*ST上普,电子元件,15.73,15.86,15.44,15.71,15.44,902934,14185093.14,3.3443,,,否,,,,,,否,304925337,26999002,4790377044.27,424154321.42,,,,15.32,15.26,15.04,14.91,15.12,15.01,8.21,1993-10-18,2018-04-27
2000-08-10,600680,*ST上普,电子元件,15.81,16.12,15.56,16.09,15.56,1644517,26460278.53,6.0910,,,否,,,,,,否,304925337,26999002,4906248672.33,434413942.18,,,,15.53,15.35,15.10,14.95,15.14,15.03,8.28,1993-10-18,2018-04-27
2000-08-11,600680,*ST上普,电子元件,16.12,16.14,15.71,15.71,15.71,709660,11148758.60,2.6285,,,否,,,,,,否,304925337,26999002,4790377044.27,424154321.42,,,,15.64,15.42,15.16,14.98,15.16,15.04,8.34,1993-10-18,2018-04-27
2000-08-14,600680,*ST上普,电子元件,15.81,16.01,15.81,15.9,15.81,496279,7890836.10,1.8381,,,否,,,,,,否,304925337,26999002,4848312858.30,429284131.80,,,,15.80,15.50,15.22,15.03,15.18,15.05,8.41,1993-10-18,2018-04-27
2000-08-15,600680,*ST上普,电子元件,15.91,16.01,15.56,15.66,15.56,348302,5454409.32,1.2901,,,否,,,,,,否,304925337,26999002,4775130777.42,422804371.32,,,,15.81,15.52,15.28,15.07,15.19,15.07,8.47,1993-10-18,2018-04-27
2000-08-16,600680,*ST上普,电子元件,15.71,15.81,15.52,15.55,15.52,371109,5770744.95,1.3745,,,否,,,,,,否,304925337,26999002,4741588990.35,419834481.10,,,,15.78,15.55,15.29,15.10,15.19,15.08,8.53,1993-10-18,2018-04-27
2000-08-17,600680,*ST上普,电子元件,15.54,15.81,15.5,15.71,15.5,267930,4209180.30,0.9924,,,否,,,,,,否,304925337,26999002,4790377044.27,424154321.42,,,,15.71,15.62,15.33,15.13,15.20,15.10,8.59,1993-10-18,2018-04-27
2000-08-18,600680,*ST上普,电子元件,15.86,15.91,15.71,15.75,15.71,314652,4955769.00,1.1654,,,否,,,,,,否,304925337,26999002,4802574057.75,425234281.50,,,,15.71,15.68,15.36,15.16,15.20,15.12,8.66,1993-10-18,2018-04-27
2000-08-21,600680,*ST上普,电子元件,15.76,15.76,15.5,15.71,15.5,414596,6513303.16,1.5356,,,否,,,,,,否,304925337,26999002,4790377044.27,424154321.42,,,,15.68,15.74,15.41,15.21,15.20,15.14,8.72,1993-10-18,2018-04-27
2000-08-22,600680,*ST上普,电子元件,15.81,16.29,15.71,15.71,15.71,1306787,20529623.77,4.8401,,,否,,,,,,否,304925337,26999002,4790377044.27,424154321.42,,,,15.69,15.75,15.46,15.24,15.20,15.16,8.78,1993-10-18,2018-04-27
2000-08-23,600680,*ST上普,电子元件,15.61,15.86,14.83,15.53,14.83,853499,13254839.47,3.1612,,,否,,,,,,否,304925337,26999002,4735490483.61,419294501.06,,,,15.68,15.73,15.49,15.27,15.19,15.17,8.84,1993-10-18,2018-04-27
2000-08-24,600680,*ST上普,电子元件,15.58,15.79,15.38,15.74,15.38,434942,6845987.08,1.6110,,,否,,,,,,否,304925337,26999002,4799524804.38,424964291.48,,,,15.69,15.70,15.53,15.30,15.20,15.18,8.91,1993-10-18,2018-04-27
2000-08-25,600680,*ST上普,电子元件,15.8,17.27,15.61,16.95,15.61,4915825,83323233.75,18.2074,,,否,,,,,,否,304925337,26999002,5168484462.15,457633083.90,,,,15.93,15.82,15.62,15.38,15.22,15.21,8.97,1993-10-18,2018-04-27
2000-08-28,600680,*ST上普,电子元件,17.0,17.27,16.7,17.09,16.7,2747685,46957936.65,10.1770,,,否,,,,,,否,304925337,26999002,5211174009.33,461412944.18,,,,16.20,15.94,15.72,15.46,15.25,15.23,9.04,1993-10-18,2018-04-27
2000-08-29,600680,*ST上普,电子元件,17.1,17.1,16.7,16.77,16.7,806147,13519085.19,2.9858,,,否,,,,,,否,304925337,26999002,5113597901.49,452773263.54,,,,16.42,16.05,15.79,15.53,15.27,15.25,9.11,1993-10-18,2018-04-27
2000-08-30,600680,*ST上普,电子元件,16.8,17.89,16.7,17.0,16.7,2758160,46888720.00,10.2158,,,否,,,,,,否,304925337,26999002,5183730729.00,458983034.00,,,,16.71,16.20,15.87,15.59,15.30,15.27,9.18,1993-10-18,2018-04-27
2000-08-31,600680,*ST上普,电子元件,16.9,17.29,16.6,16.68,16.6,1376894,22966591.92,5.0998,,,否,,,,,,否,304925337,26999002,5086154621.16,450343353.36,,,,16.90,16.29,15.95,15.65,15.32,15.29,9.24,1993-10-18,2018-04-27
2000-09-01,600680,*ST上普,电子元件,16.64,16.73,15.87,15.89,15.87,1073164,17052575.96,3.9748,,,否,,,,,,否,304925337,26999002,4845263604.93,429014141.78,,,,16.69,16.31,15.99,15.68,15.32,15.30,9.31,1993-10-18,2018-04-27
2000-09-04,600680,*ST上普,电子元件,15.86,16.28,15.71,16.21,15.71,559693,9072623.53,2.0730,,,否,,,,,,否,304925337,26999002,4942839712.77,437653822.42,,,,16.51,16.36,16.05,15.73,15.33,15.30,9.37,1993-10-18,2018-04-27
2000-09-05,600680,*ST上普,电子元件,16.28,16.36,15.33,15.42,15.33,470025,7247785.50,1.7409,,,否,,,,,,否,304925337,26999002,4701948696.54,416324610.84,,,,16.24,16.33,16.04,15.75,15.33,15.31,9.43,1993-10-18,2018-04-27
2000-09-06,600680,*ST上普,电子元件,15.42,15.67,15.32,15.36,15.32,517590,7950182.40,1.9171,,,否,,,,,,否,304925337,26999002,4683653176.32,414704670.72,,,,15.91,16.31,16.02,15.77,15.33,15.31,9.50,1993-10-18,2018-04-27
2000-09-07,600680,*ST上普,电子元件,15.43,16.05,15.43,15.9,15.43,533228,8478325.20,1.9750,,,否,,,,,,否,304925337,26999002,4848312858.30,429284131.80,,,,15.76,16.33,16.01,15.79,15.34,15.33,9.56,1993-10-18,2018-04-27
2000-09-08,600680,*ST上普,电子元件,15.82,16.11,15.61,15.79,15.61,226171,3571240.09,0.8377,,,否,,,,,,否,304925337,26999002,4814771071.23,426314241.58,,,,15.74,16.21,16.02,15.82,15.35,15.34,9.62,1993-10-18,2018-04-27
2000-09-11,600680,*ST上普,电子元件,15.91,16.0,15.62,15.96,15.62,213831,3412742.76,0.7920,,,否,,,,,,否,304925337,26999002,4866608378.52,430904071.92,,,,15.69,16.10,16.02,15.85,15.36,15.36,9.69,1993-10-18,2018-04-27
2000-09-12,600680,*ST上普,电子元件,15.96,16.01,15.52,15.66,15.52,299120,4684219.20,1.1079,,,否,,,,,,否,304925337,26999002,4775130777.42,422804371.32,,,,15.73,15.99,16.02,15.85,15.37,15.37,9.75,1993-10-18,2018-04-27
2000-09-13,600680,*ST上普,电子元件,15.66,15.81,15.57,15.66,15.57,241765,3786039.90,0.8955,,,否,,,,,,否,304925337,26999002,4775130777.42,422804371.32,,,,15.79,15.85,16.02,15.87,15.38,15.38,9.81,1993-10-18,2018-04-27
2000-09-14,600680,*ST上普,电子元件,15.52,15.79,15.52,15.65,15.52,110546,1730044.90,0.4094,,,否,,,,,,否,304925337,26999002,4772081524.05,422534381.30,,,,15.74,15.75,16.02,15.89,15.39,15.39,9.87,1993-10-18,2018-04-27
2000-09-15,600680,*ST上普,电子元件,15.58,15.96,15.52,15.81,15.52,175895,2780899.95,0.6515,,,否,,,,,,否,304925337,26999002,4820869577.97,426854221.62,,,,15.75,15.74,16.02,15.91,15.39,15.40,9.94,1993-10-18,2018-04-27
2000-09-18,600680,*ST上普,电子元件,15.86,16.21,15.61,15.71,15.61,386702,6075088.42,1.4323,,,否,,,,,,否,304925337,26999002,4790377044.27,424154321.42,,,,15.70,15.69,16.02,15.93,15.40,15.41,10.00,1993-10-18,2018-04-27
2000-09-19,600680,*ST上普,电子元件,15.61,15.61,14.98,14.99,14.98,466013,6985534.87,1.7260,,,否,,,,,,否,304925337,26999002,4570830801.63,404715039.98,,,,15.56,15.65,15.99,15.91,15.40,15.41,10.06,1993-10-18,2018-04-27
2000-09-20,600680,*ST上普,电子元件,15.02,15.29,14.83,15.17,14.83,281532,4270840.44,1.0427,,,否,,,,,,否,304925337,26999002,4625717362.29,409574860.34,,,,15.47,15.63,15.97,15.89,15.40,15.42,10.12,1993-10-18,2018-04-27
2000-09-21,600680,*ST上普,电子元件,15.12,15.17,14.69,14.7,14.69,311400,4577580.00,1.1534,,,否,,,,,,否,304925337,26999002,4482402453.90,396885329.40,,,,15.28,15.51,15.92,15.84,15.40,15.41,10.18,1993-10-18,2018-04-27
2000-09-22,600680,*ST上普,电子元件,14.66,14.82,14.41,14.72,14.41,259580,3821017.60,0.9614,,,否,,,,,,否,304925337,26999002,4488500960.64,397425309.44,,,,15.06,15.40,15.81,15.81,15.40,15.40,10.24,1993-10-18,2018-04-27
2000-09-25,600680,*ST上普,电子元件,14.72,14.81,14.63,14.68,14.63,107734,1581535.12,0.3990,,,否,,,,,,否,304925337,26999002,4476303947.16,396345349.36,,,,14.85,15.28,15.69,15.77,15.40,15.39,10.30,1993-10-18,2018-04-27
2000-09-26,600680,*ST上普,电子元件,14.7,15.12,14.69,14.88,14.69,119300,1775184.00,0.4419,,,否,,,,,,否,304925337,26999002,4537289014.56,401745149.76,,,,14.83,15.20,15.59,15.75,15.41,15.39,10.36,1993-10-18,2018-04-27
2000-09-27,600680,*ST上普,电子元件,14.9,15.1,14.88,15.05,14.88,69067,1039458.35,0.2558,,,否,,,,,,否,304925337,26999002,4589126321.85,406334980.10,,,,14.81,15.14,15.49,15.73,15.41,15.38,10.42,1993-10-18,2018-04-27
2000-09-28,600680,*ST上普,电子元件,15.02,15.07,14.68,14.68,14.68,112800,1655904.00,0.4178,,,否,,,,,,否,304925337,26999002,4476303947.16,396345349.36,,,,14.80,15.04,15.39,15.69,15.41,15.38,10.48,1993-10-18,2018-04-27
2000-09-29,600680,*ST上普,电子元件,14.69,15.07,14.53,14.91,14.53,85119,1269124.29,0.3153,,,否,,,,,,否,304925337,26999002,4546436774.67,402555119.82,,,,14.84,14.95,15.35,15.67,15.42,15.38,10.54,1993-10-18,2018-04-27
2000-10-09,600680,*ST上普,电子元件,14.96,15.04,14.65,15.04,14.65,132679,1995492.16,0.4914,,,否,,,,,,否,304925337,26999002,4586077068.48,406064990.08,,,,14.91,14.88,15.29,15.64,15.42,15.38,10.60,1993-10-18,2018-04-27
2000-10-10,600680,*ST上普,电子元件,15.02,15.25,14.91,15.22,14.91,148759,2264111.98,0.5510,,,否,,,,,,否,304925337,26999002,4640963629.14,410924810.44,,,,14.98,14.91,15.28,15.63,15.43,15.38,10.66,1993-10-18,2018-04-27
2000-10-11,600680,*ST上普,电子元件,15.08,15.22,15.06,15.06,15.06,104200,1569252.00,0.3859,,,否,,,,,,否,304925337,26999002,4592175575.22,406604970.12,,,,14.98,14.89,15.26,15.61,15.44,15.37,10.72,1993-10-18,2018-04-27
2000-10-12,600680,*ST上普,电子元件,15.05,15.05,14.7,14.74,14.7,222890,3285398.60,0.8255,,,否,,,,,,否,304925337,26999002,4494599467.38,397965289.48,,,,14.99,14.90,15.20,15.58,15.44,15.37,10.78,1993-10-18,2018-04-27
2000-10-13,600680,*ST上普,电子元件,14.7,15.1,14.63,14.89,14.63,149310,2223225.90,0.5530,,,否,,,,,,否,304925337,26999002,4540338267.93,402015139.78,,,,14.99,14.92,15.16,15.51,15.44,15.36,10.84,1993-10-18,2018-04-27
2000-10-16,600680,*ST上普,电子元件,14.89,15.09,14.64,14.97,14.64,146336,2190649.92,0.5420,,,否,,,,,,否,304925337,26999002,4564732294.89,404175059.94,,,,14.98,14.94,15.11,15.44,15.45,15.36,10.90,1993-10-18,2018-04-27
2000-10-17,600680,*ST上普,电子元件,14.93,14.95,14.72,14.82,14.72,67200,995904.00,0.2489,,,否,,,,,,否,304925337,26999002,4518993494.34,400125209.64,,,,14.90,14.94,15.07,15.37,15.45,15.35,10.95,1993-10-18,2018-04-27
2000-10-18,600680,*ST上普,电子元件,14.83,15.12,14.83,15.1,14.83,103600,1564360.00,0.3837,,,否,,,,,,否,304925337,26999002,4604372588.70,407684930.20,,,,14.90,14.94,15.04,15.31,15.45,15.36,11.02,1993-10-18,2018-04-27
2000-10-19,600680,*ST上普,电子元件,15.11,15.44,14.92,15.42,14.92,626592,9662048.64,2.3208,,,否,,,,,,否,304925337,26999002,4701948696.54,416324610.84,,,,15.04,15.02,15.03,15.27,15.46,15.36,11.08,1993-10-18,2018-04-27
2000-10-20,600680,*ST上普,电子元件,15.42,16.4,15.24,16.0,15.24,1842883,29486128.00,6.8257,,,否,,,,,,否,304925337,26999002,4878805392.00,431984032.00,,,,15.26,15.13,15.04,15.27,15.48,15.36,11.14,1993-10-18,2018-04-27
2000-10-23,600680,*ST上普,电子元件,16.09,16.11,15.66,15.89,15.66,464630,7382970.70,1.7209,,,否,,,,,,否,304925337,26999002,4845263604.93,429014141.78,,,,15.45,15.21,15.05,15.26,15.49,15.36,11.20,1993-10-18,2018-04-27
2000-10-24,600680,*ST上普,电子元件,16.11,16.11,15.72,15.86,15.72,442756,7022110.16,1.6399,,,否,,,,,,否,304925337,26999002,4836115844.82,428204171.72,,,,15.65,15.28,15.09,15.28,15.51,15.35,11.27,1993-10-18,2018-04-27
2000-10-25,600680,*ST上普,电子元件,15.91,16.64,15.91,16.34,15.91,1107546,18097301.64,4.1022,,,否,,,,,,否,304925337,26999002,4982480006.58,441163692.68,,,,15.90,15.40,15.15,15.31,15.54,15.35,11.33,1993-10-18,2018-04-27
2000-10-26,600680,*ST上普,电子元件,16.4,16.6,16.01,16.06,16.01,465352,7473553.12,1.7236,,,否,,,,,,否,304925337,26999002,4897100912.22,433603972.12,,,,16.03,15.54,15.22,15.31,15.55,15.34,11.40,1993-10-18,2018-04-27
2000-10-27,600680,*ST上普,电子元件,16.11,16.25,15.81,15.97,15.81,273262,4363994.14,1.0121,,,否,,,,,,否,304925337,26999002,4869657631.89,431174061.94,,,,16.02,15.64,15.28,15.32,15.57,15.34,11.46,1993-10-18,2018-04-27
2000-10-30,600680,*ST上普,电子元件,16.01,16.46,15.86,16.23,15.86,315712,5124005.76,1.1693,,,否,,,,,,否,304925337,26999002,4948938219.51,438193802.46,,,,16.09,15.77,15.36,15.33,15.59,15.35,11.53,1993-10-18,2018-04-27
2000-10-31,600680,*ST上普,电子元件,16.31,16.6,16.01,16.11,16.01,525160,8460327.60,1.9451,,,否,,,,,,否,304925337,26999002,4912347179.07,434953922.22,,,,16.14,15.90,15.42,15.34,15.60,15.35,11.59,1993-10-18,2018-04-27
2000-11-01,600680,*ST上普,电子元件,16.11,16.38,15.86,16.14,15.86,293498,4737057.72,1.0871,,,否,,,,,,否,304925337,26999002,4921494939.18,435763892.28,,,,16.10,16.00,15.47,15.36,15.61,15.35,11.66,1993-10-18,2018-04-27
2000-11-02,600680,*ST上普,电子元件,16.21,17.24,16.14,16.54,16.14,1882232,31132117.28,6.9715,,,否,,,,,,否,304925337,26999002,5043465073.98,446563493.08,,,,16.20,16.11,15.57,15.39,15.64,15.36,11.72,1993-10-18,2018-04-27
2000-11-03,600680,*ST上普,电子元件,16.55,17.09,16.53,16.55,16.53,821682,13598837.10,3.0434,,,否,,,,,,否,304925337,26999002,5046514327.35,446833483.10,,,,16.31,16.17,15.65,15.41,15.66,15.37,11.79,1993-10-18,2018-04-27
2000-11-06,600680,*ST上普,电子元件,16.65,17.03,16.6,16.79,16.6,529058,8882883.82,1.9595,,,否,,,,,,否,304925337,26999002,5119696408.23,453313243.58,,,,16.43,16.26,15.74,15.45,15.69,15.39,11.85,1993-10-18,2018-04-27
2000-11-07,600680,*ST上普,电子元件,17.09,17.09,16.61,16.8,16.61,363034,6098971.20,1.3446,,,否,,,,,,否,304925337,26999002,5122745661.60,453583233.60,,,,16.56,16.35,15.81,15.51,15.71,15.41,11.92,1993-10-18,2018-04-27
2000-11-08,600680,*ST上普,电子元件,16.8,17.24,16.71,17.21,16.71,829081,14268484.01,3.0708,,,否,,,,,,否,304925337,26999002,5247765049.77,464652824.42,,,,16.78,16.44,15.92,15.58,15.74,15.43,11.99,1993-10-18,2018-04-27
2000-11-09,600680,*ST上普,电子元件,17.29,17.98,17.05,17.93,17.05,2914059,52249077.87,10.7932,,,否,,,,,,否,304925337,26999002,5467311292.41,484092105.86,,,,17.06,16.63,16.08,15.69,15.77,15.45,12.06,1993-10-18,2018-04-27
2000-11-10,600680,*ST上普,电子元件,17.99,18.25,17.49,17.76,17.49,1782028,31648817.28,6.6003,,,否,,,,,,否,304925337,26999002,5415473985.12,479502275.52,,,,17.30,16.81,16.22,15.79,15.80,15.48,12.13,1993-10-18,2018-04-27
2000-11-13,600680,*ST上普,电子元件,17.87,19.54,17.79,19.54,17.79,2089418,40827227.72,7.7389,,,否,,,,,,是,304925337,26999002,5958241084.98,527560499.08,,,,17.85,17.14,16.45,15.95,15.86,15.52,12.21,1993-10-18,2018-04-27
2000-11-14,600680,*ST上普,电子元件,20.26,21.49,20.26,21.49,20.26,6634648,142578585.52,24.5737,,,否,,,,,,是,304925337,26999002,6552845492.13,580208552.98,,,,18.79,17.68,16.79,16.17,15.96,15.57,12.30,1993-10-18,2018-04-27
2000-11-15,600680,*ST上普,电子元件,21.54,22.98,20.95,21.48,20.95,3885880,83468702.40,14.3927,,,否,,,,,,否,304925337,26999002,6549796238.76,579938562.96,,,,19.64,18.21,17.11,16.38,16.06,15.62,12.38,1993-10-18,2018-04-27
2000-11-16,600680,*ST上普,电子元件,21.25,21.89,20.95,21.35,20.95,1587176,33886207.60,5.8786,,,否,,,,,,否,304925337,26999002,6510155944.95,576428692.70,,,,20.32,18.69,17.40,16.61,16.15,15.67,12.47,1993-10-18,2018-04-27
2000-11-17,600680,*ST上普,电子元件,21.54,23.48,21.4,22.68,21.4,3449742,78240148.56,12.7773,,,否,,,,,,否,304925337,26999002,6915706643.16,612337365.36,,,,21.31,19.30,17.74,16.87,16.27,15.73,12.56,1993-10-18,2018-04-27
2000-11-20,600680,*ST上普,电子元件,22.53,22.89,21.94,22.71,21.94,1218741,27677608.11,4.5140,,,否,,,,,,否,304925337,26999002,6924854403.27,613147335.42,,,,21.94,19.90,18.08,17.12,16.38,15.79,12.65,1993-10-18,2018-04-27
2000-11-21,600680,*ST上普,电子元件,22.63,22.78,21.74,21.84,21.74,862942,18846653.28,3.1962,,,否,,,,,,否,304925337,26999002,6659569360.08,589658203.68,,,,22.01,20.40,18.38,17.34,16.48,15.84,12.74,1993-10-18,2018-04-27
2000-11-22,600680,*ST上普,电子元件,21.74,22.24,21.27,22.13,21.27,1293383,28622565.79,4.7905,,,否,,,,,,否,304925337,26999002,6747997707.81,597487914.26,,,,22.14,20.89,18.67,17.58,16.59,15.89,12.83,1993-10-18,2018-04-27
2000-11-23,600680,*ST上普,电子元件,22.23,22.58,21.44,22.09,21.44,660787,14596784.83,2.4474,,,否,,,,,,否,304925337,26999002,6735800694.33,596407954.18,,,,22.29,21.31,18.97,17.82,16.70,15.95,12.91,1993-10-18,2018-04-27
2000-11-24,600680,*ST上普,电子元件,22.09,22.43,20.75,20.76,20.75,1167145,24229930.20,4.3229,,,否,,,,,,否,304925337,26999002,6330249996.12,560499281.52,,,,21.91,21.61,19.21,18.02,16.76,15.99,13.00,1993-10-18,2018-04-27
2000-11-27,600680,*ST上普,电子元件,20.57,21.15,20.26,20.6,20.26,1207550,24875530.00,4.4726,,,否,,,,,,否,304925337,26999002,6281461942.20,556179441.20,,,,21.48,21.71,19.43,18.21,16.82,16.04,13.08,1993-10-18,2018-04-27
2000-11-28,600680,*ST上普,电子元件,20.56,22.67,20.51,22.67,20.51,2390030,54181980.10,8.8523,,,否,,,,,,是,304925337,26999002,6912657389.79,612067375.34,,,,21.65,21.83,19.75,18.47,16.92,16.10,13.17,1993-10-18,2018-04-27
2000-11-29,600680,*ST上普,电子元件,23.1,24.51,22.93,23.69,22.93,2922132,69225307.08,10.8231,,,否,,,,,,否,304925337,26999002,7223681233.53,639606357.38,,,,21.96,22.05,20.13,18.75,17.03,16.17,13.27,1993-10-18,2018-04-27
2000-11-30,600680,*ST上普,电子元件,23.22,23.99,23.08,23.87,23.08,1060189,25306711.43,3.9268,,,否,,,,,,否,304925337,26999002,7278567794.19,644466177.74,,,,22.32,22.30,20.50,19.04,17.15,16.24,13.36,1993-10-18,2018-04-27
2000-12-01,600680,*ST上普,电子元件,24.01,25.1,23.22,23.52,23.22,1284386,30208758.72,4.7572,,,否,,,,,,否,304925337,26999002,7171843926.24,635016527.04,,,,22.87,22.39,20.85,19.29,17.28,16.30,13.46,1993-10-18,2018-04-27
2000-12-04,600680,*ST上普,电子元件,23.42,23.82,22.97,23.52,22.97,621098,14608224.96,2.3004,,,否,,,,,,否,304925337,26999002,7171843926.24,635016527.04,,,,23.45,22.47,21.18,19.54,17.40,16.37,13.55,1993-10-18,2018-04-27
2000-12-05,600680,*ST上普,电子元件,23.67,23.72,23.12,23.25,23.12,406490,9450892.50,1.5056,,,否,,,,,,否,304925337,26999002,7089514085.25,627726796.50,,,,23.57,22.61,21.50,19.79,17.53,16.43,13.64,1993-10-18,2018-04-27
2000-12-06,600680,*ST上普,电子元件,23.17,24.66,22.97,24.2,22.97,1204731,29154490.20,4.4621,,,否,,,,,,否,304925337,26999002,7379193155.40,653375848.40,,,,23.67,22.82,21.85,20.05,17.68,16.51,13.74,1993-10-18,2018-04-27
2000-12-07,600680,*ST上普,电子元件,24.18,24.21,22.63,23.4,22.63,954497,22335229.80,3.5353,,,否,,,,,,否,304925337,26999002,7135252885.80,631776646.80,,,,23.58,22.95,22.13,20.29,17.80,16.57,13.83,1993-10-18,2018-04-27
2000-12-08,600680,*ST上普,电子元件,23.4,25.05,22.85,24.71,22.85,2388739,59025740.69,8.8475,,,否,,,,,,否,304925337,26999002,7534705077.27,667145339.42,,,,23.82,23.34,22.48,20.59,17.95,16.65,13.93,1993-10-18,2018-04-27
2000-12-11,600680,*ST上普,电子元件,24.71,25.4,24.06,24.65,24.06,1204396,29688361.40,4.4609,,,否,,,,,,否,304925337,26999002,7516409557.05,665525399.30,,,,24.04,23.75,22.73,20.87,18.10,16.73,14.03,1993-10-18,2018-04-27
2000-12-12,600680,*ST上普,电子元件,24.56,24.61,22.19,23.16,22.19,2310354,53507798.64,8.5572,,,否,,,,,,否,304925337,26999002,7062070804.92,625296886.32,,,,24.02,23.80,22.81,21.10,18.22,16.80,14.12,1993-10-18,2018-04-27
2000-12-13,600680,*ST上普,电子元件,23.02,23.51,22.34,22.68,22.34,861423,19537073.64,3.1906,,,否,,,,,,否,304925337,26999002,6915706643.16,612337365.36,,,,23.72,23.70,22.87,21.32,18.34,16.86,14.21,1993-10-18,2018-04-27
2000-12-14,600680,*ST上普,电子元件,22.68,23.47,22.68,22.93,22.68,366946,8414071.78,1.3591,,,否,,,,,,否,304925337,26999002,6991937977.41,619087115.86,,,,23.63,23.60,22.95,21.53,18.46,16.93,14.31,1993-10-18,2018-04-27
2000-12-15,600680,*ST上普,电子元件,22.96,23.12,22.16,22.19,22.16,601430,13345731.70,2.2276,,,否,,,,,,否,304925337,26999002,6766293228.03,599107854.38,,,,23.12,23.47,22.93,21.72,18.57,16.98,14.39,1993-10-18,2018-04-27
2000-12-18,600680,*ST上普,电子元件,22.12,22.24,20.9,22.21,20.9,519516,11538450.36,1.9242,,,否,,,,,,否,304925337,26999002,6772391734.77,599647834.42,,,,22.63,23.34,22.90,21.90,18.68,17.04,14.48,1993-10-18,2018-04-27
2000-12-20,600680,*ST上普,电子元件,23.47,23.79,22.41,22.79,22.41,791800,18045122.00,2.9327,,,否,,,,,,否,304925337,26999002,6949248430.23,615307255.58,,,,22.56,23.29,22.95,22.10,18.81,17.10,14.57,1993-10-18,2018-04-27
2000-12-21,600680,*ST上普,电子元件,23.22,24.69,22.83,24.01,22.83,1558587,37421673.87,5.7728,,,否,,,,,,否,304925337,26999002,7321257341.37,648246038.02,,,,22.83,23.27,23.05,22.33,18.95,17.18,14.67,1993-10-18,2018-04-27
2000-12-22,600680,*ST上普,电子元件,23.99,24.21,23.3,23.89,23.3,515074,12305117.86,1.9078,,,否,,,,,,否,304925337,26999002,7284666300.93,645006157.78,,,,23.02,23.32,23.14,22.53,19.11,17.25,14.77,1993-10-18,2018-04-27
2000-12-25,600680,*ST上普,电子元件,23.74,24.21,23.41,24.11,23.41,516566,12454406.26,1.9133,,,否,,,,,,否,304925337,26999002,7351749875.07,650945938.22,,,,23.40,23.26,23.30,22.74,19.26,17.33,14.86,1993-10-18,2018-04-27
2000-12-26,600680,*ST上普,电子元件,23.82,24.46,23.52,23.64,23.52,496619,11740073.16,1.8394,,,否,,,,,,否,304925337,26999002,7208434966.68,638256407.28,,,,23.69,23.16,23.45,22.87,19.41,17.41,14.96,1993-10-18,2018-04-27
2000-12-27,600680,*ST上普,电子元件,23.52,24.71,23.08,24.66,23.08,1327062,32725348.92,4.9152,,,否,,,,,,否,304925337,26999002,7519458810.42,665795389.32,,,,24.06,23.31,23.55,22.98,19.58,17.49,15.06,1993-10-18,2018-04-27
2000-12-28,600680,*ST上普,电子元件,24.51,25.38,23.22,24.44,23.22,1010335,24692587.40,3.7421,,,否,,,,,,否,304925337,26999002,7452375236.28,659855608.88,,,,24.15,23.49,23.59,23.08,19.73,17.57,15.15,1993-10-18,2018-04-27
2000-12-29,600680,*ST上普,电子元件,24.41,25.03,23.73,25.03,23.73,1989768,49803893.04,7.3698,,,否,,,,,,否,304925337,26999002,7632281185.11,675785020.06,,,,24.38,23.70,23.65,23.20,19.90,17.66,15.25,1993-10-18,2018-04-27
2001-01-02,600680,*ST上普,电子元件,24.66,24.71,23.3,23.47,23.3,1600865,37572301.55,5.9293,,,否,,,,,,否,304925337,26999002,7156597659.39,633666576.94,,,,24.25,23.83,23.65,23.23,20.05,17.73,15.35,1993-10-18,2018-04-27
2001-01-03,600680,*ST上普,电子元件,23.23,23.87,22.58,23.87,22.58,832974,19883089.38,3.0852,,,否,,,,,,否,304925337,26999002,7278567794.19,644466177.74,,,,24.29,23.99,23.66,23.27,20.19,17.81,15.44,1993-10-18,2018-04-27
2001-01-04,600680,*ST上普,电子元件,23.9,24.01,23.4,23.52,23.4,317543,7468611.36,1.1761,,,否,,,,,,否,304925337,26999002,7171843926.24,635016527.04,,,,24.07,24.06,23.68,23.32,20.33,17.88,15.54,1993-10-18,2018-04-27
2001-01-05,600680,*ST上普,电子元件,23.22,23.64,23.17,23.23,23.17,305393,7094279.39,1.1311,,,否,,,,,,否,304925337,26999002,7083415578.51,627186816.46,,,,23.82,23.99,23.63,23.36,20.47,17.95,15.63,1993-10-18,2018-04-27
2001-01-08,600680,*ST上普,电子元件,23.15,23.15,22.32,22.53,22.32,382659,8621307.27,1.4173,,,否,,,,,,否,304925337,26999002,6869967842.61,608287515.06,,,,23.32,23.85,23.59,23.37,20.60,18.02,15.72,1993-10-18,2018-04-27
2001-01-09,600680,*ST上普,电子元件,22.33,23.03,22.33,22.92,22.33,231586,5307951.12,0.8578,,,否,,,,,,否,304925337,26999002,6988888724.04,618817125.84,,,,23.21,23.73,23.50,23.45,20.73,18.09,15.81,1993-10-18,2018-04-27
2001-01-10,600680,*ST上普,电子元件,22.73,23.2,22.43,22.83,22.43,162352,3706496.16,0.6013,,,否,,,,,,否,304925337,26999002,6961445443.71,616387215.66,,,,23.01,23.65,23.41,23.52,20.86,18.16,15.90,1993-10-18,2018-04-27
2001-01-11,600680,*ST上普,电子元件,22.73,22.78,22.38,22.52,22.38,232395,5233535.40,0.8608,,,否,,,,,,否,304925337,26999002,6866918589.24,608017525.04,,,,22.81,23.44,23.37,23.51,20.99,18.22,15.99,1993-10-18,2018-04-27
2001-01-12,600680,*ST上普,电子元件,22.43,22.88,22.24,22.43,22.24,159028,3566998.04,0.5890,,,否,,,,,,否,304925337,26999002,6839475308.91,605587614.86,,,,22.65,23.24,23.36,23.47,21.11,18.28,16.08,1993-10-18,2018-04-27
2001-01-15,600680,*ST上普,电子元件,22.45,22.45,21.25,21.35,21.25,276032,5893283.20,1.0224,,,否,,,,,,否,304925337,26999002,6510155944.95,576428692.70,,,,22.41,22.87,23.28,23.39,21.21,18.34,16.17,1993-10-18,2018-04-27
2001-01-16,600680,*ST上普,电子元件,21.25,21.54,20.41,20.73,20.41,238164,4937139.72,0.8821,,,否,,,,,,否,304925337,26999002,6321102236.01,559689311.46,,,,21.97,22.59,23.21,23.30,21.29,18.38,16.25,1993-10-18,2018-04-27
2001-01-17,600680,*ST上普,电子元件,20.73,20.85,19.57,20.04,19.57,278132,5573765.28,1.0302,,,否,,,,,,否,304925337,26999002,6110703753.48,541060000.08,,,,21.41,22.21,23.10,23.18,21.36,18.43,16.33,1993-10-18,2018-04-27
2001-01-18,600680,*ST上普,电子元件,19.94,19.98,19.57,19.76,19.57,339505,6708618.80,1.2575,,,否,,,,,,否,304925337,26999002,6025324659.12,533500279.52,,,,20.86,21.83,22.95,23.06,21.43,18.47,16.41,1993-10-18,2018-04-27
2001-01-19,600680,*ST上普,电子元件,19.76,20.63,19.76,20.46,19.76,202163,4136254.98,0.7488,,,否,,,,,,否,304925337,26999002,6238772395.02,552399580.92,,,,20.47,21.56,22.77,22.94,21.49,18.52,16.49,1993-10-18,2018-04-27
2001-02-05,600680,*ST上普,电子元件,20.46,21.05,19.56,19.67,19.56,322200,6337674.00,1.1934,,,否,,,,,,否,304925337,26999002,5997881378.79,531070369.34,,,,20.13,21.27,22.56,22.81,21.55,18.55,16.52,1993-10-18,2018-04-27
2001-02-06,600680,*ST上普,电子元件,19.59,20.14,19.58,20.04,19.58,147126,2948405.04,0.5449,,,否,,,,,,否,304925337,26999002,6110703753.48,541060000.08,,,,19.99,20.98,22.36,22.66,21.62,18.60,16.55,1993-10-18,2018-04-27
2001-02-07,600680,*ST上普,电子元件,20.06,20.11,19.68,19.81,19.68,75623,1498091.63,0.2801,,,否,,,,,,否,304925337,26999002,6040570925.97,534850229.62,,,,19.95,20.68,22.17,22.50,21.68,18.63,16.58,1993-10-18,2018-04-27
2001-02-08,600680,*ST上普,电子元件,17.84,19.37,17.84,18.56,17.84,142640,2647398.40,0.5283,,,否,,,,,,否,304925337,26999002,5659414254.72,501101477.12,,,,19.71,20.29,21.86,22.34,21.72,18.66,16.60,1993-10-18,2018-04-27
2001-02-09,600680,*ST上普,电子元件,18.66,19.37,18.66,18.85,18.66,108405,2043434.25,0.4015,,,否,,,,,,否,304925337,26999002,5747842602.45,508931187.70,,,,19.39,19.93,21.58,22.22,21.77,18.69,16.62,1993-10-18,2018-04-27
2001-02-12,600680,*ST上普,电子元件,18.88,18.97,17.99,18.36,17.99,150623,2765438.28,0.5579,,,否,,,,,,否,304925337,26999002,5598429187.32,495701676.72,,,,19.12,19.63,21.25,22.06,21.80,18.72,16.65,1993-10-18,2018-04-27
2001-02-13,600680,*ST上普,电子元件,18.38,18.68,18.26,18.28,18.26,105465,1927900.20,0.3906,,,否,,,,,,否,304925337,26999002,5574035160.36,493541756.56,,,,18.77,19.38,20.99,21.93,21.83,18.74,16.67,1993-10-18,2018-04-27
2001-02-14,600680,*ST上普,电子元件,18.48,18.96,18.33,18.63,18.33,211750,3944902.50,0.7843,,,否,,,,,,否,304925337,26999002,5680759028.31,502991407.26,,,,18.54,19.24,20.73,21.81,21.86,18.77,16.70,1993-10-18,2018-04-27
2001-02-15,600680,*ST上普,电子元件,18.63,19.02,18.48,18.65,18.48,97068,1810318.20,0.3595,,,否,,,,,,否,304925337,26999002,5686857535.05,503531387.30,,,,18.55,19.13,20.48,21.68,21.89,18.80,16.72,1993-10-18,2018-04-27
2001-02-16,600680,*ST上普,电子元件,18.58,18.78,18.26,18.76,18.26,91694,1720179.44,0.3396,,,否,,,,,,否,304925337,26999002,5720399322.12,506501277.52,,,,18.54,18.96,20.26,21.50,21.91,18.82,16.75,1993-10-18,2018-04-27
2001-02-19,600680,*ST上普,电子元件,18.33,20.55,18.33,20.53,18.33,467554,9598883.62,1.7317,,,否,,,,,,否,304925337,26999002,6260117168.61,554289511.06,,,,18.97,19.05,20.16,21.39,21.96,18.86,16.78,1993-10-18,2018-04-27
2001-02-20,600680,*ST上普,电子元件,20.53,20.7,19.37,19.57,19.37,831491,16272278.87,3.0797,,,否,,,,,,否,304925337,26999002,5967388845.09,528370469.14,,,,19.23,19.00,19.99,21.24,21.99,18.89,16.81,1993-10-18,2018-04-27
2001-02-21,600680,*ST上普,电子元件,19.07,19.17,17.61,18.04,17.61,757611,13667302.44,2.8061,,,否,,,,,,否,304925337,26999002,5500853079.48,487061996.08,,,,19.11,18.82,19.75,21.05,21.96,18.91,16.84,1993-10-18,2018-04-27
2001-02-22,600680,*ST上普,电子元件,17.73,19.47,16.9,18.73,16.9,597966,11199903.18,2.2148,,,否,,,,,,否,304925337,26999002,5711251562.01,505691307.46,,,,19.13,18.84,19.56,20.85,21.92,18.94,16.86,1993-10-18,2018-04-27
2001-02-23,600680,*ST上普,电子元件,18.48,19.26,18.02,18.63,18.02,378892,7058757.96,1.4034,,,否,,,,,,否,304925337,26999002,5680759028.31,502991407.26,,,,19.10,18.82,19.37,20.66,21.87,18.96,16.89,1993-10-18,2018-04-27
2001-02-26,600680,*ST上普,电子元件,18.09,18.88,18.09,18.78,18.09,192789,3620577.42,0.7141,,,否,,,,,,否,304925337,26999002,5726497828.86,507041257.56,,,,18.75,18.86,19.24,20.45,21.83,18.99,16.91,1993-10-18,2018-04-27
2001-02-27,600680,*ST上普,电子元件,18.88,19.37,18.88,19.37,18.88,421649,8167341.13,1.5617,,,否,,,,,,否,304925337,26999002,5906403777.69,522970668.74,,,,18.71,18.97,19.18,20.32,21.77,19.02,16.94,1993-10-18,2018-04-27
2001-02-28,600680,*ST上普,电子元件,19.47,19.66,18.8,18.83,18.8,222400,4187792.00,0.8237,,,否,,,,,,否,304925337,26999002,5741744095.71,508391207.66,,,,18.87,18.99,19.12,20.15,21.71,19.04,16.96,1993-10-18,2018-04-27
2001-03-01,600680,*ST上普,电子元件,18.88,18.95,18.38,18.78,18.38,154952,2909998.56,0.5739,,,否,,,,,,否,304925337,26999002,5726497828.86,507041257.56,,,,18.88,19.00,19.07,19.99,21.66,19.07,16.99,1993-10-18,2018-04-27
2001-03-02,600680,*ST上普,电子元件,18.58,18.96,18.58,18.68,18.58,142380,2659658.40,0.5274,,,否,,,,,,否,304925337,26999002,5696005295.16,504341357.36,,,,18.89,18.99,18.98,19.84,21.60,19.10,17.00,1993-10-18,2018-04-27
2001-03-05,600680,*ST上普,电子元件,18.68,18.88,18.56,18.68,18.56,103600,1935248.00,0.3837,,,否,,,,,,否,304925337,26999002,5696005295.16,504341357.36,,,,18.87,18.81,18.93,19.71,21.54,19.12,17.02,1993-10-18,2018-04-27
2001-03-06,600680,*ST上普,电子元件,18.68,18.78,18.48,18.53,18.48,118672,2198992.16,0.4395,,,否,,,,,,否,304925337,26999002,5650266494.61,500291507.06,,,,18.70,18.71,18.85,19.56,21.50,19.13,17.03,1993-10-18,2018-04-27
2001-03-07,600680,*ST上普,电子元件,18.56,18.63,18.36,18.43,18.36,175744,3238961.92,0.6509,,,否,,,,,,否,304925337,26999002,5619773960.91,497591606.86,,,,18.62,18.74,18.78,19.42,21.47,19.15,17.05,1993-10-18,2018-04-27
2001-03-08,600680,*ST上普,电子元件,18.44,18.78,18.36,18.67,18.36,120318,2246337.06,0.4456,,,否,,,,,,否,304925337,26999002,5692956041.79,504071367.34,,,,18.60,18.74,18.79,19.29,21.40,19.16,17.07,1993-10-18,2018-04-27
2001-03-09,600680,*ST上普,电子元件,18.39,19.65,18.39,19.23,18.39,417978,8037716.94,1.5481,,,否,,,,,,否,304925337,26999002,5863714230.51,519190808.46,,,,18.71,18.80,18.81,19.18,21.33,19.18,17.09,1993-10-18,2018-04-27
2001-03-12,600680,*ST上普,电子元件,19.17,19.17,18.64,18.68,18.64,239700,4477596.00,0.8878,,,否,,,,,,否,304925337,26999002,5696005295.16,504341357.36,,,,18.71,18.79,18.82,19.09,21.24,19.20,17.11,1993-10-18,2018-04-27
2001-03-13,600680,*ST上普,电子元件,18.69,18.69,18.46,18.54,18.46,323034,5989050.36,1.1965,,,否,,,,,,否,304925337,26999002,5653315747.98,500561497.08,,,,18.71,18.71,18.84,19.02,21.16,19.22,17.13,1993-10-18,2018-04-27
2001-03-14,600680,*ST上普,电子元件,18.53,18.78,18.53,18.68,18.53,109830,2051624.40,0.4068,,,否,,,,,,否,304925337,26999002,5696005295.16,504341357.36,,,,18.76,18.69,18.84,18.97,21.08,19.24,17.16,1993-10-18,2018-04-27
2001-03-15,600680,*ST上普,电子元件,18.66,18.8,18.63,18.68,18.63,139374,2603506.32,0.5162,,,否,,,,,,否,304925337,26999002,5696005295.16,504341357.36,,,,18.76,18.68,18.84,18.94,21.00,19.27,17.18,1993-10-18,2018-04-27
2001-03-16,600680,*ST上普,电子元件,18.78,18.95,18.68,18.83,18.68,82088,1545717.04,0.3040,,,否,,,,,,否,304925337,26999002,5741744095.71,508391207.66,,,,18.68,18.70,18.84,18.88,20.91,19.30,17.20,1993-10-18,2018-04-27
2001-03-19,600680,*ST上普,电子元件,18.88,19.45,18.88,19.36,18.88,461476,8934175.36,1.7092,,,否,,,,,,否,304925337,26999002,5903354524.32,522700678.72,,,,18.82,18.76,18.79,18.87,20.84,19.32,17.22,1993-10-18,2018-04-27
2001-03-20,600680,*ST上普,电子元件,19.4,19.52,19.16,19.27,19.16,221168,4261907.36,0.8192,,,否,,,,,,否,304925337,26999002,5875911243.99,520270768.54,,,,18.96,18.84,18.77,18.85,20.75,19.35,17.24,1993-10-18,2018-04-27
2001-03-21,600680,*ST上普,电子元件,19.27,20.08,19.27,20.07,19.27,829302,16644091.14,3.0716,,,否,,,,,,否,304925337,26999002,6119851513.59,541869970.14,,,,19.24,19.00,18.87,18.86,20.68,19.39,17.26,1993-10-18,2018-04-27
2001-03-22,600680,*ST上普,电子元件,20.16,20.65,19.71,20.45,19.71,735596,15042938.20,2.7245,,,否,,,,,,否,304925337,26999002,6235723141.65,552129590.90,,,,19.60,19.18,18.96,18.92,20.63,19.43,17.28,1993-10-18,2018-04-27
2001-03-23,600680,*ST上普,电子元件,20.56,20.56,19.76,19.96,19.76,448486,8951780.56,1.6611,,,否,,,,,,否,304925337,26999002,6086309726.52,538900079.92,,,,19.82,19.25,19.03,18.96,20.59,19.46,17.31,1993-10-18,2018-04-27
2001-03-26,600680,*ST上普,电子元件,19.96,20.26,19.67,20.11,19.67,251624,5060158.64,0.9320,,,否,,,,,,否,304925337,26999002,6132048527.07,542949930.22,,,,19.97,19.40,19.09,19.01,20.54,19.50,17.33,1993-10-18,2018-04-27
2001-03-27,600680,*ST上普,电子元件,20.26,21.73,20.26,21.36,20.26,1454757,31073609.52,5.3882,,,否,,,,,,否,304925337,26999002,6513205198.32,576698682.72,,,,20.39,19.68,19.19,19.12,20.53,19.55,17.35,1993-10-18,2018-04-27
2001-03-28,600680,*ST上普,电子元件,21.26,21.4,20.75,21.4,20.75,408465,8741151.00,1.5129,,,否,,,,,,否,304925337,26999002,6525402211.80,577778642.80,,,,20.66,19.95,19.32,19.21,20.51,19.59,17.38,1993-10-18,2018-04-27
2001-03-29,600680,*ST上普,电子元件,21.44,21.59,21.05,21.05,21.05,482228,10150899.40,1.7861,,,否,,,,,,否,304925337,26999002,6418678343.85,568328992.10,,,,20.78,20.19,19.43,19.29,20.48,19.64,17.40,1993-10-18,2018-04-27
2001-03-30,600680,*ST上普,电子元件,21.05,21.05,20.51,20.73,20.51,376123,7797029.79,1.3931,,,否,,,,,,否,304925337,26999002,6321102236.01,559689311.46,,,,20.93,20.38,19.54,19.36,20.43,19.69,17.43,1993-10-18,2018-04-27
2001-04-02,600680,*ST上普,电子元件,20.72,21.05,20.61,20.85,20.61,223850,4667272.50,0.8291,,,否,,,,,,否,304925337,26999002,6357693276.45,562929191.70,,,,21.08,20.53,19.64,19.37,20.38,19.74,17.45,1993-10-18,2018-04-27
2001-04-03,600680,*ST上普,电子元件,20.85,20.9,20.26,20.41,20.26,342100,6982261.00,1.2671,,,否,,,,,,否,304925337,26999002,6223526128.17,551049630.82,,,,20.89,20.64,19.74,19.39,20.32,19.79,17.48,1993-10-18,2018-04-27
2001-04-04,600680,*ST上普,电子元件,20.41,20.57,19.86,19.94,19.86,249262,4970284.28,0.9232,,,否,,,,,,否,304925337,26999002,6080211219.78,538360099.88,,,,20.60,20.63,19.81,19.46,20.25,19.83,17.50,1993-10-18,2018-04-27
2001-04-05,600680,*ST上普,电子元件,19.96,20.24,19.76,20.04,19.76,371745,7449769.80,1.3769,,,否,,,,,,否,304925337,26999002,6110703753.48,541060000.08,,,,20.39,20.59,19.88,19.50,20.18,19.88,17.52,1993-10-18,2018-04-27
2001-04-06,600680,*ST上普,电子元件,20.15,20.75,19.95,20.14,19.95,652114,13133575.96,2.4153,,,否,,,,,,否,304925337,26999002,6141196287.18,543759900.28,,,,20.28,20.60,19.93,19.55,20.11,19.92,17.55,1993-10-18,2018-04-27
2001-04-09,600680,*ST上普,电子元件,20.14,20.34,19.84,20.16,19.84,373332,7526373.12,1.3828,,,否,,,,,,否,304925337,26999002,6147294793.92,544299880.32,,,,20.14,20.61,20.00,19.60,20.02,19.96,17.57,1993-10-18,2018-04-27
2001-04-10,600680,*ST上普,电子元件,19.84,20.16,19.76,19.94,19.76,318073,6342375.62,1.1781,,,否,,,,,,否,304925337,26999002,6080211219.78,538360099.88,,,,20.04,20.47,20.07,19.62,19.97,20.01,17.59,1993-10-18,2018-04-27
2001-04-11,600680,*ST上普,电子元件,19.96,20.01,19.52,19.58,19.52,526392,10306755.36,1.9497,,,否,,,,,,否,304925337,26999002,5970438098.46,528640459.16,,,,19.97,20.28,20.12,19.64,19.89,20.04,17.61,1993-10-18,2018-04-27
2001-04-12,600680,*ST上普,电子元件,19.57,20.26,19.25,19.99,19.25,738503,14762674.97,2.7353,,,否,,,,,,否,304925337,26999002,6095457486.63,539710049.98,,,,19.96,20.18,20.18,19.68,19.84,20.08,17.63,1993-10-18,2018-04-27
2001-04-13,600680,*ST上普,电子元件,19.96,20.04,19.57,19.8,19.57,343100,6793380.00,1.2708,,,否,,,,,,否,304925337,26999002,6037521672.60,534580239.60,,,,19.89,20.09,20.23,19.72,19.78,20.12,17.65,1993-10-18,2018-04-27
2001-04-16,600680,*ST上普,电子元件,19.87,19.96,19.54,19.75,19.54,525842,10385379.50,1.9476,,,否,,,,,,否,304925337,26999002,6022275405.75,533230289.50,,,,19.81,19.98,20.25,19.75,19.73,20.16,17.67,1993-10-18,2018-04-27
2001-04-17,600680,*ST上普,电子元件,19.8,20.56,19.62,20.45,19.62,822926,16828836.70,3.0480,,,否,,,,,,否,304925337,26999002,6235723141.65,552129590.90,,,,19.91,19.98,20.31,19.82,19.69,20.21,17.69,1993-10-18,2018-04-27
2001-04-18,600680,*ST上普,电子元件,20.56,21.05,20.46,20.56,20.46,1001368,20588126.08,3.7089,,,否,,,,,,否,304925337,26999002,6269264928.72,555099481.12,,,,20.11,20.04,20.33,19.89,19.65,20.26,17.71,1993-10-18,2018-04-27
2001-04-19,600680,*ST上普,电子元件,20.56,20.72,19.77,20.27,19.77,422869,8571554.63,1.5662,,,否,,,,,,否,304925337,26999002,6180836580.99,547269770.54,,,,20.17,20.06,20.32,19.94,19.62,20.30,17.73,1993-10-18,2018-04-27
2001-04-20,600680,*ST上普,电子元件,20.37,21.03,20.27,20.36,20.27,645702,13146492.72,2.3916,,,否,,,,,,否,304925337,26999002,6208279861.32,549699680.72,,,,20.28,20.09,20.34,19.98,19.58,20.35,17.75,1993-10-18,2018-04-27
2001-04-23,600680,*ST上普,电子元件,20.46,21.03,20.44,21.0,20.44,1187657,24940797.00,4.3989,,,否,,,,,,否,304925337,26999002,6403432077.00,566979042.00,,,,20.53,20.17,20.39,20.06,19.57,20.39,17.77,1993-10-18,2018-04-27
2001-04-24,600680,*ST上普,电子元件,21.03,21.35,20.75,21.3,20.75,1078823,22978929.90,3.9958,,,否,,,,,,否,304925337,26999002,6494909678.10,575078742.60,,,,20.70,20.31,20.39,20.15,19.58,20.44,17.80,1993-10-18,2018-04-27
2001-04-25,600680,*ST上普,电子元件,21.49,22.6,20.95,20.98,20.95,2156390,45241062.20,7.9869,,,否,,,,,,否,304925337,26999002,6397333570.26,566439061.96,,,,20.78,20.45,20.37,20.23,19.60,20.48,17.82,1993-10-18,2018-04-27
2001-04-26,600680,*ST上普,电子元件,20.74,20.84,19.94,20.34,19.94,662494,13475127.96,2.4538,,,否,,,,,,否,304925337,26999002,6202181354.58,549159700.68,,,,20.80,20.48,20.33,20.28,19.61,20.52,17.84,1993-10-18,2018-04-27
2001-04-27,600680,*ST上普,电子元件,20.3,20.75,20.24,20.36,20.24,337365,6868751.40,1.2495,,,否,,,,,,否,304925337,26999002,6208279861.32,549699680.72,,,,20.80,20.54,20.31,20.33,19.61,20.55,17.86,1993-10-18,2018-04-27
2001-04-30,600680,*ST上普,电子元件,20.36,20.75,19.86,20.08,19.86,250469,5029417.52,0.9277,,,否,,,,,,否,304925337,26999002,6122900766.96,542139960.16,,,,20.61,20.57,20.27,20.36,19.61,20.58,17.88,1993-10-18,2018-04-27
2001-05-08,600680,*ST上普,电子元件,20.02,20.32,19.86,20.14,19.86,268963,5416914.82,0.9962,,,否,,,,,,否,304925337,26999002,6141196287.18,543759900.28,,,,20.38,20.54,20.26,20.39,19.62,20.62,17.90,1993-10-18,2018-04-27
2001-05-09,600680,*ST上普,电子元件,20.16,20.46,20.06,20.27,20.06,269160,5455873.20,0.9969,,,否,,,,,,否,304925337,26999002,6180836580.99,547269770.54,,,,20.24,20.51,20.28,20.39,19.62,20.65,17.92,1993-10-18,2018-04-27
2001-05-11,600680,*ST上普,电子元件,20.53,21.44,20.53,20.75,20.53,788024,16351498.00,2.9187,,,否,,,,,,否,304925337,26999002,6327200742.75,560229291.50,,,,20.32,20.56,20.31,20.40,19.66,20.69,17.94,1993-10-18,2018-04-27
2001-05-14,600680,*ST上普,电子元件,20.9,21.28,20.9,21.09,20.9,422962,8920268.58,1.5666,,,否,,,,,,否,304925337,26999002,6430875357.33,569408952.18,,,,20.47,20.63,20.36,20.44,19.70,20.73,17.96,1993-10-18,2018-04-27
2001-05-15,600680,*ST上普,电子元件,21.09,23.01,21.0,21.94,21.0,1587228,34823782.32,5.8788,,,否,,,,,,否,304925337,26999002,6690061893.78,592358103.88,,,,20.84,20.73,20.45,20.50,19.76,20.78,17.99,1993-10-18,2018-04-27
2001-05-16,600680,*ST上普,电子元件,22.23,22.33,21.54,21.73,21.54,745933,16209124.09,2.7628,,,否,,,,,,否,304925337,26999002,6626027573.01,586688313.46,,,,21.16,20.77,20.54,20.51,19.82,20.82,18.02,1993-10-18,2018-04-27
2001-05-17,600680,*ST上普,电子元件,21.78,21.94,21.2,21.26,21.2,665840,14155758.40,2.4662,,,否,,,,,,否,304925337,26999002,6482712664.62,573998782.52,,,,21.35,20.80,20.62,20.51,19.86,20.86,18.04,1993-10-18,2018-04-27
2001-05-18,600680,*ST上普,电子元件,21.25,21.52,20.95,21.4,20.95,353103,7556404.20,1.3078,,,否,,,,,,否,304925337,26999002,6525402211.80,577778642.80,,,,21.48,20.90,20.69,20.52,19.90,20.90,18.05,1993-10-18,2018-04-27
2001-05-21,600680,*ST上普,电子元件,21.44,21.94,21.44,21.73,21.44,326556,7096061.88,1.2095,,,否,,,,,,否,304925337,26999002,6626027573.01,586688313.46,,,,21.61,21.04,20.79,20.55,19.95,20.93,18.07,1993-10-18,2018-04-27
2001-05-22,600680,*ST上普,电子元件,21.94,21.94,21.25,21.33,21.25,344002,7337562.66,1.2741,,,否,,,,,,否,304925337,26999002,6504057438.21,575888712.66,,,,21.49,21.16,20.87,20.57,19.97,20.96,18.09,1993-10-18,2018-04-27
2001-05-23,600680,*ST上普,电子元件,21.31,21.54,20.87,21.13,20.87,277647,5866681.11,1.0284,,,否,,,,,,否,304925337,26999002,6443072370.81,570488912.26,,,,21.37,21.26,20.90,20.59,19.99,20.99,18.11,1993-10-18,2018-04-27
2001-05-24,600680,*ST上普,电子元件,21.14,21.35,20.93,21.2,20.93,245474,5204048.80,0.9092,,,否,,,,,,否,304925337,26999002,6464417144.40,572378842.40,,,,21.36,21.36,20.93,20.64,20.05,21.00,18.13,1993-10-18,2018-04-27
2001-05-25,600680,*ST上普,电子元件,21.2,21.35,21.05,21.05,21.05,197302,4153207.10,0.7308,,,否,,,,,,否,304925337,26999002,6418678343.85,568328992.10,,,,21.29,21.39,20.97,20.67,20.09,21.00,18.15,1993-10-18,2018-04-27
2001-05-28,600680,*ST上普,电子元件,21.05,21.1,20.46,20.56,20.46,280310,5763173.60,1.0382,,,否,,,,,,否,304925337,26999002,6269264928.72,555099481.12,,,,21.05,21.33,20.98,20.68,20.12,20.99,18.17,1993-10-18,2018-04-27
2001-05-29,600680,*ST上普,电子元件,20.56,20.96,20.44,20.93,20.44,202580,4239999.40,0.7503,,,否,,,,,,否,304925337,26999002,6382087303.41,565089111.86,,,,20.97,21.23,20.98,20.71,20.15,20.99,18.19,1993-10-18,2018-04-27
2001-05-30,600680,*ST上普,电子元件,20.93,21.42,20.93,21.38,20.93,277271,5928053.98,1.0270,,,否,,,,,,否,304925337,26999002,6519303705.06,577238662.76,,,,21.02,21.20,20.98,20.76,20.19,20.98,18.22,1993-10-18,2018-04-27
2001-05-31,600680,*ST上普,电子元件,21.64,22.33,21.64,21.78,21.64,1016773,22145315.94,3.7660,,,否,,,,,,否,304925337,26999002,6641273839.86,588038263.56,,,,21.14,21.25,21.02,20.83,20.24,20.97,18.25,1993-10-18,2018-04-27
2001-06-01,600680,*ST上普,电子元件,21.94,22.24,21.35,21.55,21.35,628370,13541373.50,2.3274,,,否,,,,,,否,304925337,26999002,6571141012.35,581828493.10,,,,21.24,21.26,21.08,20.88,20.28,20.97,18.28,1993-10-18,2018-04-27
2001-06-04,600680,*ST上普,电子元件,21.74,22.53,21.74,22.13,21.74,1250764,27679407.32,4.6326,,,否,,,,,,否,304925337,26999002,6747997707.81,597487914.26,,,,21.55,21.30,21.17,20.96,20.34,20.97,18.31,1993-10-18,2018-04-27
2001-06-05,600680,*ST上普,电子元件,22.2,22.48,21.94,22.43,21.94,730993,16396172.99,2.7075,,,否,,,,,,否,304925337,26999002,6839475308.91,605587614.86,,,,21.85,21.41,21.29,21.05,20.40,20.97,18.34,1993-10-18,2018-04-27
2001-06-06,600680,*ST上普,电子元件,22.63,22.73,22.19,22.41,22.19,1106442,24795365.22,4.0981,,,否,,,,,,否,304925337,26999002,6833376802.17,605047634.82,,,,22.06,21.54,21.40,21.11,20.47,20.99,18.37,1993-10-18,2018-04-27
2001-06-07,600680,*ST上普,电子元件,22.56,22.56,21.72,21.76,21.72,550300,11974528.00,2.0382,,,否,,,,,,否,304925337,26999002,6635175333.12,587498283.52,,,,22.06,21.60,21.48,21.15,20.52,20.99,18.40,1993-10-18,2018-04-27
2001-06-08,600680,*ST上普,电子元件,21.74,21.74,21.31,21.49,21.31,353401,7594587.49,1.3089,,,否,,,,,,否,304925337,26999002,6552845492.13,580208552.98,,,,22.04,21.64,21.51,21.20,20.57,20.99,18.42,1993-10-18,2018-04-27
2001-06-11,600680,*ST上普,电子元件,21.48,21.74,21.44,21.54,21.44,305500,6580470.00,1.1315,,,否,,,,,,否,304925337,26999002,6568091758.98,581558503.08,,,,21.93,21.74,21.54,21.23,20.61,20.97,18.45,1993-10-18,2018-04-27
2001-06-12,600680,*ST上普,电子元件,21.83,21.83,21.35,21.56,21.35,326243,7033799.08,1.2084,,,否,,,,,,否,304925337,26999002,6574190265.72,582098483.12,,,,21.75,21.80,21.52,21.25,20.66,20.95,18.47,1993-10-18,2018-04-27
2001-06-13,600680,*ST上普,电子元件,21.57,22.11,21.4,21.96,21.4,220830,4849426.80,0.8179,,,否,,,,,,否,304925337,26999002,6696160400.52,592898083.92,,,,21.66,21.86,21.53,21.28,20.71,20.93,18.50,1993-10-18,2018-04-27
2001-06-14,600680,*ST上普,电子元件,21.96,22.02,21.44,21.46,21.44,323892,6950722.32,1.1996,,,否,,,,,,否,304925337,26999002,6543697732.02,579398582.92,,,,21.60,21.83,21.54,21.29,20.76,20.92,18.52,1993-10-18,2018-04-27
2001-06-15,600680,*ST上普,电子元件,21.25,21.54,21.13,21.2,21.13,535385,11350162.00,1.9830,,,否,,,,,,否,304925337,26999002,6464417144.40,572378842.40,,,,21.54,21.79,21.53,21.32,20.80,20.90,18.54,1993-10-18,2018-04-27
2001-06-18,600680,*ST上普,电子元件,21.34,21.38,20.06,20.14,20.06,603076,12145950.64,2.2337,,,否,,,,,,否,304925337,26999002,6141196287.18,543759900.28,,,,21.26,21.60,21.45,21.31,20.82,20.87,18.56,1993-10-18,2018-04-27
2001-06-19,600680,*ST上普,电子元件,20.04,20.26,19.67,20.19,19.67,295280,5961703.20,1.0937,,,否,,,,,,否,304925337,26999002,6156442554.03,545109850.38,,,,20.99,21.37,21.39,21.32,20.84,20.84,18.58,1993-10-18,2018-04-27
2001-06-20,600680,*ST上普,电子元件,20.16,20.67,20.01,20.31,20.01,205459,4172872.29,0.7610,,,否,,,,,,否,304925337,26999002,6193033594.47,548349730.62,,,,20.66,21.16,21.35,21.32,20.85,20.80,18.60,1993-10-18,2018-04-27
2001-06-21,600680,*ST上普,电子元件,20.31,20.51,20.16,20.35,20.16,108040,2198614.00,0.4002,,,否,,,,,,否,304925337,26999002,6205230607.95,549429690.70,,,,20.44,21.02,21.31,21.32,20.86,20.77,18.62,1993-10-18,2018-04-27
2001-06-22,600680,*ST上普,电子元件,20.36,20.56,20.21,20.25,20.21,227747,4611876.75,0.8435,,,否,,,,,,否,304925337,26999002,6174738074.25,546729790.50,,,,20.25,20.90,21.27,21.31,20.86,20.74,18.63,1993-10-18,2018-04-27
2001-06-25,600680,*ST上普,电子元件,20.14,20.31,19.99,20.31,19.99,240078,4875984.18,0.8892,,,否,,,,,,否,304925337,26999002,6193033594.47,548349730.62,,,,20.28,20.77,21.26,21.28,20.86,20.72,18.66,1993-10-18,2018-04-27
2001-06-26,600680,*ST上普,电子元件,20.36,20.7,20.31,20.57,20.31,205355,4224152.35,0.7606,,,否,,,,,,否,304925337,26999002,6272314182.09,555369471.14,,,,20.36,20.67,21.24,21.24,20.87,20.70,18.67,1993-10-18,2018-04-27
2001-06-27,600680,*ST上普,电子元件,19.93,20.9,19.93,20.28,19.93,133310,2703526.80,0.4938,,,否,,,,,,否,304925337,26999002,6183885834.36,547539760.56,,,,20.35,20.51,21.18,21.19,20.85,20.69,18.69,1993-10-18,2018-04-27
2001-06-28,600680,*ST上普,电子元件,20.26,20.41,20.02,20.15,20.02,212100,4273815.00,0.7856,,,否,,,,,,否,304925337,26999002,6144245540.55,544029890.30,,,,20.31,20.38,21.10,21.15,20.83,20.67,18.71,1993-10-18,2018-04-27
2001-06-29,600680,*ST上普,电子元件,20.15,20.45,20.15,20.24,20.15,84801,1716372.24,0.3141,,,否,,,,,,否,304925337,26999002,6171688820.88,546459800.48,,,,20.31,20.28,21.04,21.11,20.82,20.65,18.73,1993-10-18,2018-04-27
2001-07-02,600680,*ST上普,电子元件,20.25,20.26,19.86,19.94,19.86,168948,3368823.12,0.6258,,,否,,,,,,否,304925337,26999002,6080211219.78,538360099.88,,,,20.24,20.26,20.93,21.05,20.80,20.62,18.75,1993-10-18,2018-04-27
2001-07-03,600680,*ST上普,电子元件,19.94,20.08,19.77,19.93,19.77,142149,2833029.57,0.5265,,,否,,,,,,否,304925337,26999002,6077161966.41,538090109.86,,,,20.11,20.23,20.80,21.01,20.79,20.58,18.77,1993-10-18,2018-04-27
2001-07-04,600680,*ST上普,电子元件,19.89,19.93,19.28,19.37,19.28,411743,7975461.91,1.5250,,,否,,,,,,否,304925337,26999002,5906403777.69,522970668.74,,,,19.93,20.14,20.65,20.95,20.77,20.54,18.78,1993-10-18,2018-04-27
2001-07-05,600680,*ST上普,电子元件,19.37,19.37,18.98,19.01,18.98,195600,3718356.00,0.7245,,,否,,,,,,否,304925337,26999002,5796630656.37,513251028.02,,,,19.70,20.01,20.51,20.87,20.76,20.50,18.80,1993-10-18,2018-04-27
2001-07-06,600680,*ST上普,电子元件,19.05,19.19,18.9,18.94,18.9,272400,5159256.00,1.0089,,,否,,,,,,否,304925337,26999002,5775285882.78,511361097.88,,,,19.44,19.87,20.39,20.80,20.74,20.46,18.81,1993-10-18,2018-04-27
2001-07-09,600680,*ST上普,电子元件,18.9,18.95,18.56,18.73,18.56,203210,3806123.30,0.7527,,,否,,,,,,否,304925337,26999002,5711251562.01,505691307.46,,,,19.20,19.72,20.24,20.74,20.71,20.41,18.83,1993-10-18,2018-04-27
2001-07-10,600680,*ST上普,电子元件,18.75,19.05,18.61,19.05,18.61,130520,2486406.00,0.4834,,,否,,,,,,否,304925337,26999002,5808827669.85,514330988.10,,,,19.02,19.56,20.12,20.68,20.69,20.36,18.85,1993-10-18,2018-04-27
2001-07-11,600680,*ST上普,电子元件,19.1,19.28,19.05,19.1,19.05,131805,2517475.50,0.4882,,,否,,,,,,否,304925337,26999002,5824073936.70,515680938.20,,,,18.97,19.45,19.98,20.60,20.68,20.32,18.86,1993-10-18,2018-04-27
2001-07-12,600680,*ST上普,电子元件,19.1,19.2,18.41,18.73,18.41,112900,2114617.00,0.4182,,,否,,,,,,否,304925337,26999002,5711251562.01,505691307.46,,,,18.91,19.30,19.84,20.50,20.67,20.28,18.87,1993-10-18,2018-04-27
2001-07-13,600680,*ST上普,电子元件,19.1,19.1,18.31,18.86,18.31,188970,3563974.20,0.6999,,,否,,,,,,否,304925337,26999002,5750891855.82,509201177.72,,,,18.89,19.17,19.72,20.41,20.65,20.24,18.89,1993-10-18,2018-04-27
2001-07-16,600680,*ST上普,电子元件,18.98,19.01,18.61,18.65,18.61,137009,2555217.85,0.5075,,,否,,,,,,否,304925337,26999002,5686857535.05,503531387.30,,,,18.88,19.04,19.65,20.30,20.63,20.20,18.90,1993-10-18,2018-04-27
2001-07-17,600680,*ST上普,电子元件,18.9,19.28,17.81,18.3,17.81,1085522,19865052.60,4.0206,,,否,,,,,,否,304925337,26999002,5580133667.10,494081736.60,,,,18.73,18.87,19.55,20.16,20.60,20.17,18.92,1993-10-18,2018-04-27
2001-07-18,600680,*ST上普,电子元件,18.3,19.15,18.11,18.66,18.11,1330005,24817893.30,4.9261,,,否,,,,,,否,304925337,26999002,5689906788.42,503801377.32,,,,18.64,18.80,19.47,20.03,20.57,20.13,18.93,1993-10-18,2018-04-27
2001-07-19,600680,*ST上普,电子元件,18.45,18.71,18.45,18.66,18.45,225927,4215797.82,0.8368,,,否,,,,,,否,304925337,26999002,5689906788.42,503801377.32,,,,18.63,18.77,19.39,19.93,20.54,20.10,18.95,1993-10-18,2018-04-27
2001-07-20,600680,*ST上普,电子元件,18.66,19.06,18.66,18.8,18.66,321370,6041756.00,1.1903,,,否,,,,,,否,304925337,26999002,5732596335.60,507581237.60,,,,18.61,18.75,19.31,19.84,20.52,20.07,18.96,1993-10-18,2018-04-27
2001-07-23,600680,*ST上普,电子元件,19.05,19.17,18.86,19.01,18.86,299032,5684598.32,1.1076,,,否,,,,,,否,304925337,26999002,5796630656.37,513251028.02,,,,18.69,18.78,19.25,19.76,20.50,20.04,18.98,1993-10-18,2018-04-27
2001-07-24,600680,*ST上普,电子元件,18.98,19.04,18.51,18.6,18.51,443006,8239911.60,1.6408,,,否,,,,,,否,304925337,26999002,5671611268.20,502181437.20,,,,18.75,18.74,19.15,19.66,20.46,20.02,19.00,1993-10-18,2018-04-27
2001-07-25,600680,*ST上普,电子元件,18.41,19.0,18.41,18.62,18.41,159300,2966166.00,0.5900,,,否,,,,,,否,304925337,26999002,5677709774.94,502721417.24,,,,18.74,18.69,19.07,19.55,20.41,20.00,19.01,1993-10-18,2018-04-27
2001-07-26,600680,*ST上普,电子元件,18.61,18.75,18.31,18.38,18.31,140400,2580552.00,0.5200,,,否,,,,,,否,304925337,26999002,5604527694.06,496241656.76,,,,18.68,18.65,18.98,19.44,20.37,19.98,19.03,1993-10-18,2018-04-27
2001-07-27,600680,*ST上普,电子元件,18.41,18.46,17.99,18.02,17.99,169319,3051128.38,0.6271,,,否,,,,,,否,304925337,26999002,5494754572.74,486522016.04,,,,18.53,18.57,18.87,19.34,20.33,19.97,19.04,1993-10-18,2018-04-27
2001-07-30,600680,*ST上普,电子元件,18.02,18.31,16.87,16.87,16.87,230700,3891909.00,0.8545,,,否,,,,,,否,304925337,26999002,5144090435.19,455473163.74,,,,18.10,18.39,18.71,19.23,20.27,19.94,19.05,1993-10-18,2018-04-27
2001-07-31,600680,*ST上普,电子元件,16.86,17.3,16.13,16.33,16.13,189375,3092493.75,0.7014,,,否,,,,,,否,304925337,26999002,4979430753.21,440893702.66,,,,17.64,18.20,18.53,19.10,20.21,19.91,19.06,1993-10-18,2018-04-27
2001-08-01,600680,*ST上普,电子元件,16.38,16.91,16.24,16.73,16.24,277381,4640584.13,1.0274,,,否,,,,,,否,304925337,26999002,5101400888.01,451693303.46,,,,17.27,18.00,18.40,18.98,20.15,19.88,19.07,1993-10-18,2018-04-27
2001-08-02,600680,*ST上普,电子元件,16.78,16.93,16.23,16.63,16.23,436919,7265962.97,1.6183,,,否,,,,,,否,304925337,26999002,5070908354.31,448993403.26,,,,16.92,17.80,18.28,18.86,20.09,19.86,19.07,1993-10-18,2018-04-27
2001-08-03,600680,*ST上普,电子元件,16.58,16.78,16.43,16.57,16.43,131847,2184704.79,0.4883,,,否,,,,,,否,304925337,26999002,5052612834.09,447373463.14,,,,16.63,17.58,18.17,18.73,20.02,19.84,19.08,1993-10-18,2018-04-27
2001-08-06,600680,*ST上普,电子元件,16.64,16.64,15.74,15.91,15.74,196450,3125519.50,0.7276,,,否,,,,,,否,304925337,26999002,4851362111.67,429554121.82,,,,16.43,17.27,18.02,18.59,19.94,19.82,19.08,1993-10-18,2018-04-27
2001-08-07,600680,*ST上普,电子元件,15.93,16.69,15.91,16.43,15.91,209379,3440096.97,0.7755,,,否,,,,,,否,304925337,26999002,5009923286.91,443593602.86,,,,16.45,17.05,17.89,18.45,19.84,19.80,19.09,1993-10-18,2018-04-27
2001-08-08,600680,*ST上普,电子元件,16.53,16.61,16.09,16.38,16.09,89400,1464372.00,0.3311,,,否,,,,,,否,304925337,26999002,4994677020.06,442243652.76,,,,16.38,16.83,17.76,18.32,19.75,19.78,19.10,1993-10-18,2018-04-27
2001-08-09,600680,*ST上普,电子元件,16.4,16.87,16.4,16.87,16.4,209904,3541080.48,0.7775,,,否,,,,,,否,304925337,26999002,5144090435.19,455473163.74,,,,16.43,16.67,17.66,18.21,19.68,19.77,19.10,1993-10-18,2018-04-27
2001-08-10,600680,*ST上普,电子元件,17.0,17.41,16.99,17.24,16.99,283194,4882264.56,1.0489,,,否,,,,,,否,304925337,26999002,5256912809.88,465462794.48,,,,16.57,16.60,17.58,18.11,19.61,19.76,19.11,1993-10-18,2018-04-27
2001-08-13,600680,*ST上普,电子元件,17.44,17.52,17.2,17.26,17.2,171230,2955429.80,0.6342,,,否,,,,,,否,304925337,26999002,5263011316.62,466002774.52,,,,16.84,16.64,17.51,18.02,19.54,19.75,19.12,1993-10-18,2018-04-27
2001-08-14,600680,*ST上普,电子元件,17.27,17.37,16.73,16.92,16.73,135063,2285265.96,0.5003,,,否,,,,,,否,304925337,26999002,5159336702.04,456823113.84,,,,16.93,16.69,17.44,17.92,19.46,19.72,19.13,1993-10-18,2018-04-27
2001-08-15,600680,*ST上普,电子元件,16.82,17.07,16.81,16.96,16.81,291731,4947757.76,1.0805,,,否,,,,,,否,304925337,26999002,5171533715.52,457903073.92,,,,17.05,16.72,17.36,17.84,19.39,19.69,19.14,1993-10-18,2018-04-27
2001-08-16,600680,*ST上普,电子元件,17.02,17.02,16.81,16.81,16.81,61300,1030453.00,0.2270,,,否,,,,,,否,304925337,26999002,5125794914.97,453853223.62,,,,17.04,16.74,17.27,17.77,19.32,19.68,19.15,1993-10-18,2018-04-27
2001-08-17,600680,*ST上普,电子元件,16.83,16.83,16.53,16.68,16.53,64680,1078862.40,0.2396,,,否,,,,,,否,304925337,26999002,5086154621.16,450343353.36,,,,16.93,16.75,17.16,17.69,19.25,19.67,19.15,1993-10-18,2018-04-27
2001-08-20,600680,*ST上普,电子元件,16.73,16.83,16.56,16.82,16.56,62000,1042840.00,0.2296,,,否,,,,,,否,304925337,26999002,5128844168.34,454123213.64,,,,16.84,16.84,17.05,17.63,19.19,19.65,19.16,1993-10-18,2018-04-27
2001-08-21,600680,*ST上普,电子元件,16.82,16.97,16.73,16.82,16.73,552420,9291704.40,2.0461,,,否,,,,,,否,304925337,26999002,5128844168.34,454123213.64,,,,16.82,16.88,16.96,17.55,19.12,19.64,19.16,1993-10-18,2018-04-27
2001-08-22,600680,*ST上普,电子元件,16.82,16.96,15.84,16.32,15.84,453769,7405510.08,1.6807,,,否,,,,,,否,304925337,26999002,4976381499.84,440623712.64,,,,16.69,16.87,16.85,17.46,19.03,19.61,19.17,1993-10-18,2018-04-27
2001-08-23,600680,*ST上普,电子元件,16.04,16.23,15.88,16.13,15.88,207419,3345668.47,0.7682,,,否,,,,,,否,304925337,26999002,4918445685.81,435493902.26,,,,16.55,16.80,16.74,17.37,18.94,19.59,19.17,1993-10-18,2018-04-27
2001-08-24,600680,*ST上普,电子元件,16.08,16.43,15.93,16.01,15.93,136220,2180882.20,0.5045,,,否,,,,,,否,304925337,26999002,4881854645.37,432254022.02,,,,16.42,16.67,16.63,17.28,18.85,19.56,19.17,1993-10-18,2018-04-27
2001-08-27,600680,*ST上普,电子元件,15.93,15.93,15.34,15.44,15.34,275130,4248007.20,1.0190,,,否,,,,,,否,304925337,26999002,4708047203.28,416864590.88,,,,16.14,16.49,16.56,17.17,18.73,19.54,19.17,1993-10-18,2018-04-27
2001-08-28,600680,*ST上普,电子元件,15.24,15.72,15.16,15.72,15.16,130633,2053550.76,0.4838,,,否,,,,,,否,304925337,26999002,4793426297.64,424424311.44,,,,15.92,16.37,16.53,17.09,18.62,19.51,19.17,1993-10-18,2018-04-27
2001-08-29,600680,*ST上普,电子元件,15.79,16.33,15.64,15.93,15.64,196850,3135820.50,0.7291,,,否,,,,,,否,304925337,26999002,4857460618.41,430094101.86,,,,15.85,16.27,16.49,17.00,18.52,19.49,19.17,1993-10-18,2018-04-27
2001-08-30,600680,*ST上普,电子元件,15.64,15.85,15.59,15.8,15.59,58350,921930.00,0.2161,,,否,,,,,,否,304925337,26999002,4817820324.60,426584231.60,,,,15.78,16.17,16.45,16.90,18.42,19.47,19.17,1993-10-18,2018-04-27
2001-08-31,600680,*ST上普,电子元件,15.64,16.13,15.64,15.93,15.64,76877,1224650.61,0.2847,,,否,,,,,,否,304925337,26999002,4857460618.41,430094101.86,,,,15.76,16.09,16.42,16.80,18.32,19.45,19.17,1993-10-18,2018-04-27
2001-09-03,600680,*ST上普,电子元件,15.93,16.03,15.66,15.85,15.66,53182,842934.70,0.1970,,,否,,,,,,否,304925337,26999002,4833066591.45,427934181.70,,,,15.85,16.00,16.42,16.70,18.23,19.42,19.17,1993-10-18,2018-04-27
2001-09-04,600680,*ST上普,电子元件,15.88,17.43,15.88,17.43,15.88,1149499,20035767.57,4.2576,,,否,,,,,,是,304925337,26999002,5314848623.91,470592604.86,,,,16.19,16.06,16.47,16.66,18.16,19.41,19.18,1993-10-18,2018-04-27
2001-09-05,600680,*ST上普,电子元件,17.63,19.16,17.55,18.37,17.55,3651973,67086744.01,13.5263,,,否,,,,,,否,304925337,26999002,5601478440.69,495971666.74,,,,16.68,16.26,16.57,16.65,18.10,19.41,19.19,1993-10-18,2018-04-27
2001-09-06,600680,*ST上普,电子元件,18.11,18.5,17.91,18.43,17.91,1502763,27695922.09,5.5660,,,否,,,,,,否,304925337,26999002,5619773960.91,497591606.86,,,,17.20,16.49,16.64,16.65,18.05,19.40,19.20,1993-10-18,2018-04-27
2001-09-07,600680,*ST上普,电子元件,18.29,18.29,17.02,17.07,17.02,1315823,22461098.61,4.8736,,,否,,,,,,否,304925337,26999002,5205075502.59,460872964.14,,,,17.43,16.60,16.64,16.62,17.98,19.39,19.21,1993-10-18,2018-04-27
2001-09-10,600680,*ST上普,电子元件,16.82,18.7,16.58,18.6,16.58,2601213,48382561.80,9.6345,,,否,,,,,,否,304925337,26999002,5671611268.20,502181437.20,,,,17.98,16.91,16.70,16.68,17.95,19.39,19.22,1993-10-18,2018-04-27
2001-09-11,600680,*ST上普,电子元件,18.49,18.88,18.19,18.51,18.19,1494691,27666730.41,5.5361,,,否,,,,,,否,304925337,26999002,5644167987.87,499751527.02,,,,18.20,17.19,16.78,16.75,17.93,19.38,19.23,1993-10-18,2018-04-27
2001-09-12,600680,*ST上普,电子元件,17.81,18.46,17.37,18.31,17.37,899853,16476308.43,3.3329,,,否,,,,,,否,304925337,26999002,5583182920.47,494351726.62,,,,18.18,17.43,16.85,16.81,17.89,19.37,19.24,1993-10-18,2018-04-27
2001-09-13,600680,*ST上普,电子元件,18.31,18.61,17.91,18.03,17.91,537980,9699779.40,1.9926,,,否,,,,,,否,304925337,26999002,5497803826.11,486792006.06,,,,18.10,17.65,16.91,16.85,17.85,19.36,19.24,1993-10-18,2018-04-27
2001-09-14,600680,*ST上普,电子元件,17.96,18.29,17.62,17.72,17.62,495189,8774749.08,1.8341,,,否,,,,,,否,304925337,26999002,5403276971.64,478422315.44,,,,18.23,17.83,16.96,16.89,17.81,19.33,19.24,1993-10-18,2018-04-27
2001-09-17,600680,*ST上普,电子元件,17.62,17.96,17.43,17.71,17.43,382573,6775367.83,1.4170,,,否,,,,,,否,304925337,26999002,5400227718.27,478152325.42,,,,18.06,18.02,17.01,16.95,17.77,19.32,19.25,1993-10-18,2018-04-27
2001-09-18,600680,*ST上普,电子元件,17.79,18.29,17.7,17.98,17.7,359357,6461238.86,1.3310,,,否,,,,,,否,304925337,26999002,5482557559.26,485442055.96,,,,17.95,18.07,17.06,17.00,17.73,19.30,19.25,1993-10-18,2018-04-27
2001-09-19,600680,*ST上普,电子元件,18.06,19.78,18.06,19.6,18.06,3708908,72694596.80,13.7372,,,否,,,,,,否,304925337,26999002,5976536605.20,529180439.20,,,,18.21,18.20,17.23,17.11,17.71,19.28,19.27,1993-10-18,2018-04-27
2001-09-20,600680,*ST上普,电子元件,19.5,19.58,18.82,19.11,18.82,2108447,40292422.17,7.8094,,,否,,,,,,否,304925337,26999002,5827123190.07,515950928.22,,,,18.42,18.26,17.38,17.18,17.70,19.26,19.28,1993-10-18,2018-04-27
2001-09-21,600680,*ST上普,电子元件,19.2,19.51,18.86,19.15,18.86,863751,16540831.65,3.1992,,,否,,,,,,否,304925337,26999002,5839320203.55,517030888.30,,,,18.71,18.47,17.53,17.25,17.68,19.25,19.29,1993-10-18,2018-04-27
2001-09-24,600680,*ST上普,电子元件,19.28,19.99,19.25,19.56,19.25,1248269,24416141.64,4.6234,,,否,,,,,,否,304925337,26999002,5964339591.72,528100479.12,,,,19.08,18.57,17.74,17.32,17.67,19.24,19.31,1993-10-18,2018-04-27
2001-09-25,600680,*ST上普,电子元件,19.77,19.94,18.87,19.08,18.87,900547,17182436.76,3.3355,,,否,,,,,,否,304925337,26999002,5817975429.96,515140958.16,,,,19.30,18.63,17.91,17.40,17.66,19.22,19.32,1993-10-18,2018-04-27
2001-09-26,600680,*ST上普,电子元件,19.1,19.2,18.39,18.49,18.39,785609,14525910.41,2.9098,,,否,,,,,,否,304925337,26999002,5638069481.13,499211546.98,,,,19.08,18.64,18.04,17.45,17.64,19.21,19.33,1993-10-18,2018-04-27
2001-09-27,600680,*ST上普,电子元件,18.67,19.5,18.41,19.25,18.41,663974,12781499.50,2.4593,,,否,,,,,,否,304925337,26999002,5869812737.25,519730788.50,,,,19.11,18.77,18.21,17.53,17.65,19.20,19.35,1993-10-18,2018-04-27
2001-09-28,600680,*ST上普,电子元件,19.39,19.48,18.99,19.08,18.99,576780,11004962.40,2.1363,,,否,,,,,,否,304925337,26999002,5817975429.96,515140958.16,,,,19.09,18.90,18.37,17.61,17.65,19.19,19.36,1993-10-18,2018-04-27
2001-10-08,600680,*ST上普,电子元件,19.3,19.45,18.56,18.8,18.56,345344,6492467.20,1.2791,,,否,,,,,,否,304925337,26999002,5732596335.60,507581237.60,,,,18.94,19.01,18.51,17.67,17.65,19.18,19.37,1993-10-18,2018-04-27
2001-10-09,600680,*ST上普,电子元件,18.62,19.28,18.62,19.08,18.62,348240,6644419.20,1.2898,,,否,,,,,,否,304925337,26999002,5817975429.96,515140958.16,,,,18.94,19.12,18.60,17.75,17.65,19.17,19.39,1993-10-18,2018-04-27
2001-10-10,600680,*ST上普,电子元件,19.15,19.15,17.75,18.01,17.75,906215,16320932.15,3.3565,,,否,,,,,,否,304925337,26999002,5491705319.37,486252026.02,,,,18.84,18.96,18.58,17.81,17.63,19.16,19.40,1993-10-18,2018-04-27
2001-10-11,600680,*ST上普,电子元件,18.36,18.36,17.58,17.72,17.58,526812,9335108.64,1.9512,,,否,,,,,,否,304925337,26999002,5403276971.64,478422315.44,,,,18.54,18.82,18.54,17.86,17.62,19.14,19.40,1993-10-18,2018-04-27
2001-10-12,600680,*ST上普,电子元件,17.81,18.8,16.94,18.41,16.94,1000732,18423476.12,3.7066,,,否,,,,,,否,304925337,26999002,5613675454.17,497051626.82,,,,18.40,18.75,18.61,17.94,17.61,19.13,19.42,1993-10-18,2018-04-27
2001-10-15,600680,*ST上普,电子元件,18.47,19.21,18.11,18.92,18.11,864748,16361032.16,3.2029,,,否,,,,,,否,304925337,26999002,5769187376.04,510821117.84,,,,18.43,18.68,18.63,18.06,17.61,19.12,19.43,1993-10-18,2018-04-27
2001-10-16,600680,*ST上普,电子元件,19.0,19.08,18.41,18.5,18.41,462050,8547925.00,1.7114,,,否,,,,,,否,304925337,26999002,5641118734.50,499481537.00,,,,18.31,18.63,18.63,18.15,17.62,19.11,19.45,1993-10-18,2018-04-27
2001-10-17,600680,*ST上普,电子元件,18.8,18.8,18.11,18.41,18.11,282262,5196443.42,1.0455,,,否,,,,,,否,304925337,26999002,5613675454.17,497051626.82,,,,18.39,18.62,18.63,18.23,17.61,19.09,19.46,1993-10-18,2018-04-27
2001-10-18,600680,*ST上普,电子元件,18.51,18.57,17.84,18.03,17.84,297890,5370956.70,1.1033,,,否,,,,,,否,304925337,26999002,5497803826.11,486792006.06,,,,18.45,18.50,18.63,18.30,17.60,19.07,19.48,1993-10-18,2018-04-27
2001-10-19,600680,*ST上普,电子元件,17.84,18.06,17.02,17.47,17.02,585465,10228073.55,2.1685,,,否,,,,,,否,304925337,26999002,5327045637.39,471672564.94,,,,18.27,18.34,18.62,18.36,17.58,19.05,19.49,1993-10-18,2018-04-27
2001-10-22,600680,*ST上普,电子元件,17.18,17.47,16.7,16.71,16.7,468570,7829804.70,1.7355,,,否,,,,,,否,304925337,26999002,5095302381.27,451153323.42,,,,17.82,18.13,18.57,18.38,17.54,19.02,19.49,1993-10-18,2018-04-27
2001-10-23,600680,*ST上普,电子元件,18.38,18.38,17.87,18.38,17.87,1052349,19342174.62,3.8977,,,否,,,,,,是,304925337,26999002,5604527694.06,496241656.76,,,,17.80,18.06,18.59,18.42,17.54,19.00,19.51,1993-10-18,2018-04-27
2001-10-24,600680,*ST上普,电子元件,19.22,19.97,18.53,19.39,18.53,2833867,54948681.13,10.4962,,,否,,,,,,否,304925337,26999002,5912502284.43,523510648.78,,,,18.00,18.19,18.58,18.45,17.55,18.98,19.53,1993-10-18,2018-04-27
2001-10-25,600680,*ST上普,电子元件,20.29,20.39,19.1,19.2,19.1,1823097,35003462.40,6.7525,,,否,,,,,,否,304925337,26999002,5854566470.40,518380838.40,,,,18.23,18.34,18.58,18.48,17.56,18.97,19.54,1993-10-18,2018-04-27
2001-10-26,600680,*ST上普,电子元件,19.1,19.49,18.91,19.1,18.91,719169,13736127.90,2.6637,,,否,,,,,,否,304925337,26999002,5824073936.70,515680938.20,,,,18.56,18.41,18.58,18.54,17.58,18.96,19.56,1993-10-18,2018-04-27
2001-10-30,600680,*ST上普,电子元件,19.49,19.6,19.0,19.42,19.0,835051,16216690.42,3.0929,,,否,,,,,,否,304925337,26999002,5921650044.54,524320618.84,,,,19.10,18.46,18.57,18.57,17.63,18.95,19.58,1993-10-18,2018-04-27
2001-10-31,600680,*ST上普,电子元件,19.38,19.6,19.08,19.48,19.08,394393,7682775.64,1.4608,,,否,,,,,,否,304925337,26999002,5939945564.76,525940558.96,,,,19.32,18.56,18.59,18.60,17.68,18.94,19.59,1993-10-18,2018-04-27
2001-11-01,600680,*ST上普,电子元件,19.54,19.78,19.4,19.53,19.4,761781,14877582.93,2.8215,,,否,,,,,,否,304925337,26999002,5955191831.61,527290509.06,,,,19.35,18.67,18.64,18.64,17.72,18.94,19.61,1993-10-18,2018-04-27
2001-11-02,600680,*ST上普,电子元件,19.5,19.5,19.0,19.05,19.0,410876,7827187.80,1.5218,,,否,,,,,,否,304925337,26999002,5808827669.85,514330988.10,,,,19.32,18.77,18.63,18.68,17.76,18.93,19.63,1993-10-18,2018-04-27
2001-11-05,600680,*ST上普,电子元件,18.95,18.96,18.41,18.6,18.41,479253,8914105.80,1.7751,,,否,,,,,,否,304925337,26999002,5671611268.20,502181437.20,,,,19.22,18.89,18.61,18.71,17.80,18.91,19.64,1993-10-18,2018-04-27
2001-11-06,600680,*ST上普,电子元件,18.42,19.05,18.42,18.63,18.42,260350,4850320.50,0.9643,,,否,,,,,,否,304925337,26999002,5680759028.31,502991407.26,,,,19.06,19.08,18.60,18.74,17.84,18.89,19.66,1993-10-18,2018-04-27
2001-11-07,600680,*ST上普,电子元件,18.52,18.71,17.62,17.72,17.62,708241,12550030.52,2.6232,,,否,,,,,,否,304925337,26999002,5403276971.64,478422315.44,,,,18.71,19.01,18.53,18.73,17.87,18.85,19.67,1993-10-18,2018-04-27
2001-11-08,600680,*ST上普,电子元件,17.52,18.21,17.15,18.01,17.15,559214,10071444.14,2.0712,,,否,,,,,,否,304925337,26999002,5491705319.37,486252026.02,,,,18.40,18.87,18.53,18.68,17.89,18.82,19.68,1993-10-18,2018-04-27
2001-11-09,600680,*ST上普,电子元件,17.99,18.9,17.52,18.43,17.52,577223,10638219.89,2.1379,,,否,,,,,,否,304925337,26999002,5619773960.91,497591606.86,,,,18.28,18.80,18.57,18.65,17.92,18.80,19.69,1993-10-18,2018-04-27
2001-11-12,600680,*ST上普,电子元件,18.59,18.75,18.16,18.16,18.16,227200,4125952.00,0.8415,,,否,,,,,,否,304925337,26999002,5537444119.92,490301876.32,,,,18.19,18.70,18.56,18.62,17.93,18.77,19.70,1993-10-18,2018-04-27
2001-11-13,600680,*ST上普,电子元件,17.89,19.15,17.83,18.26,17.83,586724,10713580.24,2.1731,,,否,,,,,,否,304925337,26999002,5567936653.62,493001776.52,,,,18.12,18.59,18.52,18.58,17.95,18.74,19.70,1993-10-18,2018-04-27
2001-11-14,600680,*ST上普,电子元件,18.41,18.8,18.26,18.47,18.26,230109,4250113.23,0.8523,,,否,,,,,,否,304925337,26999002,5631970974.39,498671566.94,,,,18.27,18.49,18.52,18.56,17.98,18.72,19.71,1993-10-18,2018-04-27
2001-11-15,600680,*ST上普,电子元件,18.69,18.85,18.41,18.71,18.41,427290,7994595.90,1.5826,,,否,,,,,,否,304925337,26999002,5705153055.27,505151327.42,,,,18.41,18.40,18.54,18.56,18.01,18.70,19.72,1993-10-18,2018-04-27
2001-11-16,600680,*ST上普,电子元件,20.14,20.29,18.9,18.91,18.9,1229887,23257163.17,4.5553,,,否,,,,,,否,304925337,26999002,5766138122.67,510551127.82,,,,18.50,18.39,18.58,18.55,18.04,18.68,19.73,1993-10-18,2018-04-27
2001-11-19,600680,*ST上普,电子元件,18.95,19.1,18.81,19.0,18.81,320275,6085225.00,1.1862,,,否,,,,,,否,304925337,26999002,5793581403.00,512981038.00,,,,18.67,18.43,18.66,18.55,18.08,18.66,19.75,1993-10-18,2018-04-27
2001-11-20,600680,*ST上普,电子元件,19.0,19.25,19.0,19.15,19.0,384766,7368268.90,1.4251,,,否,,,,,,否,304925337,26999002,5839320203.55,517030888.30,,,,18.85,18.48,18.78,18.56,18.12,18.65,19.76,1993-10-18,2018-04-27
2001-11-21,600680,*ST上普,电子元件,19.18,19.2,18.7,18.92,18.7,582400,11019008.00,2.1571,,,否,,,,,,否,304925337,26999002,5769187376.04,510821117.84,,,,18.94,18.60,18.81,18.56,18.15,18.64,19.77,1993-10-18,2018-04-27
2001-11-22,600680,*ST上普,电子元件,18.92,19.38,18.73,19.2,18.73,500434,9608332.80,1.8535,,,否,,,,,,否,304925337,26999002,5854566470.40,518380838.40,,,,19.04,18.72,18.80,18.60,18.20,18.62,19.78,1993-10-18,2018-04-27
2001-11-23,600680,*ST上普,电子元件,19.25,19.35,18.8,18.91,18.8,316350,5982178.50,1.1717,,,否,,,,,,否,304925337,26999002,5766138122.67,510551127.82,,,,19.04,18.77,18.78,18.64,18.25,18.59,19.79,1993-10-18,2018-04-27
2001-11-26,600680,*ST上普,电子元件,18.79,18.95,18.54,18.78,18.54,333858,6269853.24,1.2366,,,否,,,,,,否,304925337,26999002,5726497828.86,507041257.56,,,,18.99,18.83,18.77,18.65,18.29,18.57,19.79,1993-10-18,2018-04-27
2001-11-27,600680,*ST上普,电子元件,18.69,19.08,18.69,19.08,18.69,252829,4823977.32,0.9364,,,否,,,,,,否,304925337,26999002,5817975429.96,515140958.16,,,,18.98,18.91,18.75,18.65,18.35,18.54,19.80,1993-10-18,2018-04-27
2001-11-28,600680,*ST上普,电子元件,19.3,19.38,19.08,19.16,19.08,493347,9452528.52,1.8273,,,否,,,,,,否,304925337,26999002,5842369456.92,517300878.32,,,,19.03,18.98,18.73,18.68,18.41,18.52,19.81,1993-10-18,2018-04-27
2001-11-29,600680,*ST上普,电子元件,19.1,19.59,19.1,19.27,19.1,617047,11890495.69,2.2854,,,否,,,,,,否,304925337,26999002,5875911243.99,520270768.54,,,,19.04,19.04,18.72,18.70,18.47,18.49,19.81,1993-10-18,2018-04-27
2001-11-30,600680,*ST上普,电子元件,19.2,19.69,19.2,19.55,19.2,610868,11942469.40,2.2626,,,否,,,,,,否,304925337,26999002,5961290338.35,527830489.10,,,,19.17,19.10,18.75,18.76,18.53,18.47,19.81,1993-10-18,2018-04-27
2001-12-03,600680,*ST上普,电子元件,19.7,19.7,19.46,19.49,19.46,549315,10706149.35,2.0346,,,否,,,,,,否,304925337,26999002,5942994818.13,526210548.98,,,,19.31,19.15,18.79,18.82,18.59,18.46,19.81,1993-10-18,2018-04-27
2001-12-04,600680,*ST上普,电子元件,19.52,19.55,19.28,19.55,19.28,426637,8340753.35,1.5802,,,否,,,,,,否,304925337,26999002,5961290338.35,527830489.10,,,,19.40,19.19,18.84,18.92,18.65,18.44,19.80,1993-10-18,2018-04-27
2001-12-05,600680,*ST上普,电子元件,19.55,19.55,19.01,19.05,19.01,442345,8426672.25,1.6384,,,否,,,,,,否,304925337,26999002,5808827669.85,514330988.10,,,,19.38,19.20,18.90,18.94,18.68,18.42,19.79,1993-10-18,2018-04-27
2001-12-06,600680,*ST上普,电子元件,18.8,19.28,18.8,19.05,18.8,303201,5775979.05,1.1230,,,否,,,,,,否,304925337,26999002,5808827669.85,514330988.10,,,,19.34,19.19,18.96,18.93,18.69,18.39,19.77,1993-10-18,2018-04-27
2001-12-07,600680,*ST上普,电子元件,19.0,19.11,18.85,18.94,18.85,235100,4452794.00,0.8708,,,否,,,,,,否,304925337,26999002,5775285882.78,511361097.88,,,,19.22,19.19,18.98,18.92,18.70,18.37,19.76,1993-10-18,2018-04-27
2001-12-10,600680,*ST上普,电子元件,18.84,19.22,18.8,19.2,18.8,163131,3132115.20,0.6042,,,否,,,,,,否,304925337,26999002,5854566470.40,518380838.40,,,,19.16,19.23,19.03,18.92,18.73,18.36,19.75,1993-10-18,2018-04-27
2001-12-11,600680,*ST上普,电子元件,19.12,19.18,18.9,18.9,18.9,88287,1668624.30,0.3270,,,否,,,,,,否,304925337,26999002,5763088869.30,510281137.80,,,,19.03,19.22,19.06,18.91,18.74,18.35,19.74,1993-10-18,2018-04-27
2001-12-12,600680,*ST上普,电子元件,18.93,18.95,18.8,18.88,18.8,135669,2561430.72,0.5025,,,否,,,,,,否,304925337,26999002,5756990362.56,509741157.76,,,,18.99,19.19,19.09,18.89,18.74,18.34,19.72,1993-10-18,2018-04-27
2001-12-13,600680,*ST上普,电子元件,18.81,18.94,18.37,18.38,18.37,301310,5538077.80,1.1160,,,否,,,,,,否,304925337,26999002,5604527694.06,496241656.76,,,,18.86,19.10,19.07,18.85,18.75,18.32,19.71,1993-10-18,2018-04-27
2001-12-14,600680,*ST上普,电子元件,18.39,18.61,18.17,18.32,18.17,185580,3399825.60,0.6874,,,否,,,,,,否,304925337,26999002,5586232173.84,494621716.64,,,,18.74,18.98,19.04,18.82,18.75,18.30,19.70,1993-10-18,2018-04-27
2001-12-17,600680,*ST上普,电子元件,18.41,18.43,17.91,18.03,17.91,172800,3115584.00,0.6400,,,否,,,,,,否,304925337,26999002,5497803826.11,486792006.06,,,,18.50,18.83,18.99,18.80,18.76,18.28,19.68,1993-10-18,2018-04-27
2001-12-18,600680,*ST上普,电子元件,18.05,18.49,18.05,18.48,18.05,150349,2778449.52,0.5569,,,否,,,,,,否,304925337,26999002,5635020227.76,498941556.96,,,,18.42,18.72,18.96,18.80,18.77,18.27,19.66,1993-10-18,2018-04-27
2001-12-19,600680,*ST上普,电子元件,18.41,18.51,18.23,18.25,18.23,99390,1813867.50,0.3681,,,否,,,,,,否,304925337,26999002,5564887400.25,492731786.50,,,,18.29,18.64,18.92,18.82,18.77,18.25,19.64,1993-10-18,2018-04-27
2001-12-20,600680,*ST上普,电子元件,17.92,18.29,17.63,17.71,17.63,242083,4287289.93,0.8966,,,否,,,,,,否,304925337,26999002,5400227718.27,478152325.42,,,,18.16,18.51,18.85,18.81,18.74,18.23,19.62,1993-10-18,2018-04-27
2001-12-21,600680,*ST上普,电子元件,17.62,17.87,17.61,17.77,17.61,198312,3524004.24,0.7345,,,否,,,,,,否,304925337,26999002,5418523238.49,479772265.54,,,,18.05,18.39,18.79,18.78,18.72,18.21,19.60,1993-10-18,2018-04-27
2001-12-24,600680,*ST上普,电子元件,17.76,17.76,17.25,17.31,17.25,216500,3747615.00,0.8019,,,否,,,,,,否,304925337,26999002,5278257583.47,467352724.62,,,,17.90,18.20,18.72,18.76,18.69,18.18,19.57,1993-10-18,2018-04-27
2001-12-25,600680,*ST上普,电子元件,17.22,17.22,16.73,16.92,16.73,585480,9906321.60,2.1685,,,否,,,,,,否,304925337,26999002,5159336702.04,456823113.84,,,,17.59,18.01,18.61,18.71,18.64,18.16,19.54,1993-10-18,2018-04-27
2001-12-26,600680,*ST上普,电子元件,16.92,17.24,16.78,17.2,16.78,237373,4082815.60,0.8792,,,否,,,,,,否,304925337,26999002,5244715796.40,464382834.40,,,,17.38,17.84,18.51,18.67,18.61,18.14,19.52,1993-10-18,2018-04-27
2001-12-27,600680,*ST上普,电子元件,17.22,17.26,17.02,17.05,17.02,212127,3616765.35,0.7857,,,否,,,,,,否,304925337,26999002,5198976995.85,460332984.10,,,,17.25,17.70,18.40,18.61,18.59,18.12,19.49,1993-10-18,2018-04-27
2001-12-28,600680,*ST上普,电子元件,17.02,17.12,16.88,17.12,16.88,174551,2988313.12,0.6465,,,否,,,,,,否,304925337,26999002,5220321769.44,462222914.24,,,,17.12,17.58,18.28,18.55,18.55,18.10,19.46,1993-10-18,2018-04-27
2001-12-31,600680,*ST上普,电子元件,17.17,17.32,17.12,17.22,17.12,112902,1944172.44,0.4182,,,否,,,,,,否,304925337,26999002,5250814303.14,464922814.44,,,,17.10,17.50,18.17,18.49,18.52,18.09,19.43,1993-10-18,2018-04-27
2002-01-04,600680,*ST上普,电子元件,17.21,17.21,16.74,16.86,16.74,133150,2244909.00,0.4932,,,否,,,,,,否,304925337,26999002,5141041181.82,455203173.72,,,,17.09,17.34,18.03,18.42,18.49,18.07,19.41,1993-10-18,2018-04-27
2002-01-07,600680,*ST上普,电子元件,16.73,16.82,16.51,16.53,16.51,179352,2964688.56,0.6643,,,否,,,,,,否,304925337,26999002,5040415820.61,446293503.06,,,,16.96,17.17,17.91,18.34,18.45,18.05,19.38,1993-10-18,2018-04-27
2002-01-08,600680,*ST上普,电子元件,16.45,16.98,16.45,16.55,16.45,154765,2561360.75,0.5732,,,否,,,,,,否,304925337,26999002,5046514327.35,446833483.10,,,,16.86,17.05,17.78,18.25,18.42,18.03,19.36,1993-10-18,2018-04-27
2002-01-09,600680,*ST上普,电子元件,16.53,16.73,16.44,16.59,16.44,110476,1832796.84,0.4092,,,否,,,,,,否,304925337,26999002,5058711340.83,447913443.18,,,,16.75,16.94,17.66,18.17,18.40,18.01,19.34,1993-10-18,2018-04-27
2002-01-10,600680,*ST上普,电子元件,16.59,17.52,16.59,17.4,16.59,564820,9827868.00,2.0920,,,否,,,,,,否,304925337,26999002,5305700863.80,469782634.80,,,,16.79,16.94,17.57,18.13,18.39,18.00,19.32,1993-10-18,2018-04-27
2002-01-11,600680,*ST上普,电子元件,17.32,17.32,16.88,16.88,16.88,327466,5527626.08,1.2129,,,否,,,,,,否,304925337,26999002,5147139688.56,455743153.76,,,,16.79,16.94,17.47,18.05,18.35,17.98,19.29,1993-10-18,2018-04-27
2002-01-14,600680,*ST上普,电子元件,16.55,17.01,16.43,16.67,16.43,244676,4078748.92,0.9062,,,否,,,,,,否,304925337,26999002,5083105367.79,450073363.34,,,,16.82,16.89,17.36,17.97,18.32,17.97,19.26,1993-10-18,2018-04-27
2002-01-15,600680,*ST上普,电子元件,16.61,16.88,15.84,15.86,15.84,614106,9739721.16,2.2746,,,否,,,,,,否,304925337,26999002,4836115844.82,428204171.72,,,,16.68,16.77,17.24,17.86,18.28,17.95,19.23,1993-10-18,2018-04-27
2002-01-16,600680,*ST上普,电子元件,15.8,16.38,15.2,16.37,15.2,531803,8705615.11,1.9697,,,否,,,,,,否,304925337,26999002,4991627766.69,441973662.74,,,,16.64,16.69,17.14,17.75,18.25,17.93,19.20,1993-10-18,2018-04-27
2002-01-17,600680,*ST上普,电子元件,17.35,17.61,16.58,16.62,16.58,1121320,18636338.40,4.1532,,,否,,,,,,否,304925337,26999002,5067859100.94,448723413.24,,,,16.48,16.63,17.07,17.66,18.24,17.91,19.17,1993-10-18,2018-04-27
2002-01-18,600680,*ST上普,电子元件,16.52,17.04,15.93,16.74,15.93,641230,10734190.20,2.3750,,,否,,,,,,否,304925337,26999002,5104450141.38,451963293.48,,,,16.45,16.62,16.98,17.56,18.24,17.89,19.14,1993-10-18,2018-04-27
2002-01-21,600680,*ST上普,电子元件,16.53,16.66,16.08,16.21,16.08,404019,6549147.99,1.4964,,,否,,,,,,否,304925337,26999002,4942839712.77,437653822.42,,,,16.36,16.59,16.88,17.47,18.20,17.87,19.10,1993-10-18,2018-04-27
2002-01-22,600680,*ST上普,电子元件,15.84,17.22,15.84,16.51,15.84,527066,8701859.66,1.9522,,,否,,,,,,否,304925337,26999002,5034317313.87,445753523.02,,,,16.49,16.59,16.82,17.38,18.16,17.85,19.07,1993-10-18,2018-04-27
2002-01-23,600680,*ST上普,电子元件,16.33,17.32,16.33,17.31,16.33,771087,13347515.97,2.8560,,,否,,,,,,否,304925337,26999002,5278257583.47,467352724.62,,,,16.68,16.66,16.80,17.33,18.12,17.84,19.05,1993-10-18,2018-04-27
2002-01-24,600680,*ST上普,电子元件,17.22,17.5,16.73,17.12,16.73,925760,15849011.20,3.4289,,,否,,,,,,否,304925337,26999002,5220321769.44,462222914.24,,,,16.78,16.63,16.79,17.26,18.09,17.84,19.02,1993-10-18,2018-04-27
2002-01-25,600680,*ST上普,电子元件,17.12,17.27,16.92,17.01,16.92,398190,6773211.90,1.4748,,,否,,,,,,否,304925337,26999002,5186779982.37,459253024.02,,,,16.83,16.64,16.79,17.20,18.05,17.84,19.00,1993-10-18,2018-04-27
2002-01-28,600680,*ST上普,电子元件,17.01,17.7,15.94,16.09,15.94,1115106,17942055.54,4.1302,,,否,,,,,,否,304925337,26999002,4906248672.33,434413942.18,,,,16.81,16.58,16.74,17.10,17.99,17.84,18.97,1993-10-18,2018-04-27
2002-01-29,600680,*ST上普,电子元件,15.84,16.93,15.84,16.38,15.84,408486,6691000.68,1.5130,,,否,,,,,,否,304925337,26999002,4994677020.06,442243652.76,,,,16.78,16.64,16.70,17.04,17.94,17.83,18.94,1993-10-18,2018-04-27
2002-01-30,600680,*ST上普,电子元件,16.38,16.63,16.11,16.29,16.11,259150,4221553.50,0.9599,,,否,,,,,,否,304925337,26999002,4967233739.73,439813742.58,,,,16.58,16.63,16.66,16.97,17.90,17.83,18.92,1993-10-18,2018-04-27
2002-01-31,600680,*ST上普,电子元件,16.49,17.62,16.49,17.38,16.49,1209043,21013167.34,4.4781,,,否,,,,,,否,304925337,26999002,5299602357.06,469242654.76,,,,16.63,16.70,16.67,16.95,17.88,17.84,18.90,1993-10-18,2018-04-27
2002-02-01,600680,*ST上普,电子元件,17.6,17.6,17.12,17.19,17.12,676863,11635274.97,2.5070,,,否,,,,,,否,304925337,26999002,5241666543.03,464112844.38,,,,16.67,16.75,16.69,16.90,17.85,17.85,18.88,1993-10-18,2018-04-27
2002-02-04,600680,*ST上普,电子元件,17.27,17.58,17.17,17.51,17.17,465898,8157873.98,1.7256,,,否,,,,,,否,304925337,26999002,5339242650.87,472752525.02,,,,16.95,16.88,16.73,16.88,17.85,17.86,18.86,1993-10-18,2018-04-27
2002-02-05,600680,*ST上普,电子元件,17.5,17.61,17.3,17.4,17.3,361079,6282774.60,1.3374,,,否,,,,,,否,304925337,26999002,5305700863.80,469782634.80,,,,17.15,16.97,16.78,16.87,17.84,17.87,18.85,1993-10-18,2018-04-27
2002-02-06,600680,*ST上普,电子元件,17.47,18.21,17.47,17.75,17.47,1123277,19938166.75,4.1604,,,否,,,,,,否,304925337,26999002,5412424731.75,479232285.50,,,,17.45,17.01,16.83,16.87,17.83,17.87,18.84,1993-10-18,2018-04-27
2002-02-07,600680,*ST上普,电子元件,17.75,18.19,17.73,17.95,17.73,889674,15969648.30,3.2952,,,否,,,,,,否,304925337,26999002,5473409799.15,484632085.90,,,,17.56,17.10,16.86,16.89,17.82,17.88,18.83,1993-10-18,2018-04-27
2002-02-08,600680,*ST上普,电子元件,18.2,18.21,17.87,17.9,17.87,709325,12696917.50,2.6272,,,否,,,,,,否,304925337,26999002,5458163532.30,483282135.80,,,,17.70,17.18,16.91,16.92,17.82,17.88,18.82,1993-10-18,2018-04-27
2002-02-25,600680,*ST上普,电子元件,18.31,18.31,17.47,17.64,17.47,706949,12470580.36,2.6184,,,否,,,,,,否,304925337,26999002,5378882944.68,476262395.28,,,,17.73,17.34,16.96,16.94,17.80,17.89,18.81,1993-10-18,2018-04-27
2002-02-26,600680,*ST上普,电子元件,17.62,17.67,17.22,17.53,17.22,439574,7705732.22,1.6281,,,否,,,,,,否,304925337,26999002,5345341157.61,473292505.06,,,,17.75,17.45,17.05,16.95,17.78,17.89,18.80,1993-10-18,2018-04-27
2002-02-27,600680,*ST上普,电子元件,17.53,17.57,17.24,17.3,17.24,410809,7106995.70,1.5216,,,否,,,,,,否,304925337,26999002,5275208330.10,467082734.60,,,,17.66,17.56,17.09,16.96,17.76,17.90,18.79,1993-10-18,2018-04-27
2002-02-28,600680,*ST上普,电子元件,17.3,17.52,17.2,17.29,17.2,324849,5616639.21,1.2032,,,否,,,,,,否,304925337,26999002,5272159076.73,466812744.58,,,,17.53,17.55,17.13,16.96,17.73,17.90,18.79,1993-10-18,2018-04-27
2002-03-01,600680,*ST上普,电子元件,17.27,17.7,17.22,17.39,17.22,337310,5865820.90,1.2493,,,否,,,,,,否,304925337,26999002,5302651610.43,469512644.78,,,,17.43,17.57,17.16,16.98,17.70,17.91,18.78,1993-10-18,2018-04-27
2002-03-04,600680,*ST上普,电子元件,17.44,17.75,17.43,17.72,17.43,343017,6078261.24,1.2705,,,否,,,,,,否,304925337,26999002,5403276971.64,478422315.44,,,,17.45,17.59,17.23,17.02,17.68,17.92,18.78,1993-10-18,2018-04-27
2002-03-05,600680,*ST上普,电子元件,17.7,17.96,17.64,17.85,17.64,659822,11777822.70,2.4439,,,否,,,,,,否,304925337,26999002,5442917265.45,481932185.70,,,,17.51,17.63,17.30,17.06,17.66,17.93,18.78,1993-10-18,2018-04-27
2002-03-06,600680,*ST上普,电子元件,17.89,18.26,17.67,17.69,17.67,673852,11920441.88,2.4958,,,否,,,,,,否,304925337,26999002,5394129211.53,477612345.38,,,,17.59,17.63,17.32,17.10,17.64,17.94,18.77,1993-10-18,2018-04-27
2002-03-07,600680,*ST上普,电子元件,17.69,18.09,17.62,18.04,17.62,774068,13964186.72,2.8670,,,否,,,,,,否,304925337,26999002,5500853079.48,487061996.08,,,,17.74,17.64,17.37,17.12,17.62,17.96,18.77,1993-10-18,2018-04-27
2002-03-08,600680,*ST上普,电子元件,18.08,18.46,17.87,18.09,17.87,899068,16264140.12,3.3300,,,否,,,,,,否,304925337,26999002,5516099346.33,488411946.18,,,,17.88,17.65,17.42,17.16,17.61,17.98,18.77,1993-10-18,2018-04-27
2002-03-11,600680,*ST上普,电子元件,18.09,18.69,18.09,18.31,18.09,836766,15321185.46,3.0992,,,否,,,,,,否,304925337,26999002,5583182920.47,494351726.62,,,,18.00,17.72,17.53,17.21,17.59,18.00,18.76,1993-10-18,2018-04-27
2002-03-12,600680,*ST上普,电子元件,18.31,18.45,17.81,17.91,17.81,741246,13275715.86,2.7455,,,否,,,,,,否,304925337,26999002,5461212785.67,483552125.82,,,,18.01,17.76,17.61,17.28,17.57,18.02,18.75,1993-10-18,2018-04-27
2002-03-13,600680,*ST上普,电子元件,17.81,18.19,17.73,17.81,17.73,421035,7498633.35,1.5594,,,否,,,,,,否,304925337,26999002,5430720251.97,480852225.62,,,,18.03,17.81,17.68,17.33,17.54,18.04,18.75,1993-10-18,2018-04-27
2002-03-14,600680,*ST上普,电子元件,17.81,18.39,17.74,18.29,17.74,512263,9369290.27,1.8973,,,否,,,,,,否,304925337,26999002,5577084413.73,493811746.58,,,,18.08,17.91,17.73,17.39,17.52,18.06,18.75,1993-10-18,2018-04-27
2002-03-15,600680,*ST上普,电子元件,18.41,18.71,17.83,17.85,17.83,945492,16877032.20,3.5020,,,否,,,,,,否,304925337,26999002,5442917265.45,481932185.70,,,,18.03,17.96,17.76,17.42,17.49,18.07,18.75,1993-10-18,2018-04-27
2002-03-18,600680,*ST上普,电子元件,18.31,18.41,17.6,17.71,17.6,381150,6750166.50,1.4117,,,否,,,,,,否,304925337,26999002,5400227718.27,478152325.42,,,,17.91,17.96,17.77,17.47,17.47,18.07,18.74,1993-10-18,2018-04-27
2002-03-19,600680,*ST上普,电子元件,17.71,18.3,17.67,18.06,17.67,403003,7278234.18,1.4927,,,否,,,,,,否,304925337,26999002,5506951586.22,487601976.12,,,,17.94,17.98,17.80,17.53,17.45,18.07,18.74,1993-10-18,2018-04-27
2002-03-20,600680,*ST上普,电子元件,18.12,18.29,18.02,18.25,18.02,515719,9411871.75,1.9101,,,否,,,,,,否,304925337,26999002,5564887400.25,492731786.50,,,,18.03,18.03,17.83,17.56,17.44,18.07,18.74,1993-10-18,2018-04-27
2002-03-21,600680,*ST上普,电子元件,18.31,18.41,17.91,18.05,17.91,396075,7149153.75,1.4670,,,否,,,,,,否,304925337,26999002,5503902332.85,487331986.10,,,,17.98,18.03,17.83,17.59,17.42,18.08,18.73,1993-10-18,2018-04-27
2002-03-22,600680,*ST上普,电子元件,17.94,18.01,17.65,17.76,17.65,413288,7339994.88,1.5308,,,否,,,,,,否,304925337,26999002,5415473985.12,479502275.52,,,,17.97,18.00,17.83,17.61,17.40,18.07,18.73,1993-10-18,2018-04-27
2002-03-25,600680,*ST上普,电子元件,17.76,17.89,17.62,17.72,17.62,194763,3451200.36,0.7214,,,否,,,,,,否,304925337,26999002,5403276971.64,478422315.44,,,,17.97,17.94,17.83,17.67,17.38,18.06,18.72,1993-10-18,2018-04-27
2002-03-26,600680,*ST上普,电子元件,17.81,18.22,17.72,17.98,17.72,641672,11537262.56,2.3767,,,否,,,,,,否,304925337,26999002,5482557559.26,485442055.96,,,,17.95,17.95,17.85,17.72,17.38,18.06,18.72,1993-10-18,2018-04-27
2002-03-27,600680,*ST上普,电子元件,17.98,18.06,17.62,17.67,17.62,279786,4943818.62,1.0363,,,否,,,,,,否,304925337,26999002,5388030704.79,477072365.34,,,,17.84,17.93,17.87,17.77,17.37,18.06,18.72,1993-10-18,2018-04-27
2002-03-28,600680,*ST上普,电子元件,17.67,17.78,17.41,17.42,17.41,404050,7038551.00,1.4965,,,否,,,,,,否,304925337,26999002,5311799370.54,470322614.84,,,,17.71,17.85,17.88,17.77,17.36,18.06,18.71,1993-10-18,2018-04-27
2002-03-29,600680,*ST上普,电子元件,17.38,17.47,16.82,16.97,16.82,539978,9163426.66,2.0000,,,否,,,,,,否,304925337,26999002,5174582968.89,458173063.94,,,,17.55,17.76,17.86,17.76,17.33,18.05,18.71,1993-10-18,2018-04-27
2002-04-01,600680,*ST上普,电子元件,16.92,17.05,16.61,16.63,16.61,459200,7636496.00,1.7008,,,否,,,,,,否,304925337,26999002,5070908354.31,448993403.26,,,,17.33,17.65,17.80,17.73,17.31,18.04,18.70,1993-10-18,2018-04-27
2002-04-02,600680,*ST上普,电子元件,16.65,17.05,16.65,16.75,16.65,272143,4558395.25,1.0080,,,否,,,,,,否,304925337,26999002,5107499394.75,452233283.50,,,,17.09,17.52,17.75,17.71,17.29,18.02,18.69,1993-10-18,2018-04-27
2002-04-03,600680,*ST上普,电子元件,16.76,17.02,16.76,16.86,16.76,149780,2525290.80,0.5548,,,否,,,,,,否,304925337,26999002,5141041181.82,455203173.72,,,,16.93,17.38,17.71,17.68,17.27,18.00,18.68,1993-10-18,2018-04-27
2002-04-04,600680,*ST上普,电子元件,17.02,17.57,16.88,17.39,16.88,328708,5716232.12,1.2175,,,否,,,,,,否,304925337,26999002,5302651610.43,469512644.78,,,,16.92,17.32,17.67,17.66,17.28,17.98,18.68,1993-10-18,2018-04-27
2002-04-05,600680,*ST上普,电子元件,17.52,17.52,17.07,17.1,17.07,215101,3678227.10,0.7967,,,否,,,,,,否,304925337,26999002,5214223262.70,461682934.20,,,,16.95,17.25,17.62,17.63,17.28,17.96,18.67,1993-10-18,2018-04-27
2002-04-08,600680,*ST上普,电子元件,17.12,17.2,17.02,17.03,17.02,72100,1227863.00,0.2670,,,否,,,,,,否,304925337,26999002,5192878489.11,459793004.06,,,,17.03,17.18,17.56,17.61,17.28,17.94,18.66,1993-10-18,2018-04-27
2002-04-09,600680,*ST上普,电子元件,17.1,17.47,17.02,17.36,17.02,270719,4699681.84,1.0027,,,否,,,,,,否,304925337,26999002,5293503850.32,468702674.72,,,,17.15,17.12,17.53,17.61,17.28,17.93,18.65,1993-10-18,2018-04-27
2002-04-10,600680,*ST上普,电子元件,17.4,17.79,17.36,17.61,17.36,310973,5476234.53,1.1518,,,否,,,,,,否,304925337,26999002,5369735184.57,475452425.22,,,,17.30,17.11,17.52,17.62,17.29,17.92,18.64,1993-10-18,2018-04-27
2002-04-11,600680,*ST上普,电子元件,17.63,17.67,17.17,17.33,17.17,175780,3046267.40,0.6511,,,否,,,,,,否,304925337,26999002,5284356090.21,467892704.66,,,,17.29,17.10,17.48,17.62,17.29,17.91,18.63,1993-10-18,2018-04-27
2002-04-12,600680,*ST上普,电子元件,17.32,17.32,17.17,17.21,17.17,127050,2186530.50,0.4706,,,否,,,,,,否,304925337,26999002,5247765049.77,464652824.42,,,,17.31,17.13,17.44,17.61,17.30,17.89,18.62,1993-10-18,2018-04-27
2002-04-15,600680,*ST上普,电子元件,17.32,17.32,16.84,16.91,16.84,166760,2819911.60,0.6177,,,否,,,,,,否,304925337,26999002,5156287448.67,456553123.82,,,,17.28,17.16,17.40,17.59,17.30,17.88,18.61,1993-10-18,2018-04-27
2002-04-16,600680,*ST上普,电子元件,16.91,18.0,16.91,17.42,16.91,629911,10973049.62,2.3331,,,否,,,,,,否,304925337,26999002,5311799370.54,470322614.84,,,,17.30,17.22,17.37,17.57,17.32,17.87,18.59,1993-10-18,2018-04-27
2002-04-17,600680,*ST上普,电子元件,17.43,17.56,17.03,17.2,17.03,167732,2884990.40,0.6213,,,否,,,,,,否,304925337,26999002,5244715796.40,464382834.40,,,,17.21,17.26,17.32,17.56,17.33,17.87,18.58,1993-10-18,2018-04-27
2002-04-18,600680,*ST上普,电子元件,17.17,17.27,16.95,17.02,16.95,166830,2839446.60,0.6179,,,否,,,,,,否,304925337,26999002,5189829235.74,459523014.04,,,,17.15,17.22,17.27,17.52,17.32,17.85,18.56,1993-10-18,2018-04-27
2002-04-19,600680,*ST上普,电子元件,16.99,17.22,16.88,16.97,16.88,301283,5112772.51,1.1159,,,否,,,,,,否,304925337,26999002,5174582968.89,458173063.94,,,,17.10,17.21,17.23,17.49,17.32,17.84,18.54,1993-10-18,2018-04-27
2002-04-22,600680,*ST上普,电子元件,16.96,17.12,16.92,16.93,16.92,93700,1586341.00,0.3470,,,否,,,,,,否,304925337,26999002,5162385955.41,457093103.86,,,,17.11,17.20,17.19,17.44,17.33,17.83,18.53,1993-10-18,2018-04-27
2002-04-23,600680,*ST上普,电子元件,16.93,17.11,16.82,16.87,16.82,123260,2079396.20,0.4565,,,否,,,,,,否,304925337,26999002,5144090435.19,455473163.74,,,,17.00,17.15,17.13,17.40,17.34,17.81,18.51,1993-10-18,2018-04-27
2002-04-24,600680,*ST上普,电子元件,16.85,17.02,16.81,16.82,16.81,92829,1561383.78,0.3438,,,否,,,,,,否,304925337,26999002,5128844168.34,454123213.64,,,,16.92,17.07,17.09,17.37,17.35,17.80,18.50,1993-10-18,2018-04-27
2002-04-25,600680,*ST上普,电子元件,16.81,16.87,16.76,16.8,16.76,108510,1822968.00,0.4019,,,否,,,,,,否,304925337,26999002,5122745661.60,453583233.60,,,,16.88,17.02,17.06,17.32,17.35,17.80,18.49,1993-10-18,2018-04-27
2002-04-26,600680,*ST上普,电子元件,17.02,17.52,16.82,17.02,16.82,299551,5098358.02,1.1095,,,否,,,,,,否,304925337,26999002,5189829235.74,459523014.04,,,,16.89,17.00,17.06,17.29,17.36,17.80,18.48,1993-10-18,2018-04-27
2002-04-29,600680,*ST上普,电子元件,17.2,18.01,17.17,17.97,17.17,1667084,29957499.48,6.1746,,,否,,,,,,否,304925337,26999002,5479508305.89,485172065.94,,,,17.10,17.10,17.13,17.30,17.39,17.80,18.47,1993-10-18,2018-04-27
2002-04-30,600680,*ST上普,电子元件,18.21,18.26,17.64,17.71,17.64,1017403,18018207.13,3.7683,,,否,,,,,,否,304925337,26999002,5400227718.27,478152325.42,,,,17.26,17.13,17.18,17.29,17.41,17.78,18.46,1993-10-18,2018-04-27
2002-05-08,600680,*ST上普,电子元件,18.0,18.0,17.42,17.44,17.42,205950,3591768.00,0.7628,,,否,,,,,,否,304925337,26999002,5317897877.28,470862594.88,,,,17.39,17.16,17.21,17.26,17.41,17.77,18.45,1993-10-18,2018-04-27
2002-05-09,600680,*ST上普,电子元件,17.32,17.75,17.32,17.38,17.32,219675,3817951.50,0.8136,,,否,,,,,,否,304925337,26999002,5299602357.06,469242654.76,,,,17.50,17.19,17.21,17.24,17.41,17.75,18.44,1993-10-18,2018-04-27
2002-05-13,600680,*ST上普,电子元件,17.44,17.44,16.82,17.07,16.82,175254,2991585.78,0.6491,,,否,,,,,,否,304925337,26999002,5205075502.59,460872964.14,,,,17.51,17.20,17.20,17.22,17.42,17.73,18.43,1993-10-18,2018-04-27
2002-05-14,600680,*ST上普,电子元件,17.07,17.32,16.87,16.92,16.87,330282,5588371.44,1.2233,,,否,,,,,,否,304925337,26999002,5159336702.04,456823113.84,,,,17.30,17.20,17.20,17.19,17.43,17.71,18.42,1993-10-18,2018-04-27
2002-05-15,600680,*ST上普,电子元件,16.92,17.14,16.92,16.95,16.92,150614,2552907.30,0.5579,,,否,,,,,,否,304925337,26999002,5168484462.15,457633083.90,,,,17.15,17.21,17.18,17.16,17.44,17.69,18.40,1993-10-18,2018-04-27
2002-05-16,600680,*ST上普,电子元件,16.96,16.96,16.33,16.39,16.33,355108,5820220.12,1.3153,,,否,,,,,,否,304925337,26999002,4997726273.43,442513642.78,,,,16.94,17.17,17.12,17.12,17.44,17.67,18.39,1993-10-18,2018-04-27
2002-05-17,600680,*ST上普,电子元件,16.33,16.81,16.28,16.58,16.28,219475,3638895.50,0.8129,,,否,,,,,,否,304925337,26999002,5055662087.46,447643453.16,,,,16.78,17.14,17.08,17.09,17.43,17.65,18.37,1993-10-18,2018-04-27
2002-05-20,600680,*ST上普,电子元件,16.58,16.58,16.03,16.28,16.03,237418,3865165.04,0.8794,,,否,,,,,,否,304925337,26999002,4964184486.36,439543752.56,,,,16.62,17.07,17.03,17.06,17.41,17.63,18.36,1993-10-18,2018-04-27
2002-05-21,600680,*ST上普,电子元件,16.71,17.02,16.51,16.79,16.51,284088,4769837.52,1.0522,,,否,,,,,,否,304925337,26999002,5119696408.23,453313243.58,,,,16.60,16.95,17.03,17.07,17.40,17.62,18.34,1993-10-18,2018-04-27
2002-05-22,600680,*ST上普,电子元件,16.79,16.92,16.49,16.59,16.49,139690,2317457.10,0.5174,,,否,,,,,,否,304925337,26999002,5058711340.83,447913443.18,,,,16.53,16.84,16.99,17.06,17.39,17.61,18.32,1993-10-18,2018-04-27
2002-05-23,600680,*ST上普,电子元件,16.53,16.82,16.53,16.6,16.53,87758,1456782.80,0.3250,,,否,,,,,,否,304925337,26999002,5061760594.20,448183433.20,,,,16.57,16.76,16.96,17.06,17.37,17.60,18.30,1993-10-18,2018-04-27
2002-05-24,600680,*ST上普,电子元件,16.53,16.56,16.3,16.32,16.3,107253,1750368.96,0.3972,,,否,,,,,,否,304925337,26999002,4976381499.84,440623712.64,,,,16.52,16.65,16.92,17.02,17.34,17.58,18.29,1993-10-18,2018-04-27
2002-05-27,600680,*ST上普,电子元件,16.31,16.67,16.31,16.66,16.31,144926,2414467.16,0.5368,,,否,,,,,,否,304925337,26999002,5080056114.42,449803373.32,,,,16.59,16.61,16.90,17.01,17.32,17.57,18.27,1993-10-18,2018-04-27
2002-05-28,600680,*ST上普,电子元件,16.63,16.73,16.46,16.55,16.46,88600,1466330.00,0.3282,,,否,,,,,,否,304925337,26999002,5046514327.35,446833483.10,,,,16.54,16.57,16.89,16.99,17.30,17.55,18.26,1993-10-18,2018-04-27
2002-05-29,600680,*ST上普,电子元件,16.55,16.7,16.38,16.68,16.38,309702,5165829.36,1.1471,,,否,,,,,,否,304925337,26999002,5086154621.16,450343353.36,,,,16.56,16.54,16.88,16.97,17.29,17.54,18.24,1993-10-18,2018-04-27
2002-05-30,600680,*ST上普,电子元件,16.63,16.63,15.84,16.24,15.84,517649,8406619.76,1.9173,,,否,,,,,,否,304925337,26999002,4951987472.88,438463792.48,,,,16.49,16.53,16.85,16.92,17.27,17.51,18.23,1993-10-18,2018-04-27
2002-05-31,600680,*ST上普,电子元件,16.26,16.29,15.89,15.98,15.89,140401,2243607.98,0.5200,,,否,,,,,,否,304925337,26999002,4872706885.26,431444051.96,,,,16.42,16.47,16.81,16.88,17.25,17.49,18.21,1993-10-18,2018-04-27
2002-06-03,600680,*ST上普,电子元件,15.93,15.93,15.29,15.34,15.29,209314,3210876.76,0.7753,,,否,,,,,,否,304925337,26999002,4677554669.58,414164690.68,,,,16.16,16.38,16.72,16.81,17.21,17.46,18.19,1993-10-18,2018-04-27
2002-06-04,600680,*ST上普,电子元件,15.44,15.74,15.34,15.52,15.34,139841,2170332.32,0.5179,,,否,,,,,,否,304925337,26999002,4732441230.24,419024511.04,,,,15.95,16.25,16.60,16.77,17.18,17.43,18.16,1993-10-18,2018-04-27
2002-06-05,600680,*ST上普,电子元件,15.52,15.54,14.88,14.96,14.88,318384,4763024.64,1.1792,,,否,,,,,,否,304925337,26999002,4561683041.52,403905069.92,,,,15.61,16.09,16.46,16.69,17.13,17.39,18.13,1993-10-18,2018-04-27
2002-06-06,600680,*ST上普,电子元件,14.92,15.74,14.51,15.67,14.51,423234,6632076.78,1.5676,,,否,,,,,,否,304925337,26999002,4778180030.79,423074361.34,,,,15.49,15.99,16.37,16.63,17.10,17.37,18.11,1993-10-18,2018-04-27
2002-06-07,600680,*ST上普,电子元件,15.7,16.01,15.31,15.59,15.31,253634,3954154.06,0.9394,,,否,,,,,,否,304925337,26999002,4753786003.83,420914441.18,,,,15.42,15.92,16.28,16.59,17.05,17.34,18.09,1993-10-18,2018-04-27
2002-06-10,600680,*ST上普,电子元件,15.6,15.6,15.36,15.44,15.36,158534,2447764.96,0.5872,,,否,,,,,,否,304925337,26999002,4708047203.28,416864590.88,,,,15.44,15.80,16.20,16.54,17.01,17.31,18.06,1993-10-18,2018-04-27
2002-06-11,600680,*ST上普,电子元件,15.44,15.93,15.44,15.71,15.44,158755,2494041.05,0.5880,,,否,,,,,,否,304925337,26999002,4790377044.27,424154321.42,,,,15.47,15.71,16.14,16.49,16.97,17.28,18.04,1993-10-18,2018-04-27
2002-06-12,600680,*ST上普,电子元件,15.64,15.66,15.25,15.43,15.25,177850,2744225.50,0.6587,,,否,,,,,,否,304925337,26999002,4704997949.91,416594600.86,,,,15.57,15.59,16.07,16.45,16.93,17.25,18.02,1993-10-18,2018-04-27
2002-06-13,600680,*ST上普,电子元件,15.44,15.79,15.25,15.39,15.25,201588,3102439.32,0.7466,,,否,,,,,,否,304925337,26999002,4692800936.43,415514640.78,,,,15.51,15.50,16.02,16.40,16.89,17.21,17.99,1993-10-18,2018-04-27
2002-06-14,600680,*ST上普,电子元件,15.44,15.74,15.35,15.71,15.35,455100,7149621.00,1.6856,,,否,,,,,,否,304925337,26999002,4790377044.27,424154321.42,,,,15.54,15.48,15.97,16.36,16.84,17.18,17.97,1993-10-18,2018-04-27
2002-06-17,600680,*ST上普,电子元件,15.49,15.85,15.34,15.63,15.34,227800,3560514.00,0.8437,,,否,,,,,,否,304925337,26999002,4765983017.31,421994401.26,,,,15.57,15.51,15.94,16.32,16.81,17.15,17.95,1993-10-18,2018-04-27
2002-06-18,600680,*ST上普,电子元件,15.79,15.85,15.57,15.8,15.57,72750,1149450.00,0.2695,,,否,,,,,,否,304925337,26999002,4817820324.60,426584231.60,,,,15.59,15.53,15.89,16.24,16.77,17.12,17.93,1993-10-18,2018-04-27
2002-06-19,600680,*ST上普,电子元件,15.78,15.79,15.39,15.52,15.39,107533,1668912.16,0.3983,,,否,,,,,,否,304925337,26999002,4732441230.24,419024511.04,,,,15.61,15.59,15.84,16.17,16.73,17.09,17.91,1993-10-18,2018-04-27
2002-06-20,600680,*ST上普,电子元件,15.49,15.69,15.37,15.48,15.37,76650,1186542.00,0.2839,,,否,,,,,,否,304925337,26999002,4720244216.76,417944550.96,,,,15.63,15.57,15.78,16.11,16.68,17.06,17.88,1993-10-18,2018-04-27
2002-06-21,600680,*ST上普,电子元件,15.44,15.95,15.44,15.9,15.44,314650,5002935.00,1.1654,,,否,,,,,,否,304925337,26999002,4848312858.30,429284131.80,,,,15.67,15.60,15.76,16.06,16.65,17.04,17.86,1993-10-18,2018-04-27
2002-06-24,600680,*ST上普,电子元件,17.49,17.5,16.63,17.48,16.63,1194544,20880629.12,4.4244,,,否,,,,,,否,304925337,26999002,5330094890.76,471942554.96,,,,16.04,15.81,15.80,16.07,16.64,17.02,17.84,1993-10-18,2018-04-27
2002-06-25,600680,*ST上普,电子元件,17.32,17.32,16.73,16.8,16.73,777533,13062554.40,2.8799,,,否,,,,,,否,304925337,26999002,5122745661.60,453583233.60,,,,16.24,15.91,15.81,16.07,16.63,17.01,17.82,1993-10-18,2018-04-27
2002-06-26,600680,*ST上普,电子元件,16.7,17.37,16.59,17.01,16.59,465700,7921557.00,1.7249,,,否,,,,,,否,304925337,26999002,5186779982.37,459253024.02,,,,16.53,16.07,15.83,16.07,16.61,17.00,17.80,1993-10-18,2018-04-27
2002-06-27,600680,*ST上普,电子元件,16.97,16.97,16.69,16.72,16.69,174855,2923575.60,0.6476,,,否,,,,,,否,304925337,26999002,5098351634.64,451423313.44,,,,16.78,16.21,15.85,16.08,16.60,16.98,17.78,1993-10-18,2018-04-27
2002-06-28,600680,*ST上普,电子元件,16.89,16.89,16.1,16.5,16.1,352603,5817949.50,1.3060,,,否,,,,,,否,304925337,26999002,5031268060.50,445483533.00,,,,16.90,16.28,15.88,16.08,16.58,16.97,17.76,1993-10-18,2018-04-27
2002-07-01,600680,*ST上普,电子元件,16.45,16.65,16.44,16.46,16.44,158292,2605486.32,0.5863,,,否,,,,,,否,304925337,26999002,5019071047.02,444403572.92,,,,16.70,16.37,15.94,16.08,16.57,16.95,17.74,1993-10-18,2018-04-27
2002-07-02,600680,*ST上普,电子元件,16.47,16.68,16.46,16.65,16.46,98350,1637527.50,0.3643,,,否,,,,,,否,304925337,26999002,5077006861.05,449533383.30,,,,16.67,16.45,15.99,16.08,16.57,16.94,17.72,1993-10-18,2018-04-27
2002-07-03,600680,*ST上普,电子元件,16.7,16.78,16.68,16.69,16.68,108537,1811482.53,0.4020,,,否,,,,,,否,304925337,26999002,5089203874.53,450613343.38,,,,16.60,16.57,16.08,16.08,16.57,16.93,17.70,1993-10-18,2018-04-27
2002-07-04,600680,*ST上普,电子元件,16.69,16.8,16.51,16.58,16.51,83900,1391062.00,0.3108,,,否,,,,,,否,304925337,26999002,5055662087.46,447643453.16,,,,16.58,16.68,16.12,16.08,16.57,16.92,17.68,1993-10-18,2018-04-27
2002-07-05,600680,*ST上普,电子元件,16.7,16.99,16.7,16.77,16.7,146494,2456704.38,0.5426,,,否,,,,,,否,304925337,26999002,5113597901.49,452773263.54,,,,16.63,16.77,16.18,16.10,16.56,16.92,17.66,1993-10-18,2018-04-27
2002-07-08,600680,*ST上普,电子元件,17.76,17.77,17.07,17.08,17.07,451190,7706325.20,1.6711,,,否,,,,,,否,304925337,26999002,5208124755.96,461142954.16,,,,16.75,16.73,16.27,16.11,16.56,16.92,17.65,1993-10-18,2018-04-27
2002-07-09,600680,*ST上普,电子元件,17.29,17.29,16.9,16.96,16.9,104988,1780596.48,0.3889,,,否,,,,,,否,304925337,26999002,5171533715.52,457903073.92,,,,16.82,16.74,16.33,16.12,16.56,16.92,17.63,1993-10-18,2018-04-27
2002-07-10,600680,*ST上普,电子元件,16.89,16.89,16.58,16.6,16.58,140451,2331486.60,0.5202,,,否,,,,,,否,304925337,26999002,5061760594.20,448183433.20,,,,16.80,16.70,16.39,16.12,16.54,16.91,17.62,1993-10-18,2018-04-27
2002-07-11,600680,*ST上普,电子元件,16.56,16.72,16.52,16.62,16.52,60850,1011327.00,0.2254,,,否,,,,,,否,304925337,26999002,5067859100.94,448723413.24,,,,16.81,16.69,16.45,16.13,16.53,16.91,17.60,1993-10-18,2018-04-27
2002-07-12,600680,*ST上普,电子元件,16.7,16.7,16.6,16.68,16.6,63150,1053342.00,0.2339,,,否,,,,,,否,304925337,26999002,5086154621.16,450343353.36,,,,16.79,16.71,16.50,16.16,16.52,16.90,17.59,1993-10-18,2018-04-27
2002-07-15,600680,*ST上普,电子元件,16.68,16.98,16.68,16.69,16.68,62100,1036449.00,0.2300,,,否,,,,,,否,304925337,26999002,5089203874.53,450613343.38,,,,16.71,16.73,16.55,16.20,16.51,16.90,17.58,1993-10-18,2018-04-27
2002-07-16,600680,*ST上普,电子元件,16.84,16.84,16.61,16.65,16.61,22600,376290.00,0.0837,,,否,,,,,,否,304925337,26999002,5077006861.05,449533383.30,,,,16.65,16.73,16.59,16.24,16.50,16.90,17.56,1993-10-18,2018-04-27
2002-07-17,600680,*ST上普,电子元件,16.6,16.62,16.45,16.55,16.45,55450,917697.50,0.2054,,,否,,,,,,否,304925337,26999002,5046514327.35,446833483.10,,,,16.64,16.72,16.64,16.29,16.49,16.90,17.54,1993-10-18,2018-04-27
2002-07-18,600680,*ST上普,电子元件,16.69,16.75,16.65,16.7,16.65,47835,798844.50,0.1772,,,否,,,,,,否,304925337,26999002,5092253127.90,450883333.40,,,,16.65,16.73,16.70,16.33,16.48,16.90,17.53,1993-10-18,2018-04-27
2002-07-19,600680,*ST上普,电子元件,16.72,16.96,16.72,16.82,16.72,113246,1904797.72,0.4194,,,否,,,,,,否,304925337,26999002,5128844168.34,454123213.64,,,,16.68,16.74,16.75,16.37,16.48,16.90,17.52,1993-10-18,2018-04-27
2002-07-24,600680,*ST上普,电子元件,16.38,16.59,16.38,16.5,16.38,151100,2493150.00,0.5597,,,否,,,,,,否,304925337,26999002,5031268060.50,445483533.00,,,,16.64,16.68,16.70,16.40,16.47,16.90,17.50,1993-10-18,2018-04-27
2002-07-25,600680,*ST上普,电子元件,16.38,16.45,16.08,16.1,16.08,119790,1928619.00,0.4437,,,否,,,,,,否,304925337,26999002,4909297925.70,434683932.20,,,,16.53,16.59,16.67,16.42,16.46,16.89,17.49,1993-10-18,2018-04-27
2002-07-26,600680,*ST上普,电子元件,16.1,16.1,15.7,15.8,15.7,145700,2302060.00,0.5396,,,否,,,,,,否,304925337,26999002,4817820324.60,426584231.60,,,,16.38,16.51,16.61,16.43,16.44,16.89,17.47,1993-10-18,2018-04-27
2002-07-29,600680,*ST上普,电子元件,15.8,15.86,15.46,15.62,15.46,121568,1898892.16,0.4503,,,否,,,,,,否,304925337,26999002,4762933763.94,421724411.24,,,,16.17,16.41,16.55,16.44,16.42,16.88,17.46,1993-10-18,2018-04-27
2002-07-30,600680,*ST上普,电子元件,15.65,15.89,15.65,15.8,15.65,72399,1143904.20,0.2682,,,否,,,,,,否,304925337,26999002,4817820324.60,426584231.60,,,,15.96,16.32,16.52,16.44,16.40,16.88,17.45,1993-10-18,2018-04-27
2002-07-31,600680,*ST上普,电子元件,15.8,15.85,15.66,15.7,15.66,42676,670013.20,0.1581,,,否,,,,,,否,304925337,26999002,4787327790.90,423884331.40,,,,15.80,16.22,16.48,16.44,16.38,16.87,17.44,1993-10-18,2018-04-27
2002-08-01,600680,*ST上普,电子元件,15.78,15.78,15.5,15.63,15.5,51819,809930.97,0.1919,,,否,,,,,,否,304925337,26999002,4765983017.31,421994401.26,,,,15.71,16.12,16.43,16.44,16.34,16.86,17.42,1993-10-18,2018-04-27
2002-08-02,600680,*ST上普,电子元件,15.78,15.89,15.78,15.84,15.78,62235,985802.40,0.2305,,,否,,,,,,否,304925337,26999002,4830017338.08,427664191.68,,,,15.72,16.05,16.38,16.45,16.31,16.86,17.41,1993-10-18,2018-04-27
2002-08-05,600680,*ST上普,电子元件,16.05,16.08,15.9,15.9,15.9,68385,1087321.50,0.2533,,,否,,,,,,否,304925337,26999002,4848312858.30,429284131.80,,,,15.77,15.97,16.35,16.46,16.28,16.85,17.40,1993-10-18,2018-04-27
2002-08-06,600680,*ST上普,电子元件,15.9,16.1,15.84,15.91,15.84,60297,959325.27,0.2233,,,否,,,,,,否,304925337,26999002,4851362111.67,429554121.82,,,,15.80,15.88,16.31,16.46,16.26,16.84,17.39,1993-10-18,2018-04-27
2002-08-07,600680,*ST上普,电子元件,15.93,16.0,15.9,15.93,15.9,25800,410994.00,0.0956,,,否,,,,,,否,304925337,26999002,4857460618.41,430094101.86,,,,15.84,15.82,16.25,16.41,16.24,16.83,17.38,1993-10-18,2018-04-27
2002-08-08,600680,*ST上普,电子元件,15.93,16.0,15.7,15.7,15.7,39800,624860.00,0.1474,,,否,,,,,,否,304925337,26999002,4787327790.90,423884331.40,,,,15.86,15.78,16.19,16.37,16.22,16.82,17.36,1993-10-18,2018-04-27
2002-08-09,600680,*ST上普,电子元件,15.7,15.71,15.61,15.65,15.61,39950,625217.50,0.1480,,,否,,,,,,否,304925337,26999002,4772081524.05,422534381.30,,,,15.82,15.77,16.14,16.33,16.20,16.82,17.35,1993-10-18,2018-04-27
2002-08-12,600680,*ST上普,电子元件,15.5,15.79,15.5,15.67,15.5,33128,519115.76,0.1227,,,否,,,,,,否,304925337,26999002,4778180030.79,423074361.34,,,,15.77,15.77,16.09,16.29,16.19,16.81,17.34,1993-10-18,2018-04-27
2002-08-13,600680,*ST上普,电子元件,15.69,15.73,15.58,15.69,15.58,22500,353025.00,0.0833,,,否,,,,,,否,304925337,26999002,4784278537.53,423614341.38,,,,15.73,15.76,16.04,16.26,16.17,16.80,17.33,1993-10-18,2018-04-27
2002-08-14,600680,*ST上普,电子元件,15.7,15.75,15.6,15.75,15.6,13052,205569.00,0.0483,,,否,,,,,,否,304925337,26999002,4802574057.75,425234281.50,,,,15.69,15.77,16.00,16.24,16.16,16.79,17.32,1993-10-18,2018-04-27
2002-08-15,600680,*ST上普,电子元件,15.61,15.65,15.6,15.6,15.6,38400,599040.00,0.1422,,,否,,,,,,否,304925337,26999002,4756835257.20,421184431.20,,,,15.67,15.76,15.94,16.21,16.14,16.77,17.30,1993-10-18,2018-04-27
2002-08-16,600680,*ST上普,电子元件,15.6,15.7,15.53,15.7,15.53,37057,581794.90,0.1373,,,否,,,,,,否,304925337,26999002,4787327790.90,423884331.40,,,,15.68,15.75,15.90,16.17,16.13,16.76,17.29,1993-10-18,2018-04-27
2002-08-19,600680,*ST上普,电子元件,15.56,15.78,15.56,15.61,15.56,22099,344965.39,0.0819,,,否,,,,,,否,304925337,26999002,4759884510.57,421454421.22,,,,15.67,15.72,15.85,16.14,16.11,16.74,17.28,1993-10-18,2018-04-27
2002-08-20,600680,*ST上普,电子元件,15.61,15.75,15.5,15.72,15.5,73682,1158281.04,0.2729,,,否,,,,,,否,304925337,26999002,4793426297.64,424424311.44,,,,15.68,15.70,15.79,16.11,16.10,16.72,17.27,1993-10-18,2018-04-27
2002-08-21,600680,*ST上普,电子元件,15.62,16.0,15.62,15.92,15.62,71759,1142403.28,0.2658,,,否,,,,,,否,304925337,26999002,4854411365.04,429824111.84,,,,15.71,15.70,15.76,16.07,16.09,16.70,17.27,1993-10-18,2018-04-27
2002-08-22,600680,*ST上普,电子元件,15.92,16.35,15.9,16.2,15.9,283499,4592683.80,1.0500,,,否,,,,,,否,304925337,26999002,4939790459.40,437383832.40,,,,15.83,15.75,15.77,16.04,16.08,16.69,17.27,1993-10-18,2018-04-27
2002-08-23,600680,*ST上普,电子元件,16.11,16.25,15.96,15.99,15.96,69116,1105164.84,0.2560,,,否,,,,,,否,304925337,26999002,4875756138.63,431714041.98,,,,15.89,15.79,15.78,16.02,16.07,16.68,17.26,1993-10-18,2018-04-27
2002-08-26,600680,*ST上普,电子元件,15.99,16.28,15.61,16.17,15.61,217874,3523022.58,0.8070,,,否,,,,,,否,304925337,26999002,4930642699.29,436573862.34,,,,16.00,15.84,15.80,16.01,16.07,16.67,17.26,1993-10-18,2018-04-27
2002-08-27,600680,*ST上普,电子元件,16.15,16.88,16.11,16.64,16.11,1072592,17847930.88,3.9727,,,否,,,,,,否,304925337,26999002,5073957607.68,449263393.28,,,,16.18,15.93,15.85,16.01,16.08,16.66,17.26,1993-10-18,2018-04-27
2002-08-28,600680,*ST上普,电子元件,16.54,16.6,16.24,16.26,16.24,264900,4307274.00,0.9811,,,否,,,,,,否,304925337,26999002,4958085979.62,439003772.52,,,,16.25,15.98,15.87,15.99,16.10,16.65,17.26,1993-10-18,2018-04-27
2002-08-29,600680,*ST上普,电子元件,16.25,16.25,15.98,16.0,15.98,146406,2342496.00,0.5423,,,否,,,,,,否,304925337,26999002,4878805392.00,431984032.00,,,,16.21,16.02,15.89,15.97,16.10,16.64,17.26,1993-10-18,2018-04-27
2002-08-30,600680,*ST上普,电子元件,16.0,16.18,15.92,16.0,15.92,88394,1414304.00,0.3274,,,否,,,,,,否,304925337,26999002,4878805392.00,431984032.00,,,,16.21,16.05,15.90,15.95,16.12,16.63,17.26,1993-10-18,2018-04-27
2002-09-02,600680,*ST上普,电子元件,16.03,16.1,15.98,16.03,15.98,36570,586217.10,0.1354,,,否,,,,,,否,304925337,26999002,4887953152.11,432794002.06,,,,16.19,16.09,15.91,15.93,16.13,16.61,17.26,1993-10-18,2018-04-27
2002-09-03,600680,*ST上普,电子元件,16.03,16.17,16.02,16.06,16.02,69300,1112958.00,0.2567,,,否,,,,,,否,304925337,26999002,4897100912.22,433603972.12,,,,16.07,16.13,15.91,15.90,16.14,16.59,17.25,1993-10-18,2018-04-27
2002-09-04,600680,*ST上普,电子元件,16.17,16.22,15.94,15.97,15.94,79149,1264009.53,0.2932,,,否,,,,,,否,304925337,26999002,4869657631.89,431174061.94,,,,16.01,16.13,15.92,15.89,16.14,16.58,17.25,1993-10-18,2018-04-27
2002-09-05,600680,*ST上普,电子元件,15.98,16.04,15.7,15.75,15.7,102696,1617462.00,0.3804,,,否,,,,,,否,304925337,26999002,4802574057.75,425234281.50,,,,15.96,16.09,15.92,15.87,16.14,16.56,17.24,1993-10-18,2018-04-27
2002-09-06,600680,*ST上普,电子元件,15.74,15.85,15.66,15.68,15.66,86300,1353184.00,0.3196,,,否,,,,,,否,304925337,26999002,4781229284.16,423344351.36,,,,15.90,16.06,15.92,15.87,16.15,16.54,17.24,1993-10-18,2018-04-27
2002-09-09,600680,*ST上普,电子元件,15.68,15.91,15.56,15.89,15.56,124211,1973712.79,0.4601,,,否,,,,,,否,304925337,26999002,4845263604.93,429014141.78,,,,15.87,16.03,15.93,15.88,16.16,16.52,17.23,1993-10-18,2018-04-27
2002-09-10,600680,*ST上普,电子元件,15.91,16.16,15.8,15.94,15.8,130709,2083501.46,0.4841,,,否,,,,,,否,304925337,26999002,4860509871.78,430364091.88,,,,15.85,15.96,15.94,15.88,16.16,16.50,17.23,1993-10-18,2018-04-27
2002-09-11,600680,*ST上普,电子元件,15.88,16.35,15.75,16.28,15.75,327769,5336079.32,1.2140,,,否,,,,,,否,304925337,26999002,4964184486.36,439543752.56,,,,15.91,15.96,15.97,15.90,16.17,16.49,17.23,1993-10-18,2018-04-27
2002-09-12,600680,*ST上普,电子元件,16.25,16.4,16.14,16.24,16.14,220051,3573628.24,0.8150,,,否,,,,,,否,304925337,26999002,4951987472.88,438463792.48,,,,16.01,15.98,16.00,15.92,16.18,16.48,17.23,1993-10-18,2018-04-27
2002-09-13,600680,*ST上普,电子元件,15.6,16.28,15.6,15.97,15.6,120100,1917997.00,0.4448,,,否,,,,,,否,304925337,26999002,4869657631.89,431174061.94,,,,16.06,15.98,16.02,15.93,16.19,16.46,17.23,1993-10-18,2018-04-27
2002-09-16,600680,*ST上普,电子元件,15.97,16.14,15.7,15.75,15.7,162801,2564115.75,0.6030,,,否,,,,,,否,304925337,26999002,4802574057.75,425234281.50,,,,16.04,15.95,16.02,15.92,16.19,16.44,17.22,1993-10-18,2018-04-27
2002-09-17,600680,*ST上普,电子元件,15.72,15.9,15.59,15.88,15.59,138458,2198713.04,0.5128,,,否,,,,,,否,304925337,26999002,4842214351.56,428744151.76,,,,16.02,15.94,16.03,15.92,16.19,16.42,17.22,1993-10-18,2018-04-27
2002-09-18,600680,*ST上普,电子元件,15.88,15.88,15.63,15.7,15.63,73200,1149240.00,0.2711,,,否,,,,,,否,304925337,26999002,4787327790.90,423884331.40,,,,15.91,15.91,16.02,15.91,16.16,16.40,17.22,1993-10-18,2018-04-27
2002-09-19,600680,*ST上普,电子元件,15.75,16.1,15.65,15.97,15.65,157974,2522844.78,0.5851,,,否,,,,,,否,304925337,26999002,4869657631.89,431174061.94,,,,15.85,15.93,16.01,15.92,16.15,16.39,17.23,1993-10-18,2018-04-27
2002-09-20,600680,*ST上普,电子元件,15.97,16.15,15.76,15.83,15.76,146461,2318477.63,0.5425,,,否,,,,,,否,304925337,26999002,4826968084.71,427394201.66,,,,15.83,15.95,16.00,15.93,16.13,16.37,17.22,1993-10-18,2018-04-27
2002-09-23,600680,*ST上普,电子元件,15.8,15.99,15.75,15.85,15.75,34160,541436.00,0.1265,,,否,,,,,,否,304925337,26999002,4833066591.45,427934181.70,,,,15.85,15.94,15.98,15.93,16.11,16.36,17.22,1993-10-18,2018-04-27
2002-09-24,600680,*ST上普,电子元件,15.82,15.85,15.65,15.67,15.65,81991,1284798.97,0.3037,,,否,,,,,,否,304925337,26999002,4778180030.79,423074361.34,,,,15.80,15.91,15.94,15.93,16.10,16.34,17.22,1993-10-18,2018-04-27
2002-09-25,600680,*ST上普,电子元件,15.68,15.84,15.55,15.59,15.55,75950,1184060.50,0.2813,,,否,,,,,,否,304925337,26999002,4753786003.83,420914441.18,,,,15.78,15.85,15.90,15.93,16.08,16.33,17.22,1993-10-18,2018-04-27
2002-09-26,600680,*ST上普,电子元件,15.56,15.7,15.36,15.37,15.36,181839,2794865.43,0.6735,,,否,,,,,,否,304925337,26999002,4686702429.69,414974660.74,,,,15.66,15.76,15.87,15.92,16.06,16.32,17.21,1993-10-18,2018-04-27
2002-09-27,600680,*ST上普,电子元件,15.35,15.35,15.16,15.17,15.16,128650,1951620.50,0.4765,,,否,,,,,,否,304925337,26999002,4625717362.29,409574860.34,,,,15.53,15.68,15.83,15.90,16.04,16.31,17.20,1993-10-18,2018-04-27
2002-10-08,600680,*ST上普,电子元件,15.13,15.39,15.08,15.23,15.08,51410,782974.30,0.1904,,,否,,,,,,否,304925337,26999002,4644012882.51,411194800.46,,,,15.41,15.63,15.79,15.89,16.02,16.29,17.19,1993-10-18,2018-04-27
2002-10-09,600680,*ST上普,电子元件,15.19,15.37,14.86,14.91,14.86,66410,990173.10,0.2460,,,否,,,,,,否,304925337,26999002,4546436774.67,402555119.82,,,,15.25,15.53,15.73,15.86,15.98,16.27,17.18,1993-10-18,2018-04-27
2002-10-10,600680,*ST上普,电子元件,14.91,15.11,14.91,14.91,14.91,49290,734913.90,0.1826,,,否,,,,,,否,304925337,26999002,4546436774.67,402555119.82,,,,15.12,15.45,15.68,15.83,15.95,16.25,17.17,1993-10-18,2018-04-27
2002-10-11,600680,*ST上普,电子元件,14.93,14.99,14.8,14.87,14.8,49000,728630.00,0.1815,,,否,,,,,,否,304925337,26999002,4534239761.19,401475159.74,,,,15.02,15.34,15.64,15.79,15.91,16.23,17.15,1993-10-18,2018-04-27
2002-10-14,600680,*ST上普,电子元件,14.99,15.01,14.81,14.96,14.81,35587,532381.52,0.1318,,,否,,,,,,否,304925337,26999002,4561683041.52,403905069.92,,,,14.98,15.25,15.60,15.75,15.89,16.21,17.14,1993-10-18,2018-04-27
2002-10-15,600680,*ST上普,电子元件,14.91,15.11,14.91,14.91,14.91,32000,477120.00,0.1185,,,否,,,,,,否,304925337,26999002,4546436774.67,402555119.82,,,,14.91,15.16,15.55,15.71,15.86,16.19,17.13,1993-10-18,2018-04-27
2002-10-16,600680,*ST上普,电子元件,15.01,15.14,14.98,14.99,14.98,36807,551736.93,0.1363,,,否,,,,,,否,304925337,26999002,4570830801.63,404715039.98,,,,14.93,15.09,15.50,15.65,15.83,16.17,17.11,1993-10-18,2018-04-27
2002-10-17,600680,*ST上普,电子元件,15.01,15.01,14.66,14.66,14.66,61150,896459.00,0.2265,,,否,,,,,,否,304925337,26999002,4470205440.42,395805369.32,,,,14.88,15.00,15.42,15.60,15.80,16.15,17.10,1993-10-18,2018-04-27
2002-10-18,600680,*ST上普,电子元件,14.61,14.81,14.53,14.72,14.53,84497,1243795.84,0.3130,,,否,,,,,,否,304925337,26999002,4488500960.64,397425309.44,,,,14.85,14.93,15.35,15.56,15.76,16.13,17.09,1993-10-18,2018-04-27
2002-10-21,600680,*ST上普,电子元件,14.41,14.68,14.41,14.62,14.41,37130,542840.60,0.1375,,,否,,,,,,否,304925337,26999002,4458008426.94,394725409.24,,,,14.78,14.88,15.28,15.51,15.73,16.11,17.07,1993-10-18,2018-04-27
2002-10-22,600680,*ST上普,电子元件,14.64,14.99,14.63,14.92,14.63,86700,1293564.00,0.3211,,,否,,,,,,否,304925337,26999002,4549486028.04,402825109.84,,,,14.78,14.85,15.24,15.48,15.70,16.09,17.05,1993-10-18,2018-04-27
2002-10-23,600680,*ST上普,电子元件,14.91,14.96,14.73,14.9,14.73,52050,775545.00,0.1928,,,否,,,,,,否,304925337,26999002,4543387521.30,402285129.80,,,,14.76,14.85,15.19,15.44,15.67,16.07,17.04,1993-10-18,2018-04-27
2002-10-24,600680,*ST上普,电子元件,15.11,15.19,14.86,14.87,14.86,35629,529803.23,0.1320,,,否,,,,,,否,304925337,26999002,4534239761.19,401475159.74,,,,14.81,14.84,15.15,15.40,15.64,16.06,17.02,1993-10-18,2018-04-27
2002-10-25,600680,*ST上普,电子元件,14.96,15.1,14.63,14.65,14.63,49750,728837.50,0.1843,,,否,,,,,,否,304925337,26999002,4467156187.05,395535379.30,,,,14.79,14.82,15.08,15.36,15.62,16.04,17.00,1993-10-18,2018-04-27
2002-10-28,600680,*ST上普,电子元件,14.53,14.79,14.51,14.54,14.51,39896,580087.84,0.1478,,,否,,,,,,否,304925337,26999002,4433614399.98,392565489.08,,,,14.78,14.78,15.02,15.33,15.60,16.02,16.98,1993-10-18,2018-04-27
2002-10-29,600680,*ST上普,电子元件,14.51,15.11,14.03,14.91,14.03,165050,2460895.50,0.6113,,,否,,,,,,否,304925337,26999002,4546436774.67,402555119.82,,,,14.77,14.78,14.97,15.29,15.59,16.00,16.97,1993-10-18,2018-04-27
2002-10-30,600680,*ST上普,电子元件,14.81,14.83,14.51,14.73,14.51,81449,1199743.77,0.3017,,,否,,,,,,否,304925337,26999002,4491550214.01,397695299.46,,,,14.74,14.75,14.92,15.25,15.57,15.98,16.95,1993-10-18,2018-04-27
2002-10-31,600680,*ST上普,电子元件,14.71,14.81,14.54,14.61,14.54,41200,601932.00,0.1526,,,否,,,,,,否,304925337,26999002,4454959173.57,394455419.22,,,,14.69,14.75,14.87,15.20,15.55,15.96,16.93,1993-10-18,2018-04-27
2002-11-01,600680,*ST上普,电子元件,14.71,14.75,14.53,14.64,14.53,28950,423828.00,0.1072,,,否,,,,,,否,304925337,26999002,4464106933.68,395265389.28,,,,14.69,14.74,14.84,15.14,15.53,15.94,16.91,1993-10-18,2018-04-27
2002-11-04,600680,*ST上普,电子元件,14.69,15.04,14.67,14.96,14.67,98880,1479244.80,0.3662,,,否,,,,,,否,304925337,26999002,4561683041.52,403905069.92,,,,14.77,14.77,14.83,15.11,15.52,15.91,16.90,1993-10-18,2018-04-27
2002-11-05,600680,*ST上普,电子元件,15.11,15.21,14.97,15.09,14.97,205728,3104435.52,0.7620,,,否,,,,,,否,304925337,26999002,4601323335.33,407414940.18,,,,14.81,14.79,14.82,15.09,15.51,15.89,16.89,1993-10-18,2018-04-27
2002-11-06,600680,*ST上普,电子元件,15.11,15.13,14.99,15.03,14.99,125522,1886595.66,0.4649,,,否,,,,,,否,304925337,26999002,4583027815.11,405795000.06,,,,14.87,14.80,14.82,15.06,15.49,15.87,16.88,1993-10-18,2018-04-27
2002-11-07,600680,*ST上普,电子元件,15.03,15.03,14.81,14.91,14.81,85558,1275669.78,0.3169,,,否,,,,,,否,304925337,26999002,4546436774.67,402555119.82,,,,14.93,14.81,14.82,15.03,15.47,15.86,16.86,1993-10-18,2018-04-27
2002-11-08,600680,*ST上普,电子元件,15.01,15.13,14.49,14.5,14.49,98550,1428975.00,0.3650,,,否,,,,,,否,304925337,26999002,4421417386.50,391485529.00,,,,14.90,14.79,14.81,14.98,15.45,15.84,16.85,1993-10-18,2018-04-27
2002-11-11,600680,*ST上普,电子元件,14.81,14.84,14.37,14.37,14.37,41600,597792.00,0.1541,,,否,,,,,,否,304925337,26999002,4381777092.69,387975658.74,,,,14.78,14.78,14.78,14.94,15.43,15.81,16.83,1993-10-18,2018-04-27
2002-11-12,600680,*ST上普,电子元件,14.38,14.41,13.74,13.75,13.74,171800,2362250.00,0.6363,,,否,,,,,,否,304925337,26999002,4192723383.75,371236277.50,,,,14.51,14.66,14.72,14.87,15.40,15.79,16.81,1993-10-18,2018-04-27
2002-11-13,600680,*ST上普,电子元件,13.81,13.96,13.62,13.96,13.62,112439,1569648.44,0.4165,,,否,,,,,,否,304925337,26999002,4256757704.52,376906067.92,,,,14.30,14.58,14.67,14.81,15.37,15.77,16.80,1993-10-18,2018-04-27
2002-11-14,600680,*ST上普,电子元件,14.06,14.06,13.41,13.42,13.41,92300,1238666.00,0.3419,,,否,,,,,,否,304925337,26999002,4092098022.54,362326606.84,,,,14.00,14.46,14.61,14.74,15.33,15.75,16.78,1993-10-18,2018-04-27
2002-11-15,600680,*ST上普,电子元件,13.31,13.69,13.3,13.34,13.3,123200,1643488.00,0.4563,,,否,,,,,,否,304925337,26999002,4067703995.58,360166686.68,,,,13.77,14.33,14.54,14.67,15.29,15.72,16.76,1993-10-18,2018-04-27
2002-11-18,600680,*ST上普,电子元件,13.5,13.66,13.17,13.22,13.17,66760,882567.20,0.2473,,,否,,,,,,否,304925337,26999002,4031112955.14,356926806.44,,,,13.54,14.16,14.47,14.60,15.25,15.69,16.74,1993-10-18,2018-04-27
2002-11-19,600680,*ST上普,电子元件,13.22,13.52,13.2,13.41,13.2,61250,821362.50,0.2269,,,否,,,,,,否,304925337,26999002,4089048769.17,362056616.82,,,,13.47,13.99,14.39,14.54,15.22,15.66,16.72,1993-10-18,2018-04-27
2002-11-20,600680,*ST上普,电子元件,13.41,13.41,12.92,12.92,12.92,136200,1759704.00,0.5045,,,否,,,,,,否,304925337,26999002,3939635354.04,348827105.84,,,,13.26,13.78,14.29,14.48,15.17,15.64,16.69,1993-10-18,2018-04-27
2002-11-21,600680,*ST上普,电子元件,12.92,12.92,12.22,12.31,12.22,190417,2344033.27,0.7053,,,否,,,,,,否,304925337,26999002,3753630898.47,332357714.62,,,,13.04,13.52,14.16,14.39,15.11,15.60,16.66,1993-10-18,2018-04-27
2002-11-22,600680,*ST上普,电子元件,12.27,12.62,12.1,12.27,12.1,155939,1913371.53,0.5776,,,否,,,,,,否,304925337,26999002,3741433884.99,331277754.54,,,,12.83,13.30,14.04,14.30,15.04,15.56,16.63,1993-10-18,2018-04-27
2002-11-25,600680,*ST上普,电子元件,12.22,12.48,12.12,12.44,12.12,82450,1025678.00,0.3054,,,否,,,,,,否,304925337,26999002,3793271192.28,335867584.88,,,,12.67,13.10,13.94,14.22,14.99,15.53,16.61,1993-10-18,2018-04-27
2002-11-27,600680,*ST上普,电子元件,12.31,12.31,11.78,12.07,11.78,162750,1964392.50,0.6028,,,否,,,,,,否,304925337,26999002,3680448817.59,325877954.14,,,,12.40,12.94,13.80,14.12,14.92,15.49,16.58,1993-10-18,2018-04-27
2002-11-28,600680,*ST上普,电子元件,11.98,12.49,11.93,12.48,11.93,205893,2569544.64,0.7626,,,否,,,,,,否,304925337,26999002,3805468205.76,336947544.96,,,,12.31,12.79,13.69,14.04,14.85,15.46,16.55,1993-10-18,2018-04-27
2002-11-29,600680,*ST上普,电子元件,12.48,13.1,12.29,12.87,12.29,464636,5979865.32,1.7209,,,否,,,,,,否,304925337,26999002,3924389087.19,347477155.74,,,,12.43,12.73,13.60,13.98,14.79,15.44,16.53,1993-10-18,2018-04-27
2002-12-02,600680,*ST上普,电子元件,12.77,12.84,12.32,12.35,12.32,116640,1440504.00,0.4320,,,否,,,,,,否,304925337,26999002,3765827911.95,333437674.70,,,,12.44,12.63,13.48,13.90,14.73,15.42,16.51,1993-10-18,2018-04-27
2002-12-03,600680,*ST上普,电子元件,12.11,12.51,12.11,12.5,12.11,71827,897837.50,0.2660,,,否,,,,,,否,304925337,26999002,3811566712.50,337487525.00,,,,12.45,12.56,13.36,13.83,14.67,15.40,16.49,1993-10-18,2018-04-27
2002-12-04,600680,*ST上普,电子元件,12.57,12.98,12.57,12.62,12.57,227350,2869157.00,0.8421,,,否,,,,,,否,304925337,26999002,3848157752.94,340727405.24,,,,12.56,12.48,13.24,13.75,14.62,15.37,16.46,1993-10-18,2018-04-27
2002-12-05,600680,*ST上普,电子元件,12.62,12.62,12.32,12.49,12.32,65408,816945.92,0.2423,,,否,,,,,,否,304925337,26999002,3808517459.13,337217534.98,,,,12.57,12.44,13.11,13.67,14.56,15.35,16.44,1993-10-18,2018-04-27
2002-12-06,600680,*ST上普,电子元件,12.62,12.74,12.37,12.62,12.37,104260,1315761.20,0.3862,,,否,,,,,,否,304925337,26999002,3848157752.94,340727405.24,,,,12.52,12.47,13.00,13.60,14.50,15.32,16.42,1993-10-18,2018-04-27
2002-12-09,600680,*ST上普,电子元件,12.57,12.66,12.42,12.5,12.42,41100,513750.00,0.1522,,,否,,,,,,否,304925337,26999002,3811566712.50,337487525.00,,,,12.55,12.49,12.90,13.53,14.45,15.30,16.40,1993-10-18,2018-04-27
2002-12-10,600680,*ST上普,电子元件,12.37,12.67,12.32,12.38,12.32,66399,822019.62,0.2459,,,否,,,,,,否,304925337,26999002,3774975672.06,334247644.76,,,,12.52,12.49,12.80,13.46,14.39,15.27,16.37,1993-10-18,2018-04-27
2002-12-11,600680,*ST上普,电子元件,12.33,12.35,12.04,12.21,12.04,57400,700854.00,0.2126,,,否,,,,,,否,304925337,26999002,3723138364.77,329657814.42,,,,12.44,12.50,12.72,13.37,14.33,15.24,16.34,1993-10-18,2018-04-27
2002-12-12,600680,*ST上普,电子元件,12.22,12.64,12.12,12.31,12.12,65980,812213.80,0.2444,,,否,,,,,,否,304925337,26999002,3753630898.47,332357714.62,,,,12.40,12.49,12.64,13.29,14.27,15.21,16.32,1993-10-18,2018-04-27
2002-12-13,600680,*ST上普,电子元件,12.22,12.47,12.03,12.37,12.03,90528,1119831.36,0.3353,,,否,,,,,,否,304925337,26999002,3771926418.69,333977654.74,,,,12.35,12.44,12.58,13.21,14.20,15.19,16.29,1993-10-18,2018-04-27
2002-12-16,600680,*ST上普,电子元件,12.27,12.57,12.27,12.57,12.27,90700,1140099.00,0.3359,,,否,,,,,,否,304925337,26999002,3832911486.09,339377455.14,,,,12.37,12.46,12.55,13.14,14.14,15.16,16.26,1993-10-18,2018-04-27
2002-12-17,600680,*ST上普,电子元件,12.57,12.68,12.44,12.65,12.44,87298,1104319.70,0.3233,,,否,,,,,,否,304925337,26999002,3857305513.05,341537375.30,,,,12.42,12.47,12.52,13.06,14.09,15.14,16.24,1993-10-18,2018-04-27
2002-12-18,600680,*ST上普,电子元件,12.67,13.91,12.66,13.91,12.66,2849635,39638422.85,10.5546,,,否,,,,,,是,304925337,26999002,4241511437.67,375556117.82,,,,12.76,12.60,12.54,13.03,14.06,15.12,16.22,1993-10-18,2018-04-27
2002-12-19,600680,*ST上普,电子元件,13.68,13.85,13.42,13.67,13.42,1282802,17535903.34,4.7513,,,否,,,,,,否,304925337,26999002,4168329356.79,369076357.34,,,,13.03,12.72,12.58,12.98,14.02,15.11,16.20,1993-10-18,2018-04-27
2002-12-20,600680,*ST上普,电子元件,13.71,13.75,13.37,13.59,13.37,627529,8528119.11,2.3243,,,否,,,,,,否,304925337,26999002,4143935329.83,366916437.18,,,,13.28,12.82,12.64,12.94,13.98,15.07,16.18,1993-10-18,2018-04-27
2002-12-23,600680,*ST上普,电子元件,13.59,13.76,13.44,13.46,13.44,526800,7090728.00,1.9512,,,否,,,,,,否,304925337,26999002,4104295036.02,363406566.92,,,,13.46,12.91,12.70,12.90,13.94,15.04,16.15,1993-10-18,2018-04-27
2002-12-24,600680,*ST上普,电子元件,13.46,13.61,13.26,13.57,13.26,380508,5163493.56,1.4093,,,否,,,,,,否,304925337,26999002,4137836823.09,366376457.14,,,,13.64,13.03,12.76,12.87,13.90,15.02,16.13,1993-10-18,2018-04-27
2002-12-25,600680,*ST上普,电子元件,13.57,13.57,13.26,13.27,13.26,331599,4400318.73,1.2282,,,否,,,,,,否,304925337,26999002,4046359221.99,358276756.54,,,,13.51,13.14,12.82,12.86,13.86,14.99,16.10,1993-10-18,2018-04-27
2002-12-26,600680,*ST上普,电子元件,13.22,13.39,12.72,12.76,12.72,389805,4973911.80,1.4438,,,否,,,,,,否,304925337,26999002,3890847300.12,344507265.52,,,,13.33,13.18,12.83,12.82,13.81,14.96,16.08,1993-10-18,2018-04-27
2002-12-27,600680,*ST上普,电子元件,12.62,12.8,12.42,12.6,12.42,490818,6184306.80,1.8179,,,否,,,,,,否,304925337,26999002,3842059246.20,340187425.20,,,,13.13,13.21,12.82,12.79,13.76,14.92,16.05,1993-10-18,2018-04-27
2002-12-30,600680,*ST上普,电子元件,12.52,12.56,12.15,12.27,12.15,443623,5443254.21,1.6431,,,否,,,,,,否,304925337,26999002,3741433884.99,331277754.54,,,,12.89,13.18,12.82,12.76,13.71,14.89,16.02,1993-10-18,2018-04-27
2002-12-31,600680,*ST上普,电子元件,12.23,12.62,12.2,12.2,12.2,437394,5336206.80,1.6200,,,否,,,,,,否,304925337,26999002,3720089111.40,329387824.40,,,,12.62,13.13,12.80,12.72,13.66,14.85,16.00,1993-10-18,2018-04-27
2003-01-02,600680,*ST上普,电子元件,12.12,12.5,11.98,12.25,11.98,239392,2932552.00,0.8867,,,否,,,,,,否,304925337,26999002,3735335378.25,330737774.50,,,,12.42,12.96,12.78,12.68,13.61,14.81,15.97,1993-10-18,2018-04-27
2003-01-03,600680,*ST上普,电子元件,12.11,12.87,12.11,12.43,12.11,364237,4527465.91,1.3491,,,否,,,,,,否,304925337,26999002,3790221938.91,335597594.86,,,,12.35,12.84,12.78,12.67,13.57,14.78,15.94,1993-10-18,2018-04-27
2003-01-06,600680,*ST上普,电子元件,12.33,12.98,12.22,12.86,12.22,574302,7385523.72,2.1271,,,否,,,,,,否,304925337,26999002,3921339833.82,347207165.72,,,,12.40,12.77,12.79,12.68,13.54,14.74,15.92,1993-10-18,2018-04-27
2003-01-07,600680,*ST上普,电子元件,12.81,12.9,12.5,12.66,12.5,425439,5386057.74,1.5758,,,否,,,,,,否,304925337,26999002,3860354766.42,341807365.32,,,,12.48,12.69,12.80,12.70,13.50,14.71,15.89,1993-10-18,2018-04-27
2003-01-08,600680,*ST上普,电子元件,12.61,13.12,12.61,13.02,12.61,474871,6182820.42,1.7588,,,否,,,,,,否,304925337,26999002,3970127887.74,351527006.04,,,,12.64,12.63,12.83,12.72,13.47,14.68,15.87,1993-10-18,2018-04-27
2003-01-09,600680,*ST上普,电子元件,13.22,13.9,13.0,13.53,13.0,1328172,17970167.16,4.9193,,,否,,,,,,否,304925337,26999002,4125639809.61,365296497.06,,,,12.90,12.66,12.90,12.77,13.45,14.65,15.85,1993-10-18,2018-04-27
2003-01-10,600680,*ST上普,电子元件,13.42,13.69,13.18,13.19,13.18,638312,8419335.28,2.3642,,,否,,,,,,否,304925337,26999002,4021965195.03,356116836.38,,,,13.05,12.70,12.94,12.79,13.42,14.62,15.83,1993-10-18,2018-04-27
2003-01-13,600680,*ST上普,电子元件,13.17,13.79,13.17,13.53,13.17,567218,7674459.54,2.1009,,,否,,,,,,否,304925337,26999002,4125639809.61,365296497.06,,,,13.19,12.79,13.00,12.81,13.40,14.60,15.81,1993-10-18,2018-04-27
2003-01-14,600680,*ST上普,电子元件,13.27,14.17,13.27,13.97,13.27,1294839,18088900.83,4.7959,,,否,,,,,,否,304925337,26999002,4259806957.89,377176057.94,,,,13.45,12.96,13.07,12.87,13.38,14.57,15.80,1993-10-18,2018-04-27
2003-01-15,600680,*ST上普,电子元件,14.02,14.39,13.66,13.9,13.66,999709,13895955.10,3.7028,,,否,,,,,,否,304925337,26999002,4238462184.30,375286127.80,,,,13.62,13.13,13.13,12.91,13.37,14.55,15.78,1993-10-18,2018-04-27
2003-01-16,600680,*ST上普,电子元件,13.77,14.31,13.77,14.1,13.77,796698,11233441.80,2.9508,,,否,,,,,,否,304925337,26999002,4299447251.70,380685928.20,,,,13.74,13.32,13.14,12.96,13.36,14.53,15.77,1993-10-18,2018-04-27
2003-01-17,600680,*ST上普,电子元件,14.16,14.29,13.81,13.83,13.81,489704,6772606.32,1.8138,,,否,,,,,,否,304925337,26999002,4217117410.71,373396197.66,,,,13.87,13.46,13.15,13.01,13.34,14.51,15.75,1993-10-18,2018-04-27
2003-01-20,600680,*ST上普,电子元件,13.86,13.91,13.52,13.76,13.52,327998,4513252.48,1.2149,,,否,,,,,,否,304925337,26999002,4195772637.12,371506267.52,,,,13.91,13.55,13.16,13.04,13.32,14.48,15.74,1993-10-18,2018-04-27
2003-01-21,600680,*ST上普,电子元件,13.75,14.0,13.62,13.62,13.62,429540,5850334.80,1.5909,,,否,,,,,,否,304925337,26999002,4153083089.94,367726407.24,,,,13.84,13.65,13.17,13.08,13.30,14.46,15.72,1993-10-18,2018-04-27
2003-01-22,600680,*ST上普,电子元件,13.53,13.63,13.42,13.6,13.42,226014,3073790.40,0.8371,,,否,,,,,,否,304925337,26999002,4146984583.20,367186427.20,,,,13.78,13.70,13.17,13.12,13.29,14.44,15.71,1993-10-18,2018-04-27
2003-01-23,600680,*ST上普,电子元件,13.54,14.09,13.42,13.53,13.42,299830,4056699.90,1.1105,,,否,,,,,,否,304925337,26999002,4125639809.61,365296497.06,,,,13.67,13.70,13.18,13.17,13.27,14.43,15.70,1993-10-18,2018-04-27
2003-01-24,600680,*ST上普,电子元件,13.46,13.71,13.44,13.69,13.44,166842,2284066.98,0.6180,,,否,,,,,,否,304925337,26999002,4174427863.53,369616337.38,,,,13.64,13.75,13.23,13.21,13.25,14.41,15.68,1993-10-18,2018-04-27
2003-01-27,600680,*ST上普,电子元件,13.73,13.9,13.73,13.78,13.73,226809,3125428.02,0.8401,,,否,,,,,,否,304925337,26999002,4201871143.86,372046247.56,,,,13.64,13.78,13.29,13.26,13.23,14.39,15.67,1993-10-18,2018-04-27
2003-01-28,600680,*ST上普,电子元件,13.79,13.83,13.65,13.75,13.65,211980,2914725.00,0.7851,,,否,,,,,,否,304925337,26999002,4192723383.75,371236277.50,,,,13.67,13.76,13.36,13.30,13.22,14.38,15.66,1993-10-18,2018-04-27
2003-01-29,600680,*ST上普,电子元件,13.75,14.16,13.66,13.91,13.66,483311,6722856.01,1.7901,,,否,,,,,,否,304925337,26999002,4241511437.67,375556117.82,,,,13.73,13.76,13.45,13.34,13.20,14.36,15.65,1993-10-18,2018-04-27
2003-02-10,600680,*ST上普,电子元件,13.96,13.96,13.62,13.63,13.62,147996,2017185.48,0.5482,,,否,,,,,,否,304925337,26999002,4156132343.31,367996397.26,,,,13.75,13.71,13.51,13.33,13.18,14.34,15.64,1993-10-18,2018-04-27
2003-02-11,600680,*ST上普,电子元件,13.71,13.8,13.62,13.79,13.62,89500,1234205.00,0.3315,,,否,,,,,,否,304925337,26999002,4204920397.23,372316237.58,,,,13.77,13.71,13.58,13.34,13.16,14.32,15.62,1993-10-18,2018-04-27
2003-02-12,600680,*ST上普,电子元件,13.73,14.0,13.71,13.96,13.71,192363,2685387.48,0.7125,,,否,,,,,,否,304925337,26999002,4256757704.52,376906067.92,,,,13.81,13.73,13.64,13.35,13.14,14.31,15.61,1993-10-18,2018-04-27
2003-02-13,600680,*ST上普,电子元件,13.91,14.61,13.91,14.11,13.91,1023159,14436773.49,3.7896,,,否,,,,,,否,304925337,26999002,4302496505.07,380955918.22,,,,13.88,13.78,13.71,13.37,13.14,14.29,15.60,1993-10-18,2018-04-27
2003-02-14,600680,*ST上普,电子元件,14.02,14.11,13.96,14.03,13.96,240999,3381215.97,0.8926,,,否,,,,,,否,304925337,26999002,4278102478.11,378795998.06,,,,13.90,13.82,13.76,13.38,13.13,14.28,15.59,1993-10-18,2018-04-27
2003-02-17,600680,*ST上普,电子元件,14.04,14.19,13.82,13.87,13.82,248143,3441743.41,0.9191,,,否,,,,,,否,304925337,26999002,4229314424.19,374476157.74,,,,13.95,13.85,13.78,13.40,13.13,14.27,15.58,1993-10-18,2018-04-27
2003-02-18,600680,*ST上普,电子元件,13.77,13.91,13.73,13.8,13.73,123388,1702754.40,0.4570,,,否,,,,,,否,304925337,26999002,4207969650.60,372586227.60,,,,13.95,13.86,13.81,13.44,13.13,14.25,15.57,1993-10-18,2018-04-27
2003-02-19,600680,*ST上普,电子元件,13.88,13.89,13.71,13.84,13.71,114571,1585662.64,0.4244,,,否,,,,,,否,304925337,26999002,4220166664.08,373666187.68,,,,13.93,13.87,13.82,13.48,13.14,14.23,15.56,1993-10-18,2018-04-27
2003-02-20,600680,*ST上普,电子元件,13.81,13.9,13.8,13.81,13.8,121558,1678715.98,0.4502,,,否,,,,,,否,304925337,26999002,4211018903.97,372856217.62,,,,13.87,13.88,13.82,13.53,13.14,14.22,15.55,1993-10-18,2018-04-27
2003-02-21,600680,*ST上普,电子元件,13.76,13.81,13.48,13.5,13.48,273700,3694950.00,1.0137,,,否,,,,,,否,304925337,26999002,4116492049.50,364486527.00,,,,13.76,13.83,13.80,13.58,13.15,14.20,15.54,1993-10-18,2018-04-27
2003-02-24,600680,*ST上普,电子元件,13.43,13.62,13.4,13.44,13.4,129510,1740614.40,0.4797,,,否,,,,,,否,304925337,26999002,4098196529.28,362866586.88,,,,13.68,13.82,13.76,13.61,13.15,14.18,15.52,1993-10-18,2018-04-27
2003-02-25,600680,*ST上普,电子元件,13.41,13.81,13.41,13.77,13.41,162070,2231703.90,0.6003,,,否,,,,,,否,304925337,26999002,4198821890.49,371776257.54,,,,13.67,13.81,13.76,13.66,13.16,14.17,15.51,1993-10-18,2018-04-27
2003-02-26,600680,*ST上普,电子元件,13.78,13.94,13.75,13.8,13.75,88519,1221562.20,0.3279,,,否,,,,,,否,304925337,26999002,4207969650.60,372586227.60,,,,13.66,13.80,13.76,13.69,13.19,14.15,15.50,1993-10-18,2018-04-27
2003-02-27,600680,*ST上普,电子元件,13.8,13.89,13.71,13.74,13.71,106208,1459297.92,0.3934,,,否,,,,,,否,304925337,26999002,4189674130.38,370966287.48,,,,13.65,13.76,13.77,13.73,13.21,14.13,15.49,1993-10-18,2018-04-27
2003-02-28,600680,*ST上普,电子元件,13.78,13.89,13.69,13.87,13.69,185833,2577503.71,0.6883,,,否,,,,,,否,304925337,26999002,4229314424.19,374476157.74,,,,13.72,13.74,13.78,13.76,13.24,14.11,15.48,1993-10-18,2018-04-27
2003-03-03,600680,*ST上普,电子元件,13.86,13.91,13.75,13.9,13.75,112051,1557508.90,0.4150,,,否,,,,,,否,304925337,26999002,4238462184.30,375286127.80,,,,13.82,13.75,13.80,13.77,13.27,14.09,15.47,1993-10-18,2018-04-27
2003-03-04,600680,*ST上普,电子元件,13.44,14.37,13.44,13.91,13.44,627457,8727926.87,2.3240,,,否,,,,,,否,304925337,26999002,4241511437.67,375556117.82,,,,13.84,13.76,13.81,13.79,13.29,14.07,15.45,1993-10-18,2018-04-27
2003-03-05,600680,*ST上普,电子元件,13.84,13.91,13.66,13.76,13.66,209039,2876376.64,0.7742,,,否,,,,,,否,304925337,26999002,4195772637.12,371506267.52,,,,13.84,13.75,13.81,13.80,13.31,14.05,15.44,1993-10-18,2018-04-27
2003-03-06,600680,*ST上普,电子元件,13.67,14.01,13.6,13.77,13.6,173550,2389783.50,0.6428,,,否,,,,,,否,304925337,26999002,4198821890.49,371776257.54,,,,13.84,13.75,13.81,13.79,13.33,14.03,15.43,1993-10-18,2018-04-27
2003-03-07,600680,*ST上普,电子元件,13.76,13.77,13.52,13.56,13.52,107680,1460140.80,0.3988,,,否,,,,,,否,304925337,26999002,4134787569.72,366106467.12,,,,13.78,13.75,13.79,13.78,13.35,14.01,15.41,1993-10-18,2018-04-27
2003-03-10,600680,*ST上普,电子元件,13.57,13.67,13.4,13.42,13.4,192800,2587376.00,0.7141,,,否,,,,,,否,304925337,26999002,4092098022.54,362326606.84,,,,13.68,13.75,13.78,13.76,13.36,13.99,15.39,1993-10-18,2018-04-27
2003-03-11,600680,*ST上普,电子元件,13.42,13.48,13.37,13.44,13.37,108190,1454073.60,0.4007,,,否,,,,,,否,304925337,26999002,4098196529.28,362866586.88,,,,13.59,13.72,13.77,13.75,13.38,13.97,15.37,1993-10-18,2018-04-27
2003-03-12,600680,*ST上普,电子元件,13.39,13.5,13.15,13.3,13.15,117648,1564718.40,0.4357,,,否,,,,,,否,304925337,26999002,4055506982.10,359086726.60,,,,13.50,13.67,13.73,13.73,13.39,13.94,15.36,1993-10-18,2018-04-27
2003-03-13,600680,*ST上普,电子元件,13.32,13.38,13.17,13.17,13.17,90500,1191885.00,0.3352,,,否,,,,,,否,304925337,26999002,4015866688.29,355576856.34,,,,13.38,13.61,13.69,13.72,13.40,13.92,15.34,1993-10-18,2018-04-27
2003-03-14,600680,*ST上普,电子元件,13.18,13.22,13.02,13.04,13.02,157252,2050566.08,0.5824,,,否,,,,,,否,304925337,26999002,3976226394.48,352066986.08,,,,13.27,13.53,13.64,13.70,13.41,13.90,15.32,1993-10-18,2018-04-27
2003-03-17,600680,*ST上普,电子元件,13.02,13.03,12.8,12.92,12.8,134023,1731577.16,0.4964,,,否,,,,,,否,304925337,26999002,3939635354.04,348827105.84,,,,13.17,13.43,13.59,13.68,13.42,13.88,15.30,1993-10-18,2018-04-27
2003-03-18,600680,*ST上普,电子元件,12.94,13.22,12.83,12.83,12.83,78000,1000740.00,0.2889,,,否,,,,,,否,304925337,26999002,3912192073.71,346397195.66,,,,13.05,13.32,13.54,13.65,13.43,13.85,15.28,1993-10-18,2018-04-27
2003-03-19,600680,*ST上普,电子元件,12.87,13.07,12.84,13.01,12.84,74570,970155.70,0.2762,,,否,,,,,,否,304925337,26999002,3967078634.37,351257016.02,,,,12.99,13.25,13.50,13.62,13.44,13.82,15.27,1993-10-18,2018-04-27
2003-03-20,600680,*ST上普,电子元件,12.93,13.1,12.83,12.85,12.83,48090,617956.50,0.1781,,,否,,,,,,否,304925337,26999002,3918290580.45,346937175.70,,,,12.93,13.15,13.45,13.59,13.45,13.79,15.25,1993-10-18,2018-04-27
2003-03-21,600680,*ST上普,电子元件,12.88,13.04,12.87,13.0,12.87,36010,468130.00,0.1334,,,否,,,,,,否,304925337,26999002,3964029381.00,350987026.00,,,,12.92,13.10,13.43,13.56,13.45,13.77,15.23,1993-10-18,2018-04-27
2003-03-24,600680,*ST上普,电子元件,13.02,13.04,12.94,13.02,12.94,46440,604648.80,0.1720,,,否,,,,,,否,304925337,26999002,3970127887.74,351527006.04,,,,12.94,13.06,13.40,13.54,13.44,13.75,15.21,1993-10-18,2018-04-27
2003-03-25,600680,*ST上普,电子元件,13.05,13.05,12.82,12.82,12.82,89821,1151505.22,0.3327,,,否,,,,,,否,304925337,26999002,3909142820.34,346127205.64,,,,12.94,13.00,13.36,13.51,13.42,13.72,15.19,1993-10-18,2018-04-27
2003-03-26,600680,*ST上普,电子元件,12.74,12.88,12.67,12.77,12.67,61663,787436.51,0.2284,,,否,,,,,,否,304925337,26999002,3893896553.49,344777255.54,,,,12.89,12.94,13.31,13.47,13.41,13.70,15.17,1993-10-18,2018-04-27
2003-03-27,600680,*ST上普,电子元件,12.57,13.27,12.57,13.03,12.57,155869,2030973.07,0.5773,,,否,,,,,,否,304925337,26999002,3973177141.11,351796996.06,,,,12.93,12.93,13.27,13.43,13.40,13.67,15.15,1993-10-18,2018-04-27
2003-03-28,600680,*ST上普,电子元件,13.03,13.09,12.88,12.91,12.88,97200,1254852.00,0.3600,,,否,,,,,,否,304925337,26999002,3936586100.67,348557115.82,,,,12.91,12.92,13.22,13.40,13.39,13.65,15.13,1993-10-18,2018-04-27
2003-03-31,600680,*ST上普,电子元件,12.77,13.12,12.77,12.97,12.77,99478,1290229.66,0.3685,,,否,,,,,,否,304925337,26999002,3954881620.89,350177055.94,,,,12.90,12.92,13.18,13.37,13.39,13.62,15.11,1993-10-18,2018-04-27
2003-04-01,600680,*ST上普,电子元件,12.97,13.27,12.94,13.18,12.94,175301,2310467.18,0.6493,,,否,,,,,,否,304925337,26999002,4018915941.66,355846846.36,,,,12.97,12.96,13.14,13.35,13.39,13.60,15.09,1993-10-18,2018-04-27
2003-04-02,600680,*ST上普,电子元件,13.18,13.23,13.05,13.07,13.05,78204,1022126.28,0.2897,,,否,,,,,,否,304925337,26999002,3985374154.59,352876956.14,,,,13.03,12.96,13.10,13.32,13.40,13.58,15.07,1993-10-18,2018-04-27
2003-04-03,600680,*ST上普,电子元件,13.27,13.39,13.06,13.29,13.06,268256,3565122.24,0.9936,,,否,,,,,,否,304925337,26999002,4052457728.73,358816736.58,,,,13.08,13.01,13.08,13.30,13.42,13.56,15.05,1993-10-18,2018-04-27
2003-04-04,600680,*ST上普,电子元件,13.29,13.29,13.13,13.18,13.13,64000,843520.00,0.2370,,,否,,,,,,否,304925337,26999002,4018915941.66,355846846.36,,,,13.14,13.02,13.06,13.29,13.43,13.55,15.03,1993-10-18,2018-04-27
2003-04-07,600680,*ST上普,电子元件,13.18,13.22,12.84,12.92,12.84,119900,1549108.00,0.4441,,,否,,,,,,否,304925337,26999002,3939635354.04,348827105.84,,,,13.13,13.01,13.04,13.27,13.44,13.53,15.01,1993-10-18,2018-04-27
2003-04-08,600680,*ST上普,电子元件,12.92,13.1,12.8,12.85,12.8,90803,1166818.55,0.3363,,,否,,,,,,否,304925337,26999002,3918290580.45,346937175.70,,,,13.06,13.02,13.01,13.24,13.45,13.51,14.99,1993-10-18,2018-04-27
2003-04-09,600680,*ST上普,电子元件,12.75,12.88,12.72,12.88,12.72,181947,2343477.36,0.6739,,,否,,,,,,否,304925337,26999002,3927438340.56,347747145.76,,,,13.02,13.03,12.99,13.21,13.45,13.49,14.97,1993-10-18,2018-04-27
2003-04-10,600680,*ST上普,电子元件,12.88,12.88,12.52,12.82,12.52,381083,4885484.06,1.4115,,,否,,,,,,否,304925337,26999002,3909142820.34,346127205.64,,,,12.93,13.01,12.97,13.18,13.45,13.48,14.95,1993-10-18,2018-04-27
2003-04-11,600680,*ST上普,电子元件,12.8,12.92,12.7,12.8,12.7,250645,3208256.00,0.9283,,,否,,,,,,否,304925337,26999002,3903044313.60,345587225.60,,,,12.85,13.00,12.96,13.15,13.45,13.46,14.93,1993-10-18,2018-04-27
2003-04-14,600680,*ST上普,电子元件,12.82,13.39,12.82,13.23,12.82,311168,4116752.64,1.1525,,,否,,,,,,否,304925337,26999002,4034162208.51,357196796.46,,,,12.92,13.02,12.97,13.12,13.45,13.45,14.91,1993-10-18,2018-04-27
2003-04-15,600680,*ST上普,电子元件,13.32,13.46,13.26,13.42,13.26,487660,6544397.20,1.8062,,,否,,,,,,否,304925337,26999002,4092098022.54,362326606.84,,,,13.03,13.05,13.00,13.11,13.45,13.43,14.89,1993-10-18,2018-04-27
2003-04-16,600680,*ST上普,电子元件,13.42,13.5,13.04,13.08,13.04,411157,5377933.56,1.5229,,,否,,,,,,否,304925337,26999002,3988423407.96,353146946.16,,,,13.07,13.05,13.00,13.09,13.44,13.42,14.88,1993-10-18,2018-04-27
2003-04-17,600680,*ST上普,电子元件,13.07,13.42,13.07,13.38,13.07,340600,4557228.00,1.2615,,,否,,,,,,否,304925337,26999002,4079901009.06,361246646.76,,,,13.18,13.06,13.03,13.07,13.43,13.41,14.87,1993-10-18,2018-04-27
2003-04-18,600680,*ST上普,电子元件,13.38,13.57,13.13,13.26,13.13,180498,2393403.48,0.6685,,,否,,,,,,否,304925337,26999002,4043309968.62,358006766.52,,,,13.27,13.06,13.04,13.06,13.42,13.40,14.85,1993-10-18,2018-04-27
2003-04-21,600680,*ST上普,电子元件,13.3,13.52,12.92,13.02,12.92,191600,2494632.00,0.7097,,,否,,,,,,否,304925337,26999002,3970127887.74,351527006.04,,,,13.23,13.07,13.04,13.05,13.40,13.38,14.84,1993-10-18,2018-04-27
2003-04-22,600680,*ST上普,电子元件,13.12,13.12,12.82,12.84,12.82,105905,1359820.20,0.3923,,,否,,,,,,否,304925337,26999002,3915241327.08,346667185.68,,,,13.12,13.07,13.05,13.03,13.39,13.36,14.82,1993-10-18,2018-04-27
2003-04-25,600680,*ST上普,电子元件,12.41,12.61,11.98,12.03,11.98,368858,4437361.74,1.3662,,,否,,,,,,否,304925337,26999002,3668251804.11,324797994.06,,,,12.91,12.99,13.01,12.99,13.36,13.34,14.80,1993-10-18,2018-04-27
2003-04-28,600680,*ST上普,电子元件,12.05,12.05,11.53,11.93,11.53,308606,3681669.58,1.1430,,,否,,,,,,否,304925337,26999002,3637759270.41,322098093.86,,,,12.62,12.90,12.95,12.95,13.33,13.32,14.78,1993-10-18,2018-04-27
2003-04-29,600680,*ST上普,电子元件,12.02,12.03,11.64,11.73,11.64,165000,1935450.00,0.6111,,,否,,,,,,否,304925337,26999002,3576774203.01,316698293.46,,,,12.31,12.79,12.89,12.90,13.30,13.29,14.76,1993-10-18,2018-04-27
2003-04-30,600680,*ST上普,电子元件,11.74,12.01,11.73,11.78,11.73,121700,1433626.00,0.4508,,,否,,,,,,否,304925337,26999002,3592020469.86,318048243.56,,,,12.06,12.65,12.83,12.86,13.27,13.27,14.73,1993-10-18,2018-04-27
2003-05-12,600680,*ST上普,电子元件,11.73,11.73,11.24,11.27,11.24,160300,1806581.00,0.5937,,,否,,,,,,否,304925337,26999002,3436508547.99,304278752.54,,,,11.75,12.43,12.74,12.81,13.23,13.24,14.71,1993-10-18,2018-04-27
2003-05-13,600680,*ST上普,电子元件,11.27,11.27,10.34,10.52,10.34,389089,4093216.28,1.4411,,,否,,,,,,否,304925337,26999002,3207814545.24,284029501.04,,,,11.45,12.18,12.61,12.73,13.18,13.20,14.68,1993-10-18,2018-04-27
2003-05-14,600680,*ST上普,电子元件,10.32,11.0,10.32,10.79,10.32,154648,1668651.92,0.5728,,,否,,,,,,否,304925337,26999002,3290144386.23,291319231.58,,,,11.22,11.92,12.49,12.66,13.13,13.17,14.66,1993-10-18,2018-04-27
2003-05-15,600680,*ST上普,电子元件,10.78,11.58,10.43,11.38,10.43,373089,4245752.82,1.3819,,,否,,,,,,否,304925337,26999002,3470050335.06,307248642.76,,,,11.15,11.73,12.40,12.61,13.08,13.14,14.63,1993-10-18,2018-04-27
2003-05-16,600680,*ST上普,电子元件,11.41,11.81,11.33,11.46,11.33,286999,3289008.54,1.0630,,,否,,,,,,否,304925337,26999002,3494444362.02,309408562.92,,,,11.08,11.57,12.32,12.55,13.05,13.11,14.61,1993-10-18,2018-04-27
2003-05-19,600680,*ST上普,电子元件,11.48,11.73,11.24,11.56,11.24,191262,2210988.72,0.7084,,,否,,,,,,否,304925337,26999002,3524936895.72,312108463.12,,,,11.14,11.45,12.26,12.51,13.01,13.08,14.59,1993-10-18,2018-04-27
2003-05-20,600680,*ST上普,电子元件,11.56,11.56,11.25,11.26,11.25,119900,1350074.00,0.4441,,,否,,,,,,否,304925337,26999002,3433459294.62,304008762.52,,,,11.29,11.37,12.18,12.46,12.97,13.05,14.56,1993-10-18,2018-04-27
2003-05-21,600680,*ST上普,电子元件,11.28,11.47,11.21,11.21,11.21,105254,1179897.34,0.3898,,,否,,,,,,否,304925337,26999002,3418213027.77,302658812.42,,,,11.37,11.30,12.10,12.40,12.92,13.03,14.54,1993-10-18,2018-04-27
2003-05-22,600680,*ST上普,电子元件,11.15,11.38,11.14,11.28,11.14,61500,693720.00,0.2278,,,否,,,,,,否,304925337,26999002,3439557801.36,304548742.56,,,,11.35,11.25,12.02,12.35,12.87,13.00,14.52,1993-10-18,2018-04-27
2003-05-23,600680,*ST上普,电子元件,11.23,11.59,11.14,11.38,11.14,177324,2017947.12,0.6568,,,否,,,,,,否,304925337,26999002,3470050335.06,307248642.76,,,,11.34,11.21,11.93,12.29,12.83,12.98,14.50,1993-10-18,2018-04-27
2003-05-26,600680,*ST上普,电子元件,11.43,11.52,11.29,11.38,11.29,114851,1307004.38,0.4254,,,否,,,,,,否,304925337,26999002,3470050335.06,307248642.76,,,,11.30,11.22,11.83,12.23,12.79,12.96,14.48,1993-10-18,2018-04-27
2003-05-27,600680,*ST上普,电子元件,11.47,11.61,11.31,11.57,11.31,226493,2620524.01,0.8389,,,否,,,,,,否,304925337,26999002,3527986149.09,312378453.14,,,,11.36,11.33,11.75,12.18,12.75,12.94,14.45,1993-10-18,2018-04-27
2003-05-28,600680,*ST上普,电子元件,11.38,11.69,11.38,11.49,11.38,186090,2138174.10,0.6892,,,否,,,,,,否,304925337,26999002,3503592122.13,310218532.98,,,,11.42,11.40,11.66,12.12,12.71,12.93,14.43,1993-10-18,2018-04-27
2003-05-29,600680,*ST上普,电子元件,11.49,12.09,11.49,12.07,11.49,627324,7571800.68,2.3235,,,否,,,,,,否,304925337,26999002,3680448817.59,325877954.14,,,,11.58,11.47,11.60,12.09,12.69,12.92,14.41,1993-10-18,2018-04-27
2003-05-30,600680,*ST上普,电子元件,12.22,12.32,12.02,12.06,12.02,407804,4918116.24,1.5104,,,否,,,,,,否,304925337,26999002,3677399564.22,325607964.12,,,,11.71,11.53,11.55,12.06,12.67,12.91,14.38,1993-10-18,2018-04-27
2003-06-02,600680,*ST上普,电子元件,12.04,12.04,11.83,11.91,11.83,158743,1890629.13,0.5880,,,否,,,,,,否,304925337,26999002,3631660763.67,321558113.82,,,,11.82,11.56,11.50,12.03,12.63,12.90,14.36,1993-10-18,2018-04-27
2003-06-03,600680,*ST上普,电子元件,11.91,12.01,11.67,11.68,11.67,139700,1631696.00,0.5174,,,否,,,,,,否,304925337,26999002,3561527936.16,315348343.36,,,,11.84,11.60,11.49,11.99,12.60,12.89,14.34,1993-10-18,2018-04-27
2003-06-04,600680,*ST上普,电子元件,11.53,12.32,11.53,11.97,11.53,488149,5843143.53,1.8080,,,否,,,,,,否,304925337,26999002,3649956283.89,323178053.94,,,,11.94,11.68,11.49,11.96,12.57,12.89,14.32,1993-10-18,2018-04-27
2003-06-05,600680,*ST上普,电子元件,12.02,12.05,11.72,11.75,11.72,137700,1617975.00,0.5100,,,否,,,,,,否,304925337,26999002,3582872709.75,317238273.50,,,,11.87,11.73,11.49,11.92,12.53,12.89,14.30,1993-10-18,2018-04-27
2003-06-06,600680,*ST上普,电子元件,11.69,11.77,11.57,11.59,11.57,171210,1984323.90,0.6341,,,否,,,,,,否,304925337,26999002,3534084655.83,312918433.18,,,,11.78,11.75,11.48,11.87,12.50,12.88,14.28,1993-10-18,2018-04-27
2003-06-09,600680,*ST上普,电子元件,11.47,11.59,11.17,11.26,11.17,93700,1055062.00,0.3470,,,否,,,,,,否,304925337,26999002,3433459294.62,304008762.52,,,,11.65,11.74,11.48,11.80,12.45,12.87,14.26,1993-10-18,2018-04-27
2003-06-10,600680,*ST上普,电子元件,11.28,11.42,11.28,11.33,11.28,63980,724893.40,0.2370,,,否,,,,,,否,304925337,26999002,3454804068.21,305898692.66,,,,11.58,11.71,11.52,11.74,12.41,12.86,14.24,1993-10-18,2018-04-27
2003-06-11,600680,*ST上普,电子元件,11.4,11.97,11.4,11.74,11.4,149602,1756327.48,0.5541,,,否,,,,,,否,304925337,26999002,3579823456.38,316968283.48,,,,11.53,11.74,11.57,11.68,12.38,12.85,14.22,1993-10-18,2018-04-27
2003-06-12,600680,*ST上普,电子元件,11.81,12.21,11.72,11.99,11.72,550837,6604535.63,2.0402,,,否,,,,,,否,304925337,26999002,3656054790.63,323718033.98,,,,11.58,11.73,11.60,11.64,12.35,12.85,14.20,1993-10-18,2018-04-27
2003-06-13,600680,*ST上普,电子元件,11.87,12.13,11.75,12.1,11.75,254274,3076715.40,0.9418,,,否,,,,,,否,304925337,26999002,3689596577.70,326687924.20,,,,11.68,11.73,11.63,11.61,12.33,12.84,14.18,1993-10-18,2018-04-27
2003-06-16,600680,*ST上普,电子元件,12.34,13.26,12.34,12.63,12.34,1828349,23092047.87,6.7719,,,否,,,,,,否,304925337,26999002,3851207006.31,340997395.26,,,,11.96,11.80,11.68,11.60,12.32,12.85,14.17,1993-10-18,2018-04-27
2003-06-17,600680,*ST上普,电子元件,12.63,13.11,12.5,13.05,12.5,1065192,13900755.60,3.9453,,,否,,,,,,否,304925337,26999002,3979275647.85,352336976.10,,,,12.30,11.94,11.77,11.64,12.31,12.85,14.15,1993-10-18,2018-04-27
2003-06-18,600680,*ST上普,电子元件,12.96,13.1,12.71,12.83,12.71,572300,7342609.00,2.1197,,,否,,,,,,否,304925337,26999002,3912192073.71,346397195.66,,,,12.52,12.03,11.85,11.67,12.31,12.85,14.14,1993-10-18,2018-04-27
2003-06-19,600680,*ST上普,电子元件,12.85,12.85,12.31,12.45,12.31,482367,6005469.15,1.7866,,,否,,,,,,否,304925337,26999002,3796320445.65,336137574.90,,,,12.61,12.10,11.91,11.69,12.30,12.85,14.12,1993-10-18,2018-04-27
2003-06-20,600680,*ST上普,电子元件,12.47,12.84,12.46,12.5,12.46,385299,4816237.50,1.4271,,,否,,,,,,否,304925337,26999002,3811566712.50,337487525.00,,,,12.69,12.19,11.97,11.72,12.29,12.86,14.11,1993-10-18,2018-04-27
2003-06-23,600680,*ST上普,电子元件,12.44,12.44,11.97,11.99,11.97,295380,3541606.20,1.0940,,,否,,,,,,否,304925337,26999002,3656054790.63,323718033.98,,,,12.56,12.26,12.00,11.74,12.28,12.85,14.09,1993-10-18,2018-04-27
2003-06-24,600680,*ST上普,电子元件,11.99,12.21,11.99,12.1,11.99,145521,1760804.10,0.5390,,,否,,,,,,否,304925337,26999002,3689596577.70,326687924.20,,,,12.37,12.34,12.02,11.79,12.26,12.85,14.08,1993-10-18,2018-04-27
2003-06-25,600680,*ST上普,电子元件,12.11,12.21,11.93,11.98,11.93,156200,1871276.00,0.5785,,,否,,,,,,否,304925337,26999002,3653005537.26,323448043.96,,,,12.20,12.36,12.05,11.83,12.25,12.85,14.06,1993-10-18,2018-04-27
2003-06-26,600680,*ST上普,电子元件,11.97,12.54,11.77,12.27,11.77,252373,3096616.71,0.9347,,,否,,,,,,否,304925337,26999002,3741433884.99,331277754.54,,,,12.17,12.39,12.06,11.86,12.23,12.84,14.05,1993-10-18,2018-04-27
2003-06-27,600680,*ST上普,电子元件,12.26,12.27,11.97,12.04,11.97,201150,2421846.00,0.7450,,,否,,,,,,否,304925337,26999002,3671301057.48,325067984.08,,,,12.08,12.38,12.06,11.88,12.22,12.83,14.04,1993-10-18,2018-04-27
2003-06-30,600680,*ST上普,电子元件,12.16,12.16,11.78,11.85,11.78,110800,1312980.00,0.4104,,,否,,,,,,否,304925337,26999002,3613365243.45,319938173.70,,,,12.05,12.31,12.06,11.89,12.20,12.81,14.02,1993-10-18,2018-04-27
2003-07-01,600680,*ST上普,电子元件,11.78,11.97,11.62,11.63,11.62,192300,2236449.00,0.7122,,,否,,,,,,否,304925337,26999002,3546281669.31,313998393.26,,,,11.95,12.16,12.05,11.90,12.18,12.80,14.01,1993-10-18,2018-04-27
2003-07-02,600680,*ST上普,电子元件,11.57,11.82,11.57,11.71,11.57,124178,1454124.38,0.4599,,,否,,,,,,否,304925337,26999002,3570675696.27,316158313.42,,,,11.90,12.05,12.04,11.92,12.16,12.78,13.99,1993-10-18,2018-04-27
2003-07-03,600680,*ST上普,电子元件,11.72,11.92,11.71,11.87,11.71,101180,1201006.60,0.3748,,,否,,,,,,否,304925337,26999002,3619463750.19,320478153.74,,,,11.82,11.99,12.05,11.94,12.14,12.77,13.98,1993-10-18,2018-04-27
2003-07-04,600680,*ST上普,电子元件,11.86,11.88,11.67,11.68,11.67,81901,956603.68,0.3033,,,否,,,,,,否,304925337,26999002,3561527936.16,315348343.36,,,,11.75,11.91,12.05,11.95,12.12,12.75,13.96,1993-10-18,2018-04-27
2003-07-07,600680,*ST上普,电子元件,11.6,11.67,11.57,11.6,11.57,124661,1446067.60,0.4617,,,否,,,,,,否,304925337,26999002,3537133909.20,313188423.20,,,,11.70,11.87,12.07,11.96,12.09,12.74,13.95,1993-10-18,2018-04-27
2003-07-08,600680,*ST上普,电子元件,11.58,11.96,11.52,11.89,11.52,202661,2409639.29,0.7506,,,否,,,,,,否,304925337,26999002,3625562256.93,321018133.78,,,,11.75,11.85,12.10,11.97,12.08,12.74,13.93,1993-10-18,2018-04-27
2003-07-09,600680,*ST上普,电子元件,11.89,12.36,11.89,12.21,11.89,337082,4115771.22,1.2485,,,否,,,,,,否,304925337,26999002,3723138364.77,329657814.42,,,,11.85,11.88,12.12,11.99,12.06,12.74,13.92,1993-10-18,2018-04-27
2003-07-10,600680,*ST上普,电子元件,12.19,12.35,11.99,12.31,11.99,258803,3185864.93,0.9586,,,否,,,,,,否,304925337,26999002,3753630898.47,332357714.62,,,,11.94,11.88,12.13,12.00,12.04,12.74,13.91,1993-10-18,2018-04-27
2003-07-14,600680,*ST上普,电子元件,12.21,12.21,11.87,11.97,11.87,164530,1969424.10,0.6094,,,否,,,,,,否,304925337,26999002,3649956283.89,323178053.94,,,,12.00,11.87,12.13,12.00,12.03,12.74,13.89,1993-10-18,2018-04-27
2003-07-15,600680,*ST上普,电子元件,11.97,12.07,11.95,11.97,11.95,143810,1721405.70,0.5326,,,否,,,,,,否,304925337,26999002,3649956283.89,323178053.94,,,,12.07,11.88,12.10,12.00,12.01,12.73,13.88,1993-10-18,2018-04-27
2003-07-16,600680,*ST上普,电子元件,11.97,12.07,11.93,11.99,11.93,85000,1019150.00,0.3148,,,否,,,,,,否,304925337,26999002,3656054790.63,323718033.98,,,,12.09,11.92,12.04,12.01,12.00,12.72,13.85,1993-10-18,2018-04-27
2003-07-17,600680,*ST上普,电子元件,11.97,12.26,11.95,12.21,11.95,190581,2326994.01,0.7059,,,否,,,,,,否,304925337,26999002,3723138364.77,329657814.42,,,,12.09,11.97,12.01,12.02,11.99,12.72,13.84,1993-10-18,2018-04-27
2003-07-18,600680,*ST上普,电子元件,12.04,12.15,11.75,11.78,11.75,179968,2120023.04,0.6666,,,否,,,,,,否,304925337,26999002,3592020469.86,318048243.56,,,,11.98,11.96,11.98,12.02,11.97,12.71,13.81,1993-10-18,2018-04-27
2003-07-21,600680,*ST上普,电子元件,11.59,11.77,11.58,11.6,11.58,193530,2244948.00,0.7168,,,否,,,,,,否,304925337,26999002,3537133909.20,313188423.20,,,,11.91,11.95,11.93,12.02,11.94,12.69,13.79,1993-10-18,2018-04-27
2003-07-22,600680,*ST上普,电子元件,11.77,11.87,11.57,11.62,11.57,135470,1574161.40,0.5018,,,否,,,,,,否,304925337,26999002,3543232415.94,313728403.24,,,,11.84,11.96,11.91,12.03,11.91,12.68,13.77,1993-10-18,2018-04-27
2003-07-23,600680,*ST上普,电子元件,11.62,11.82,11.62,11.7,11.62,62202,727763.40,0.2304,,,否,,,,,,否,304925337,26999002,3567626442.90,315888323.40,,,,11.78,11.94,11.89,12.04,11.89,12.67,13.76,1993-10-18,2018-04-27
2003-07-24,600680,*ST上普,电子元件,11.65,11.82,11.63,11.64,11.63,44245,515011.80,0.1639,,,否,,,,,,否,304925337,26999002,3549330922.68,314268383.28,,,,11.67,11.88,11.88,12.04,11.86,12.65,13.74,1993-10-18,2018-04-27
2003-07-25,600680,*ST上普,电子元件,11.57,11.75,11.33,11.61,11.33,175281,2035012.41,0.6492,,,否,,,,,,否,304925337,26999002,3540183162.57,313458413.22,,,,11.63,11.81,11.84,12.03,11.83,12.63,13.71,1993-10-18,2018-04-27
2003-07-28,600680,*ST上普,电子元件,11.54,11.57,11.37,11.41,11.37,66583,759712.03,0.2466,,,否,,,,,,否,304925337,26999002,3479198095.17,308058612.82,,,,11.60,11.75,11.81,12.00,11.81,12.61,13.69,1993-10-18,2018-04-27
2003-07-29,600680,*ST上普,电子元件,11.42,11.48,11.33,11.45,11.33,46896,536959.20,0.1737,,,否,,,,,,否,304925337,26999002,3491395108.65,309138572.90,,,,11.56,11.70,11.79,11.96,11.78,12.59,13.67,1993-10-18,2018-04-27
2003-07-30,600680,*ST上普,电子元件,11.4,11.45,11.38,11.45,11.38,29860,341897.00,0.1106,,,否,,,,,,否,304925337,26999002,3491395108.65,309138572.90,,,,11.51,11.65,11.78,11.91,11.77,12.57,13.65,1993-10-18,2018-04-27
2003-07-31,600680,*ST上普,电子元件,11.48,11.82,11.48,11.74,11.48,121381,1425012.94,0.4496,,,否,,,,,,否,304925337,26999002,3579823456.38,316968283.48,,,,11.53,11.60,11.79,11.87,11.77,12.55,13.63,1993-10-18,2018-04-27
2003-08-01,600680,*ST上普,电子元件,11.77,11.95,11.67,11.94,11.67,175859,2099756.46,0.6514,,,否,,,,,,否,304925337,26999002,3640808523.78,322368083.88,,,,11.60,11.62,11.79,11.86,11.77,12.54,13.61,1993-10-18,2018-04-27
2003-08-04,600680,*ST上普,电子元件,11.9,12.24,11.82,12.08,11.82,287382,3471574.56,1.0644,,,否,,,,,,否,304925337,26999002,3683498070.96,326147944.16,,,,11.73,11.66,11.81,11.84,11.78,12.52,13.59,1993-10-18,2018-04-27
2003-08-05,600680,*ST上普,电子元件,12.14,12.14,11.86,11.94,11.86,138550,1654287.00,0.5132,,,否,,,,,,否,304925337,26999002,3640808523.78,322368083.88,,,,11.83,11.70,11.83,11.84,11.79,12.51,13.57,1993-10-18,2018-04-27
2003-08-06,600680,*ST上普,电子元件,11.88,11.97,11.8,11.83,11.8,103943,1229645.69,0.3850,,,否,,,,,,否,304925337,26999002,3607266736.71,319398193.66,,,,11.91,11.71,11.82,11.83,11.81,12.49,13.55,1993-10-18,2018-04-27
2003-08-07,600680,*ST上普,电子元件,11.83,12.03,11.77,11.87,11.77,73850,876599.50,0.2735,,,否,,,,,,否,304925337,26999002,3619463750.19,320478153.74,,,,11.93,11.73,11.81,11.83,11.83,12.48,13.54,1993-10-18,2018-04-27
2003-08-08,600680,*ST上普,电子元件,11.77,11.87,11.77,11.83,11.77,58941,697272.03,0.2183,,,否,,,,,,否,304925337,26999002,3607266736.71,319398193.66,,,,11.91,11.75,11.78,11.81,11.84,12.46,13.52,1993-10-18,2018-04-27
2003-08-11,600680,*ST上普,电子元件,11.77,11.84,11.61,11.8,11.61,71529,844042.20,0.2649,,,否,,,,,,否,304925337,26999002,3598118976.60,318588223.60,,,,11.85,11.79,11.77,11.81,11.84,12.45,13.50,1993-10-18,2018-04-27
2003-08-12,600680,*ST上普,电子元件,11.82,12.0,11.82,11.96,11.82,130431,1559954.76,0.4831,,,否,,,,,,否,304925337,26999002,3646907030.52,322908063.92,,,,11.86,11.84,11.77,11.81,11.85,12.43,13.48,1993-10-18,2018-04-27
2003-08-13,600680,*ST上普,电子元件,12.06,12.07,11.72,11.72,11.72,91102,1067715.44,0.3374,,,否,,,,,,否,304925337,26999002,3573724949.64,316428303.44,,,,11.84,11.87,11.76,11.81,11.86,12.41,13.46,1993-10-18,2018-04-27
2003-08-14,600680,*ST上普,电子元件,11.67,11.97,11.62,11.7,11.62,83920,981864.00,0.3108,,,否,,,,,,否,304925337,26999002,3567626442.90,315888323.40,,,,11.80,11.87,11.73,11.81,11.87,12.39,13.44,1993-10-18,2018-04-27
2003-08-15,600680,*ST上普,电子元件,11.62,11.82,11.57,11.66,11.57,89591,1044631.06,0.3318,,,否,,,,,,否,304925337,26999002,3555429429.42,314808363.32,,,,11.77,11.84,11.73,11.81,11.87,12.37,13.42,1993-10-18,2018-04-27
2003-08-18,600680,*ST上普,电子元件,11.67,11.82,11.67,11.7,11.67,34200,400140.00,0.1267,,,否,,,,,,否,304925337,26999002,3567626442.90,315888323.40,,,,11.75,11.80,11.73,11.81,11.88,12.35,13.41,1993-10-18,2018-04-27
2003-08-19,600680,*ST上普,电子元件,11.77,11.77,11.67,11.67,11.67,38200,445794.00,0.1415,,,否,,,,,,否,304925337,26999002,3558478682.79,315078353.34,,,,11.69,11.77,11.74,11.81,11.88,12.34,13.39,1993-10-18,2018-04-27
2003-08-20,600680,*ST上普,电子元件,11.66,11.67,11.48,11.59,11.48,73312,849686.08,0.2715,,,否,,,,,,否,304925337,26999002,3534084655.83,312918433.18,,,,11.66,11.75,11.73,11.80,11.88,12.32,13.38,1993-10-18,2018-04-27
2003-08-21,600680,*ST上普,电子元件,11.57,11.64,11.55,11.59,11.55,37799,438090.41,0.1400,,,否,,,,,,否,304925337,26999002,3534084655.83,312918433.18,,,,11.64,11.72,11.73,11.78,11.88,12.30,13.36,1993-10-18,2018-04-27
2003-08-22,600680,*ST上普,电子元件,11.53,11.85,11.53,11.65,11.53,59217,689878.05,0.2193,,,否,,,,,,否,304925337,26999002,3552380176.05,314538373.30,,,,11.64,11.70,11.73,11.76,11.88,12.28,13.34,1993-10-18,2018-04-27
2003-08-25,600680,*ST上普,电子元件,11.81,12.15,11.62,12.04,11.62,718350,8648934.00,2.6607,,,否,,,,,,否,304925337,26999002,3671301057.48,325067984.08,,,,11.71,11.73,11.76,11.76,11.88,12.27,13.33,1993-10-18,2018-04-27
2003-08-26,600680,*ST上普,电子元件,11.98,12.07,11.84,12.04,11.84,229069,2757990.76,0.8484,,,否,,,,,,否,304925337,26999002,3671301057.48,325067984.08,,,,11.78,11.74,11.79,11.76,11.88,12.26,13.31,1993-10-18,2018-04-27
2003-08-27,600680,*ST上普,电子元件,12.02,12.16,11.84,12.11,11.84,363112,4397286.32,1.3449,,,否,,,,,,否,304925337,26999002,3692645831.07,326957914.22,,,,11.89,11.78,11.82,11.76,11.89,12.24,13.30,1993-10-18,2018-04-27
2003-08-28,600680,*ST上普,电子元件,12.07,12.14,11.85,11.86,11.85,155100,1839486.00,0.5745,,,否,,,,,,否,304925337,26999002,3616414496.82,320208163.72,,,,11.94,11.79,11.83,11.75,11.88,12.23,13.28,1993-10-18,2018-04-27
2003-08-29,600680,*ST上普,电子元件,11.85,11.85,11.63,11.76,11.63,194659,2289189.84,0.7210,,,否,,,,,,否,304925337,26999002,3585921963.12,317508263.52,,,,11.96,11.80,11.82,11.75,11.88,12.21,13.27,1993-10-18,2018-04-27
2003-09-01,600680,*ST上普,电子元件,11.82,12.06,11.82,12.02,11.82,173707,2087958.14,0.6434,,,否,,,,,,否,304925337,26999002,3665202550.74,324528004.04,,,,11.96,11.83,11.82,11.77,11.89,12.19,13.25,1993-10-18,2018-04-27
2003-09-02,600680,*ST上普,电子元件,12.07,12.61,11.97,12.42,11.97,975212,12112133.04,3.6120,,,否,,,,,,否,304925337,26999002,3787172685.54,335327604.84,,,,12.03,11.91,11.84,11.79,11.91,12.18,13.24,1993-10-18,2018-04-27
2003-09-03,600680,*ST上普,电子元件,12.37,12.53,12.18,12.36,12.18,297226,3673713.36,1.1009,,,否,,,,,,否,304925337,26999002,3768877165.32,333707664.72,,,,12.08,11.99,11.87,11.81,11.93,12.17,13.22,1993-10-18,2018-04-27
2003-09-04,600680,*ST上普,电子元件,12.33,12.65,12.31,12.46,12.31,456211,5684389.06,1.6897,,,否,,,,,,否,304925337,26999002,3799369699.02,336407564.92,,,,12.20,12.07,11.90,11.84,11.94,12.16,13.21,1993-10-18,2018-04-27
2003-09-05,600680,*ST上普,电子元件,12.38,12.45,11.98,12.15,11.98,267913,3255142.95,0.9923,,,否,,,,,,否,304925337,26999002,3704842844.55,328037874.30,,,,12.28,12.12,11.91,11.86,11.94,12.15,13.20,1993-10-18,2018-04-27
2003-09-08,600680,*ST上普,电子元件,12.11,12.96,12.02,12.7,12.02,1299683,16505974.10,4.8138,,,否,,,,,,否,304925337,26999002,3872551779.90,342887325.40,,,,12.42,12.19,11.96,11.90,11.95,12.14,13.19,1993-10-18,2018-04-27
2003-09-09,600680,*ST上普,电子元件,12.61,12.71,12.45,12.63,12.45,351769,4442842.47,1.3029,,,否,,,,,,否,304925337,26999002,3851207006.31,340997395.26,,,,12.46,12.25,11.99,11.94,11.95,12.13,13.17,1993-10-18,2018-04-27
2003-09-10,600680,*ST上普,电子元件,12.43,12.64,12.37,12.45,12.37,241150,3002317.50,0.8932,,,否,,,,,,否,304925337,26999002,3796320445.65,336137574.90,,,,12.48,12.28,12.03,11.98,11.94,12.13,13.16,1993-10-18,2018-04-27
2003-09-11,600680,*ST上普,电子元件,12.46,12.77,12.38,12.71,12.38,320904,4078689.84,1.1886,,,否,,,,,,否,304925337,26999002,3875601033.27,343157315.42,,,,12.53,12.37,12.08,12.01,11.94,12.12,13.15,1993-10-18,2018-04-27
2003-09-12,600680,*ST上普,电子元件,12.76,12.82,12.46,12.56,12.46,427490,5369274.40,1.5834,,,否,,,,,,否,304925337,26999002,3829862232.72,339107465.12,,,,12.61,12.45,12.12,12.03,11.94,12.12,13.13,1993-10-18,2018-04-27
2003-09-15,600680,*ST上普,电子元件,12.51,12.59,12.16,12.24,12.16,337218,4127548.32,1.2490,,,否,,,,,,否,304925337,26999002,3732286124.88,330467784.48,,,,12.52,12.47,12.15,12.03,11.94,12.11,13.12,1993-10-18,2018-04-27
2003-09-16,600680,*ST上普,电子元件,12.15,12.46,12.15,12.41,12.15,209440,2599150.40,0.7757,,,否,,,,,,否,304925337,26999002,3784123432.17,335057614.82,,,,12.47,12.47,12.19,12.05,11.95,12.11,13.10,1993-10-18,2018-04-27
2003-09-17,600680,*ST上普,电子元件,12.4,12.4,12.02,12.06,12.02,335677,4048264.62,1.2433,,,否,,,,,,否,304925337,26999002,3677399564.22,325607964.12,,,,12.40,12.44,12.21,12.06,11.94,12.10,13.08,1993-10-18,2018-04-27
2003-09-18,600680,*ST上普,电子元件,12.06,12.07,11.79,11.81,11.79,242350,2862153.50,0.8976,,,否,,,,,,否,304925337,26999002,3601168229.97,318858213.62,,,,12.22,12.37,12.22,12.06,11.94,12.09,13.07,1993-10-18,2018-04-27
2003-09-19,600680,*ST上普,电子元件,11.77,12.07,11.73,11.95,11.73,138520,1655314.00,0.5131,,,否,,,,,,否,304925337,26999002,3643857777.15,322638073.90,,,,12.09,12.35,12.24,12.06,11.94,12.09,13.05,1993-10-18,2018-04-27
2003-09-22,600680,*ST上普,电子元件,11.98,12.05,11.77,11.92,11.77,109507,1305323.44,0.4056,,,否,,,,,,否,304925337,26999002,3634710017.04,321828103.84,,,,12.03,12.27,12.23,12.06,11.93,12.08,13.03,1993-10-18,2018-04-27
2003-09-23,600680,*ST上普,电子元件,11.88,11.99,11.75,11.98,11.75,208906,2502693.88,0.7738,,,否,,,,,,否,304925337,26999002,3653005537.26,323448043.96,,,,11.94,12.21,12.23,12.06,11.94,12.07,13.02,1993-10-18,2018-04-27
2003-09-24,600680,*ST上普,电子元件,12.14,12.16,12.0,12.11,12.0,128950,1561584.50,0.4776,,,否,,,,,,否,304925337,26999002,3692645831.07,326957914.22,,,,11.95,12.18,12.23,12.08,11.94,12.06,13.00,1993-10-18,2018-04-27
2003-09-25,600680,*ST上普,电子元件,12.16,12.16,11.77,11.83,11.77,114873,1358947.59,0.4255,,,否,,,,,,否,304925337,26999002,3607266736.71,319398193.66,,,,11.96,12.09,12.23,12.08,11.95,12.05,12.99,1993-10-18,2018-04-27
2003-09-26,600680,*ST上普,电子元件,11.77,11.86,11.77,11.84,11.77,89334,1057714.56,0.3309,,,否,,,,,,否,304925337,26999002,3610315990.08,319668183.68,,,,11.94,12.02,12.23,12.09,11.95,12.04,12.97,1993-10-18,2018-04-27
2003-09-29,600680,*ST上普,电子元件,11.76,11.76,11.37,11.45,11.37,179270,2052641.50,0.6640,,,否,,,,,,否,304925337,26999002,3491395108.65,309138572.90,,,,11.84,11.94,12.20,12.08,11.94,12.03,12.95,1993-10-18,2018-04-27
2003-09-30,600680,*ST上普,电子元件,11.37,11.57,11.27,11.51,11.27,154659,1780125.09,0.5728,,,否,,,,,,否,304925337,26999002,3509690628.87,310758513.02,,,,11.75,11.85,12.16,12.07,11.94,12.02,12.93,1993-10-18,2018-04-27
2003-10-08,600680,*ST上普,电子元件,11.51,11.6,11.51,11.53,11.51,73871,851732.63,0.2736,,,否,,,,,,否,304925337,26999002,3515789135.61,311298493.06,,,,11.63,11.79,12.12,12.07,11.94,12.01,12.92,1993-10-18,2018-04-27
2003-10-09,600680,*ST上普,电子元件,11.53,11.77,11.53,11.55,11.53,52265,603660.75,0.1936,,,否,,,,,,否,304925337,26999002,3521887642.35,311838473.10,,,,11.58,11.77,12.07,12.07,11.92,11.99,12.90,1993-10-18,2018-04-27
2003-10-10,600680,*ST上普,电子元件,11.53,11.82,11.45,11.79,11.45,165838,1955230.02,0.6142,,,否,,,,,,否,304925337,26999002,3595069723.23,318318233.58,,,,11.57,11.75,12.05,12.08,11.92,11.98,12.88,1993-10-18,2018-04-27
2003-10-13,600680,*ST上普,电子元件,11.79,11.92,11.58,11.61,11.58,122809,1425812.49,0.4549,,,否,,,,,,否,304925337,26999002,3540183162.57,313458413.22,,,,11.60,11.72,12.00,12.06,11.91,11.97,12.86,1993-10-18,2018-04-27
2003-10-14,600680,*ST上普,电子元件,11.77,11.77,11.54,11.57,11.54,60100,695357.00,0.2226,,,否,,,,,,否,304925337,26999002,3527986149.09,312378453.14,,,,11.61,11.68,11.94,12.05,11.90,11.96,12.85,1993-10-18,2018-04-27
2003-10-15,600680,*ST上普,电子元件,11.67,11.85,11.45,11.51,11.45,87100,1002521.00,0.3226,,,否,,,,,,否,304925337,26999002,3509690628.87,310758513.02,,,,11.61,11.62,11.90,12.03,11.89,11.95,12.83,1993-10-18,2018-04-27
2003-10-16,600680,*ST上普,电子元件,11.41,11.45,11.15,11.17,11.15,246856,2757381.52,0.9143,,,否,,,,,,否,304925337,26999002,3406016014.29,301578852.34,,,,11.53,11.55,11.82,12.00,11.88,11.93,12.81,1993-10-18,2018-04-27
2003-10-17,600680,*ST上普,电子元件,11.22,11.34,11.19,11.29,11.19,58600,661594.00,0.2170,,,否,,,,,,否,304925337,26999002,3442607054.73,304818732.58,,,,11.43,11.50,11.76,11.99,11.87,11.92,12.79,1993-10-18,2018-04-27
2003-10-20,600680,*ST上普,电子元件,11.29,11.36,10.77,10.93,10.77,136096,1487529.28,0.5041,,,否,,,,,,否,304925337,26999002,3332833933.41,295099091.86,,,,11.29,11.45,11.69,11.95,11.86,11.90,12.77,1993-10-18,2018-04-27
2003-10-21,600680,*ST上普,电子元件,10.84,10.97,10.69,10.8,10.69,121645,1313766.00,0.4506,,,否,,,,,,否,304925337,26999002,3293193639.60,291589221.60,,,,11.14,11.38,11.61,11.90,11.84,11.88,12.75,1993-10-18,2018-04-27
2003-10-22,600680,*ST上普,电子元件,10.86,11.22,10.83,11.04,10.83,152058,1678720.32,0.5632,,,否,,,,,,否,304925337,26999002,3366375720.48,298068982.08,,,,11.05,11.33,11.56,11.85,11.83,11.86,12.73,1993-10-18,2018-04-27
2003-10-23,600680,*ST上普,电子元件,11.13,11.19,10.95,10.96,10.95,86162,944335.52,0.3191,,,否,,,,,,否,304925337,26999002,3341981693.52,295909061.92,,,,11.00,11.27,11.52,11.80,11.82,11.84,12.72,1993-10-18,2018-04-27
2003-10-27,600680,*ST上普,电子元件,10.38,10.86,10.38,10.53,10.38,177390,1867916.70,0.6570,,,否,,,,,,否,304925337,26999002,3210863798.61,284299491.06,,,,10.85,11.14,11.45,11.75,11.80,11.82,12.70,1993-10-18,2018-04-27
2003-10-28,600680,*ST上普,电子元件,10.33,10.51,10.24,10.27,10.24,134259,1378839.93,0.4973,,,否,,,,,,否,304925337,26999002,3131583210.99,277279750.54,,,,10.72,11.01,11.36,11.67,11.79,11.80,12.68,1993-10-18,2018-04-27
2003-10-29,600680,*ST上普,电子元件,10.23,10.27,9.47,9.7,9.47,292985,2841954.50,1.0852,,,否,,,,,,否,304925337,26999002,2957775768.90,261890319.40,,,,10.50,10.82,11.25,11.57,11.76,11.77,12.66,1993-10-18,2018-04-27
2003-10-30,600680,*ST上普,电子元件,9.69,9.69,9.47,9.65,9.47,121993,1177232.45,0.4518,,,否,,,,,,否,304925337,26999002,2942529502.05,260540369.30,,,,10.22,10.63,11.13,11.48,11.73,11.75,12.64,1993-10-18,2018-04-27
2003-10-31,600680,*ST上普,电子元件,9.52,9.85,9.52,9.64,9.52,64100,617924.00,0.2374,,,否,,,,,,否,304925337,26999002,2939480248.68,260270379.28,,,,9.96,10.48,11.02,11.37,11.69,11.73,12.62,1993-10-18,2018-04-27
2003-11-03,600680,*ST上普,电子元件,9.67,9.72,9.62,9.72,9.62,51655,502086.60,0.1913,,,否,,,,,,否,304925337,26999002,2963874275.64,262430299.44,,,,9.80,10.32,10.91,11.28,11.65,11.71,12.59,1993-10-18,2018-04-27
2003-11-04,600680,*ST上普,电子元件,9.75,9.95,9.68,9.77,9.68,174478,1704650.06,0.6462,,,否,,,,,,否,304925337,26999002,2979120542.49,263780249.54,,,,9.70,10.21,10.83,11.20,11.62,11.70,12.57,1993-10-18,2018-04-27
2003-11-05,600680,*ST上普,电子元件,9.77,10.12,9.68,9.75,9.68,179899,1754015.25,0.6663,,,否,,,,,,否,304925337,26999002,2973022035.75,263240269.50,,,,9.71,10.10,10.74,11.11,11.58,11.68,12.55,1993-10-18,2018-04-27
2003-11-06,600680,*ST上普,电子元件,9.72,9.92,8.94,9.0,8.94,262287,2360583.00,0.9715,,,否,,,,,,否,304925337,26999002,2744328033.00,242991018.00,,,,9.58,9.90,10.61,11.01,11.53,11.67,12.53,1993-10-18,2018-04-27
2003-11-07,600680,*ST上普,电子元件,8.95,9.17,8.67,9.04,8.67,266124,2405760.96,0.9857,,,否,,,,,,否,304925337,26999002,2756525046.48,244070978.08,,,,9.46,9.71,10.49,10.91,11.48,11.66,12.51,1993-10-18,2018-04-27
2003-11-10,600680,*ST上普,电子元件,8.85,8.96,8.53,8.77,8.53,76150,667835.50,0.2820,,,否,,,,,,否,304925337,26999002,2674195205.49,236781247.54,,,,9.27,9.53,10.34,10.81,11.43,11.64,12.48,1993-10-18,2018-04-27
2003-11-11,600680,*ST上普,电子元件,8.77,8.96,8.68,8.78,8.68,50708,445216.24,0.1878,,,否,,,,,,否,304925337,26999002,2677244458.86,237051237.56,,,,9.07,9.38,10.19,10.70,11.38,11.61,12.46,1993-10-18,2018-04-27
2003-11-12,600680,*ST上普,电子元件,8.77,8.78,8.65,8.66,8.65,62170,538392.20,0.2303,,,否,,,,,,否,304925337,26999002,2640653418.42,233811357.32,,,,8.85,9.28,10.05,10.59,11.33,11.59,12.44,1993-10-18,2018-04-27
2003-11-13,600680,*ST上普,电子元件,8.56,8.96,8.49,8.72,8.49,75076,654662.72,0.2781,,,否,,,,,,否,304925337,26999002,2658948938.64,235431297.44,,,,8.79,9.19,9.91,10.48,11.28,11.57,12.41,1993-10-18,2018-04-27
2003-11-14,600680,*ST上普,电子元件,8.81,8.93,8.81,8.88,8.81,57638,511825.44,0.2135,,,否,,,,,,否,304925337,26999002,2707736992.56,239751137.76,,,,8.76,9.11,9.80,10.38,11.23,11.55,12.39,1993-10-18,2018-04-27
2003-11-17,600680,*ST上普,电子元件,8.86,8.88,8.75,8.87,8.75,26250,232837.50,0.0972,,,否,,,,,,否,304925337,26999002,2704687739.19,239481147.74,,,,8.78,9.02,9.67,10.28,11.18,11.53,12.36,1993-10-18,2018-04-27
2003-11-18,600680,*ST上普,电子元件,8.78,8.87,8.68,8.75,8.68,45052,394205.00,0.1669,,,否,,,,,,否,304925337,26999002,2668096698.75,236241267.50,,,,8.78,8.92,9.57,10.19,11.14,11.51,12.34,1993-10-18,2018-04-27
2003-11-19,600680,*ST上普,电子元件,8.77,9.2,8.77,9.12,8.77,237124,2162570.88,0.8783,,,否,,,,,,否,304925337,26999002,2780919073.44,246230898.24,,,,8.87,8.86,9.48,10.11,11.09,11.49,12.32,1993-10-18,2018-04-27
2003-11-20,600680,*ST上普,电子元件,9.14,9.96,9.14,9.7,9.14,533620,5176114.00,1.9764,,,否,,,,,,否,304925337,26999002,2957775768.90,261890319.40,,,,9.06,8.93,9.41,10.05,11.06,11.47,12.30,1993-10-18,2018-04-27
2003-11-21,600680,*ST上普,电子元件,9.73,9.82,9.28,9.28,9.28,330800,3069824.00,1.2252,,,否,,,,,,否,304925337,26999002,2829707127.36,250550738.56,,,,9.14,8.95,9.33,9.98,11.02,11.45,12.28,1993-10-18,2018-04-27
2003-11-24,600680,*ST上普,电子元件,9.15,9.79,9.14,9.75,9.14,535103,5217254.25,1.9819,,,否,,,,,,否,304925337,26999002,2973022035.75,263240269.50,,,,9.32,9.05,9.29,9.91,10.99,11.43,12.26,1993-10-18,2018-04-27
2003-11-25,600680,*ST上普,电子元件,9.75,10.73,9.57,10.38,9.57,1484723,15411424.74,5.4992,,,否,,,,,,否,304925337,26999002,3165124998.06,280249640.76,,,,9.65,9.21,9.30,9.87,10.96,11.42,12.24,1993-10-18,2018-04-27
2003-11-26,600680,*ST上普,电子元件,10.24,10.36,9.96,10.18,9.96,507139,5162675.02,1.8784,,,否,,,,,,否,304925337,26999002,3104139930.66,274849840.36,,,,9.86,9.36,9.32,9.82,10.93,11.41,12.22,1993-10-18,2018-04-27
2003-11-27,600680,*ST上普,电子元件,10.18,10.25,9.69,9.75,9.69,348700,3399825.00,1.2915,,,否,,,,,,否,304925337,26999002,2973022035.75,263240269.50,,,,9.87,9.47,9.33,9.76,10.89,11.39,12.20,1993-10-18,2018-04-27
2003-11-28,600680,*ST上普,电子元件,9.76,10.17,9.76,9.97,9.76,353780,3527186.60,1.3103,,,否,,,,,,否,304925337,26999002,3040105609.89,269180049.94,,,,10.01,9.58,9.34,9.72,10.86,11.37,12.18,1993-10-18,2018-04-27
2003-12-01,600680,*ST上普,电子元件,9.9,10.36,9.9,10.2,9.9,267956,2733151.20,0.9925,,,否,,,,,,否,304925337,26999002,3110238437.40,275389820.40,,,,10.10,9.71,9.37,9.69,10.84,11.36,12.16,1993-10-18,2018-04-27
2003-12-02,600680,*ST上普,电子元件,10.21,10.45,10.17,10.19,10.17,261287,2662514.53,0.9678,,,否,,,,,,否,304925337,26999002,3107189184.03,275119830.38,,,,10.06,9.85,9.39,9.66,10.81,11.35,12.15,1993-10-18,2018-04-27
2003-12-03,600680,*ST上普,电子元件,10.22,10.22,10.0,10.12,10.0,210781,2133103.72,0.7807,,,否,,,,,,否,304925337,26999002,3085844410.44,273229900.24,,,,10.05,9.95,9.41,9.64,10.77,11.34,12.13,1993-10-18,2018-04-27
2003-12-04,600680,*ST上普,电子元件,10.12,10.15,9.95,10.05,9.95,209978,2110278.90,0.7777,,,否,,,,,,否,304925337,26999002,3064499636.85,271339970.10,,,,10.11,9.99,9.46,9.61,10.73,11.33,12.12,1993-10-18,2018-04-27
2003-12-05,600680,*ST上普,电子元件,10.14,10.14,9.96,10.07,9.96,97372,980536.04,0.3607,,,否,,,,,,否,304925337,26999002,3070598143.59,271879950.14,,,,10.13,10.07,9.51,9.58,10.69,11.31,12.11,1993-10-18,2018-04-27
2003-12-08,600680,*ST上普,电子元件,10.07,10.2,10.01,10.02,10.01,102390,1025947.80,0.3792,,,否,,,,,,否,304925337,26999002,3055351876.74,270530000.04,,,,10.09,10.09,9.57,9.56,10.65,11.30,12.09,1993-10-18,2018-04-27
2003-12-09,600680,*ST上普,电子元件,9.98,10.1,9.96,10.07,9.96,75230,757566.10,0.2786,,,否,,,,,,否,304925337,26999002,3070598143.59,271879950.14,,,,10.07,10.06,9.64,9.55,10.61,11.28,12.08,1993-10-18,2018-04-27
2003-12-10,600680,*ST上普,电子元件,10.1,10.43,10.07,10.22,10.07,261320,2670690.40,0.9679,,,否,,,,,,否,304925337,26999002,3116336944.14,275929800.44,,,,10.09,10.07,9.71,9.57,10.57,11.26,12.07,1993-10-18,2018-04-27
2003-12-11,600680,*ST上普,电子元件,10.18,10.25,10.03,10.05,10.03,157195,1579809.75,0.5822,,,否,,,,,,否,304925337,26999002,3064499636.85,271339970.10,,,,10.09,10.10,9.78,9.58,10.53,11.24,12.06,1993-10-18,2018-04-27
2003-12-12,600680,*ST上普,电子元件,10.12,10.35,9.99,10.19,9.99,171466,1747238.54,0.6351,,,否,,,,,,否,304925337,26999002,3107189184.03,275119830.38,,,,10.11,10.12,9.85,9.60,10.49,11.21,12.05,1993-10-18,2018-04-27
2003-12-15,600680,*ST上普,电子元件,10.32,10.35,10.17,10.19,10.17,167291,1704695.29,0.6196,,,否,,,,,,否,304925337,26999002,3107189184.03,275119830.38,,,,10.14,10.12,9.91,9.62,10.45,11.20,12.04,1993-10-18,2018-04-27
2003-12-16,600680,*ST上普,电子元件,10.12,10.49,9.85,10.27,9.85,511252,5250558.04,1.8936,,,否,,,,,,否,304925337,26999002,3131583210.99,277279750.54,,,,10.18,10.13,9.99,9.63,10.41,11.18,12.04,1993-10-18,2018-04-27
2003-12-17,600680,*ST上普,电子元件,10.26,10.86,10.1,10.37,10.1,1185058,12289051.46,4.3893,,,否,,,,,,否,304925337,26999002,3162075744.69,279979650.74,,,,10.21,10.15,10.05,9.65,10.38,11.16,12.03,1993-10-18,2018-04-27
2003-12-18,600680,*ST上普,电子元件,10.35,10.48,10.06,10.17,10.06,430570,4378896.90,1.5948,,,否,,,,,,否,304925337,26999002,3101090677.29,274579850.34,,,,10.24,10.16,10.07,9.69,10.35,11.15,12.02,1993-10-18,2018-04-27
2003-12-19,600680,*ST上普,电子元件,10.09,10.16,9.17,9.4,9.17,821243,7719684.20,3.0418,,,否,,,,,,否,304925337,26999002,2866298167.80,253790618.80,,,,10.08,10.10,10.08,9.70,10.31,11.13,12.00,1993-10-18,2018-04-27
2003-12-22,600680,*ST上普,电子元件,9.26,9.89,8.87,9.72,8.87,441638,4292721.36,1.6358,,,否,,,,,,否,304925337,26999002,2963874275.64,262430299.44,,,,9.99,10.07,10.08,9.74,10.27,11.10,11.99,1993-10-18,2018-04-27
2003-12-23,600680,*ST上普,电子元件,9.76,9.79,9.59,9.66,9.59,242903,2346442.98,0.8997,,,否,,,,,,否,304925337,26999002,2945578755.42,260810359.32,,,,9.86,10.02,10.04,9.77,10.23,11.08,11.98,1993-10-18,2018-04-27
2003-12-24,600680,*ST上普,电子元件,9.77,9.77,9.37,9.62,9.37,190246,1830166.52,0.7046,,,否,,,,,,否,304925337,26999002,2933381741.94,259730399.24,,,,9.71,9.96,10.02,9.80,10.20,11.07,11.97,1993-10-18,2018-04-27
2003-12-25,600680,*ST上普,电子元件,9.65,9.65,9.37,9.43,9.37,178449,1682774.07,0.6609,,,否,,,,,,否,304925337,26999002,2875445927.91,254600588.86,,,,9.57,9.90,10.00,9.82,10.15,11.05,11.96,1993-10-18,2018-04-27
2003-12-26,600680,*ST上普,电子元件,9.4,9.62,9.4,9.57,9.4,139098,1331167.86,0.5152,,,否,,,,,,否,304925337,26999002,2918135475.09,258380449.14,,,,9.60,9.84,9.98,9.84,10.11,11.03,11.95,1993-10-18,2018-04-27
2003-12-29,600680,*ST上普,电子元件,9.47,9.55,9.38,9.39,9.38,139876,1313435.64,0.5181,,,否,,,,,,否,304925337,26999002,2863248914.43,253520628.78,,,,9.53,9.76,9.94,9.86,10.07,11.01,11.93,1993-10-18,2018-04-27
2003-12-30,600680,*ST上普,电子元件,9.38,9.85,9.33,9.66,9.33,150609,1454882.94,0.5578,,,否,,,,,,否,304925337,26999002,2945578755.42,260810359.32,,,,9.53,9.70,9.91,9.89,10.04,10.99,11.92,1993-10-18,2018-04-27
2003-12-31,600680,*ST上普,电子元件,9.66,9.89,9.56,9.62,9.56,191720,1844346.40,0.7101,,,否,,,,,,否,304925337,26999002,2933381741.94,259730399.24,,,,9.53,9.62,9.89,9.91,10.01,10.98,11.91,1993-10-18,2018-04-27
2004-01-02,600680,*ST上普,电子元件,9.47,9.83,9.47,9.66,9.47,114320,1104331.20,0.4234,,,否,,,,,,否,304925337,26999002,2945578755.42,260810359.32,,,,9.58,9.57,9.87,9.91,9.98,10.96,11.90,1993-10-18,2018-04-27
2004-01-05,600680,*ST上普,电子元件,9.69,9.93,9.69,9.91,9.69,399531,3959352.21,1.4798,,,否,,,,,,否,304925337,26999002,3021810089.67,267560109.82,,,,9.65,9.62,9.86,9.93,9.95,10.94,11.89,1993-10-18,2018-04-27
2004-01-06,600680,*ST上普,电子元件,9.81,10.66,9.81,10.2,9.81,620001,6324010.20,2.2964,,,否,,,,,,否,304925337,26999002,3110238437.40,275389820.40,,,,9.81,9.67,9.87,9.94,9.93,10.92,11.88,1993-10-18,2018-04-27
2004-01-07,600680,*ST上普,电子元件,10.16,10.26,9.97,10.06,9.97,307960,3098077.60,1.1406,,,否,,,,,,否,304925337,26999002,3067548890.22,271609960.12,,,,9.89,9.71,9.87,9.93,9.90,10.90,11.87,1993-10-18,2018-04-27
2004-01-08,600680,*ST上普,电子元件,10.06,10.45,10.02,10.36,10.02,479711,4969805.96,1.7768,,,否,,,,,,否,304925337,26999002,3159026491.32,279709660.72,,,,10.04,9.79,9.88,9.94,9.88,10.89,11.85,1993-10-18,2018-04-27
2004-01-09,600680,*ST上普,电子元件,10.37,10.57,10.15,10.16,10.15,476860,4844897.60,1.7662,,,否,,,,,,否,304925337,26999002,3098041423.92,274309860.32,,,,10.14,9.86,9.88,9.95,9.86,10.88,11.84,1993-10-18,2018-04-27
2004-01-12,600680,*ST上普,电子元件,10.05,10.86,9.98,10.53,9.98,734795,7737391.35,2.7216,,,否,,,,,,否,304925337,26999002,3210863798.61,284299491.06,,,,10.26,9.96,9.90,9.97,9.85,10.86,11.83,1993-10-18,2018-04-27
2004-01-13,600680,*ST上普,电子元件,10.49,10.86,10.47,10.65,10.47,624830,6654439.50,2.3143,,,否,,,,,,否,304925337,26999002,3247454839.05,287539371.30,,,,10.35,10.08,9.92,9.99,9.84,10.85,11.82,1993-10-18,2018-04-27
2004-01-14,600680,*ST上普,电子元件,10.82,10.82,10.37,10.38,10.37,340600,3535428.00,1.2615,,,否,,,,,,否,304925337,26999002,3165124998.06,280249640.76,,,,10.42,10.15,9.93,9.99,9.83,10.84,11.80,1993-10-18,2018-04-27
2004-01-15,600680,*ST上普,电子元件,10.39,10.44,10.2,10.23,10.2,224388,2295489.24,0.8311,,,否,,,,,,否,304925337,26999002,3119386197.51,276199790.46,,,,10.39,10.21,9.92,10.00,9.82,10.83,11.79,1993-10-18,2018-04-27
2004-01-16,600680,*ST上普,电子元件,10.23,10.65,10.23,10.51,10.23,356499,3746804.49,1.3204,,,否,,,,,,否,304925337,26999002,3204765291.87,283759511.02,,,,10.46,10.30,9.94,10.01,9.81,10.82,11.79,1993-10-18,2018-04-27
2004-01-29,600680,*ST上普,电子元件,10.51,11.12,10.51,11.1,10.51,658552,7309927.20,2.4392,,,否,,,,,,否,304925337,26999002,3384671240.70,299688922.20,,,,10.57,10.42,10.02,10.05,9.81,10.82,11.78,1993-10-18,2018-04-27
2004-01-30,600680,*ST上普,电子元件,11.27,11.65,11.15,11.17,11.15,1615240,18042230.80,5.9826,,,否,,,,,,否,304925337,26999002,3406016014.29,301578852.34,,,,10.68,10.52,10.09,10.08,9.82,10.81,11.78,1993-10-18,2018-04-27
2004-02-02,600680,*ST上普,电子元件,11.17,11.49,10.95,11.44,10.95,784172,8970927.68,2.9044,,,否,,,,,,否,304925337,26999002,3488345855.28,308868582.88,,,,10.89,10.65,10.18,10.13,9.84,10.81,11.77,1993-10-18,2018-04-27
2004-02-03,600680,*ST上普,电子元件,11.44,11.44,11.13,11.28,11.13,387678,4373007.84,1.4359,,,否,,,,,,否,304925337,26999002,3439557801.36,304548742.56,,,,11.10,10.75,10.27,10.17,9.87,10.81,11.77,1993-10-18,2018-04-27
2004-02-04,600680,*ST上普,电子元件,11.27,11.52,11.27,11.51,11.27,550430,6335449.30,2.0387,,,否,,,,,,否,304925337,26999002,3509690628.87,310758513.02,,,,11.30,10.88,10.37,10.21,9.90,10.81,11.76,1993-10-18,2018-04-27
2004-02-05,600680,*ST上普,电子元件,11.51,11.55,11.3,11.37,11.3,455125,5174771.25,1.6857,,,否,,,,,,否,304925337,26999002,3467001081.69,306978652.74,,,,11.35,10.96,10.46,10.25,9.93,10.81,11.76,1993-10-18,2018-04-27
2004-02-06,600680,*ST上普,电子元件,11.38,11.62,11.27,11.27,11.27,546971,6164363.17,2.0259,,,否,,,,,,否,304925337,26999002,3436508547.99,304278752.54,,,,11.37,11.03,10.55,10.29,9.95,10.80,11.75,1993-10-18,2018-04-27
2004-02-09,600680,*ST上普,电子元件,11.37,11.39,11.15,11.33,11.15,641937,7273146.21,2.3776,,,否,,,,,,否,304925337,26999002,3454804068.21,305898692.66,,,,11.35,11.12,10.64,10.32,9.98,10.80,11.74,1993-10-18,2018-04-27
2004-02-10,600680,*ST上普,电子元件,11.37,11.97,11.37,11.64,11.37,1609736,18737327.04,5.9622,,,否,,,,,,否,304925337,26999002,3549330922.68,314268383.28,,,,11.42,11.26,10.74,10.37,10.01,10.79,11.74,1993-10-18,2018-04-27
2004-02-11,600680,*ST上普,电子元件,11.65,11.7,11.38,11.57,11.38,586257,6782993.49,2.1714,,,否,,,,,,否,304925337,26999002,3527986149.09,312378453.14,,,,11.44,11.37,10.83,10.41,10.05,10.79,11.73,1993-10-18,2018-04-27
2004-02-12,600680,*ST上普,电子元件,11.59,11.81,11.52,11.58,11.52,435466,5042696.28,1.6129,,,否,,,,,,否,304925337,26999002,3531035402.46,312648443.16,,,,11.48,11.42,10.92,10.49,10.10,10.79,11.72,1993-10-18,2018-04-27
2004-02-13,600680,*ST上普,电子元件,11.67,11.67,11.37,11.37,11.37,400764,4556686.68,1.4844,,,否,,,,,,否,304925337,26999002,3467001081.69,306978652.74,,,,11.50,11.44,10.98,10.54,10.14,10.79,11.71,1993-10-18,2018-04-27
2004-02-16,600680,*ST上普,电子元件,11.62,12.07,11.62,11.98,11.62,1579005,18916479.90,5.8484,,,否,,,,,,否,304925337,26999002,3653005537.26,323448043.96,,,,11.63,11.49,11.07,10.62,10.19,10.79,11.70,1993-10-18,2018-04-27
2004-02-17,600680,*ST上普,电子元件,12.41,12.41,11.97,12.07,11.97,1247406,15056190.42,4.6202,,,否,,,,,,否,304925337,26999002,3680448817.59,325877954.14,,,,11.71,11.57,11.16,10.70,10.25,10.79,11.69,1993-10-18,2018-04-27
2004-02-18,600680,*ST上普,电子元件,12.08,12.36,11.88,12.22,11.88,892852,10910651.44,3.3070,,,否,,,,,,否,304925337,26999002,3726187618.14,329927804.44,,,,11.84,11.64,11.26,10.79,10.31,10.79,11.69,1993-10-18,2018-04-27
2004-02-19,600680,*ST上普,电子元件,12.22,12.26,11.98,12.12,11.98,585998,7102295.76,2.1704,,,否,,,,,,否,304925337,26999002,3695695084.44,327227904.24,,,,11.95,11.72,11.34,10.88,10.36,10.80,11.68,1993-10-18,2018-04-27
2004-02-20,600680,*ST上普,电子元件,12.08,12.27,11.96,12.26,11.96,607050,7442433.00,2.2484,,,否,,,,,,否,304925337,26999002,3738384631.62,331007764.52,,,,12.13,11.81,11.42,10.97,10.42,10.80,11.68,1993-10-18,2018-04-27
2004-02-23,600680,*ST上普,电子元件,12.34,12.48,12.01,12.02,12.01,681395,8190367.90,2.5238,,,否,,,,,,否,304925337,26999002,3665202550.74,324528004.04,,,,12.14,11.88,11.50,11.05,10.47,10.80,11.67,1993-10-18,2018-04-27
2004-02-24,600680,*ST上普,电子元件,12.0,12.07,11.62,12.07,11.62,712534,8600285.38,2.6391,,,否,,,,,,否,304925337,26999002,3680448817.59,325877954.14,,,,12.14,11.93,11.59,11.13,10.52,10.81,11.66,1993-10-18,2018-04-27
2004-02-25,600680,*ST上普,电子元件,12.36,12.66,11.87,11.93,11.87,1106101,13195784.93,4.0968,,,否,,,,,,否,304925337,26999002,3637759270.41,322098093.86,,,,12.08,11.96,11.67,11.21,10.56,10.81,11.66,1993-10-18,2018-04-27
2004-02-26,600680,*ST上普,电子元件,11.97,12.02,11.62,11.76,11.62,552029,6491861.04,2.0446,,,否,,,,,,否,304925337,26999002,3585921963.12,317508263.52,,,,12.01,11.98,11.70,11.27,10.60,10.81,11.65,1993-10-18,2018-04-27
2004-02-27,600680,*ST上普,电子元件,11.82,11.89,11.49,11.87,11.49,440288,5226218.56,1.6308,,,否,,,,,,否,304925337,26999002,3619463750.19,320478153.74,,,,11.93,12.03,11.73,11.33,10.64,10.81,11.64,1993-10-18,2018-04-27
2004-03-01,600680,*ST上普,电子元件,11.43,11.98,11.43,11.87,11.43,414949,4925444.63,1.5369,,,否,,,,,,否,304925337,26999002,3619463750.19,320478153.74,,,,11.90,12.02,11.75,11.39,10.66,10.81,11.63,1993-10-18,2018-04-27
2004-03-02,600680,*ST上普,电子元件,11.97,12.4,11.94,12.07,11.94,655905,7916773.35,2.4294,,,否,,,,,,否,304925337,26999002,3680448817.59,325877954.14,,,,11.90,12.02,11.79,11.44,10.69,10.81,11.63,1993-10-18,2018-04-27
2004-03-03,600680,*ST上普,电子元件,12.0,12.02,11.66,11.68,11.66,347200,4055296.00,1.2860,,,否,,,,,,否,304925337,26999002,3561527936.16,315348343.36,,,,11.85,11.97,11.80,11.50,10.72,10.81,11.62,1993-10-18,2018-04-27
2004-03-04,600680,*ST上普,电子元件,11.68,11.89,11.57,11.85,11.57,237946,2819660.10,0.8813,,,否,,,,,,否,304925337,26999002,3613365243.45,319938173.70,,,,11.87,11.94,11.83,11.54,10.76,10.81,11.61,1993-10-18,2018-04-27
2004-03-05,600680,*ST上普,电子元件,11.78,11.85,11.62,11.71,11.62,254502,2980218.42,0.9426,,,否,,,,,,否,304925337,26999002,3570675696.27,316158313.42,,,,11.84,11.88,11.85,11.57,10.78,10.81,11.60,1993-10-18,2018-04-27
2004-03-08,600680,*ST上普,电子元件,11.67,11.8,11.37,11.39,11.37,275600,3139084.00,1.0208,,,否,,,,,,否,304925337,26999002,3473099588.43,307518632.78,,,,11.74,11.82,11.85,11.61,10.80,10.80,11.59,1993-10-18,2018-04-27
2004-03-09,600680,*ST上普,电子元件,11.35,11.47,11.22,11.23,11.22,210200,2360546.00,0.7785,,,否,,,,,,否,304925337,26999002,3424311534.51,303198792.46,,,,11.57,11.74,11.83,11.64,10.82,10.79,11.58,1993-10-18,2018-04-27
2004-03-10,600680,*ST上普,电子元件,11.22,11.47,11.22,11.45,11.22,168733,1931992.85,0.6250,,,否,,,,,,否,304925337,26999002,3491395108.65,309138572.90,,,,11.53,11.69,11.83,11.67,10.84,10.79,11.57,1993-10-18,2018-04-27
2004-03-11,600680,*ST上普,电子元件,11.47,11.6,11.37,11.55,11.37,201042,2322035.10,0.7446,,,否,,,,,,否,304925337,26999002,3521887642.35,311838473.10,,,,11.47,11.67,11.82,11.69,10.87,10.78,11.56,1993-10-18,2018-04-27
2004-03-12,600680,*ST上普,电子元件,11.47,11.56,11.32,11.39,11.32,161509,1839587.51,0.5982,,,否,,,,,,否,304925337,26999002,3473099588.43,307518632.78,,,,11.40,11.62,11.82,11.70,10.89,10.77,11.55,1993-10-18,2018-04-27
2004-03-15,600680,*ST上普,电子元件,11.64,11.75,11.42,11.64,11.42,244559,2846666.76,0.9058,,,否,,,,,,否,304925337,26999002,3549330922.68,314268383.28,,,,11.45,11.60,11.81,11.70,10.92,10.76,11.54,1993-10-18,2018-04-27
2004-03-16,600680,*ST上普,电子元件,11.69,11.7,11.52,11.65,11.52,197931,2305896.15,0.7331,,,否,,,,,,否,304925337,26999002,3552380176.05,314538373.30,,,,11.54,11.55,11.79,11.71,10.94,10.75,11.54,1993-10-18,2018-04-27
2004-03-17,600680,*ST上普,电子元件,11.64,11.72,11.53,11.72,11.53,194186,2275859.92,0.7192,,,否,,,,,,否,304925337,26999002,3573724949.64,316428303.44,,,,11.59,11.56,11.76,11.72,10.97,10.75,11.53,1993-10-18,2018-04-27
2004-03-18,600680,*ST上普,电子元件,11.72,11.75,11.47,11.5,11.47,195319,2246168.50,0.7234,,,否,,,,,,否,304925337,26999002,3506641375.50,310488523.00,,,,11.58,11.52,11.73,11.73,10.99,10.74,11.52,1993-10-18,2018-04-27
2004-03-19,600680,*ST上普,电子元件,11.47,11.62,11.37,11.59,11.37,154708,1793065.72,0.5730,,,否,,,,,,否,304925337,26999002,3534084655.83,312918433.18,,,,11.62,11.51,11.70,11.74,11.01,10.73,11.51,1993-10-18,2018-04-27
2004-03-22,600680,*ST上普,电子元件,11.77,11.93,11.62,11.88,11.62,458664,5448928.32,1.6988,,,否,,,,,,否,304925337,26999002,3622513003.56,320748143.76,,,,11.67,11.56,11.69,11.75,11.04,10.73,11.50,1993-10-18,2018-04-27
2004-03-23,600680,*ST上普,电子元件,11.83,12.15,11.57,11.89,11.57,584672,6951750.08,2.1655,,,否,,,,,,否,304925337,26999002,3625562256.93,321018133.78,,,,11.72,11.63,11.68,11.76,11.06,10.72,11.49,1993-10-18,2018-04-27
2004-03-24,600680,*ST上普,电子元件,11.85,11.97,11.67,11.77,11.67,272537,3207760.49,1.0094,,,否,,,,,,否,304925337,26999002,3588971216.49,317778253.54,,,,11.73,11.66,11.67,11.77,11.09,10.72,11.48,1993-10-18,2018-04-27
2004-03-25,600680,*ST上普,电子元件,11.72,11.87,11.62,11.68,11.62,159309,1860729.12,0.5901,,,否,,,,,,否,304925337,26999002,3561527936.16,315348343.36,,,,11.76,11.67,11.67,11.77,11.13,10.72,11.48,1993-10-18,2018-04-27
2004-03-26,600680,*ST上普,电子元件,11.7,11.95,11.62,11.87,11.62,325774,3866937.38,1.2066,,,否,,,,,,否,304925337,26999002,3619463750.19,320478153.74,,,,11.82,11.72,11.67,11.79,11.17,10.72,11.47,1993-10-18,2018-04-27
2004-03-29,600680,*ST上普,电子元件,11.77,12.09,11.77,11.86,11.77,394262,4675947.32,1.4603,,,否,,,,,,否,304925337,26999002,3616414496.82,320208163.72,,,,11.81,11.74,11.67,11.79,11.20,10.72,11.46,1993-10-18,2018-04-27
2004-03-30,600680,*ST上普,电子元件,11.86,12.26,11.86,12.26,11.86,1371044,16808999.44,5.0781,,,否,,,,,,否,304925337,26999002,3738384631.62,331007764.52,,,,11.89,11.80,11.68,11.79,11.25,10.72,11.46,1993-10-18,2018-04-27
2004-03-31,600680,*ST上普,电子元件,12.31,12.54,12.06,12.53,12.06,1355057,16978864.21,5.0189,,,否,,,,,,否,304925337,26999002,3820714472.61,338297495.06,,,,12.04,11.88,11.72,11.80,11.30,10.72,11.46,1993-10-18,2018-04-27
2004-04-01,600680,*ST上普,电子元件,12.69,13.46,12.69,12.73,12.69,3187839,40581190.47,11.8072,,,否,,,,,,否,304925337,26999002,3881699540.01,343697295.46,,,,12.25,12.01,11.76,11.82,11.35,10.73,11.45,1993-10-18,2018-04-27
2004-04-02,600680,*ST上普,电子元件,12.66,12.86,12.54,12.81,12.54,1018035,13041028.35,3.7706,,,否,,,,,,否,304925337,26999002,3906093566.97,345857215.62,,,,12.44,12.13,11.82,11.84,11.41,10.74,11.45,1993-10-18,2018-04-27
2004-04-05,600680,*ST上普,电子元件,12.88,13.06,12.71,12.93,12.71,818877,10588079.61,3.0330,,,否,,,,,,否,304925337,26999002,3942684607.41,349097095.86,,,,12.65,12.23,11.90,11.87,11.46,10.75,11.45,1993-10-18,2018-04-27
2004-04-06,600680,*ST上普,电子元件,13.0,13.41,12.94,13.06,12.94,1076251,14055838.06,3.9863,,,否,,,,,,否,304925337,26999002,3982324901.22,352606966.12,,,,12.81,12.35,11.99,11.90,11.52,10.76,11.45,1993-10-18,2018-04-27
2004-04-07,600680,*ST上普,电子元件,13.06,13.16,12.71,12.73,12.71,779481,9922793.13,2.8871,,,否,,,,,,否,304925337,26999002,3881699540.01,343697295.46,,,,12.85,12.45,12.05,11.93,11.57,10.77,11.45,1993-10-18,2018-04-27
2004-04-08,600680,*ST上普,电子元件,12.66,12.91,12.57,12.68,12.57,449794,5703387.92,1.6660,,,否,,,,,,否,304925337,26999002,3866453273.16,342347345.36,,,,12.84,12.55,12.11,11.96,11.62,10.78,11.45,1993-10-18,2018-04-27
2004-04-09,600680,*ST上普,电子元件,12.68,12.76,12.14,12.17,12.14,697033,8482891.61,2.5817,,,否,,,,,,否,304925337,26999002,3710941351.29,328577854.34,,,,12.71,12.58,12.15,11.97,11.65,10.79,11.45,1993-10-18,2018-04-27
2004-04-12,600680,*ST上普,电子元件,12.02,12.32,12.02,12.25,12.02,367588,4502953.00,1.3615,,,否,,,,,,否,304925337,26999002,3735335378.25,330737774.50,,,,12.58,12.62,12.18,11.98,11.69,10.79,11.45,1993-10-18,2018-04-27
2004-04-13,600680,*ST上普,电子元件,12.26,12.29,11.97,12.02,11.97,308355,3706427.10,1.1421,,,否,,,,,,否,304925337,26999002,3665202550.74,324528004.04,,,,12.37,12.59,12.20,11.98,11.71,10.80,11.44,1993-10-18,2018-04-27
2004-04-14,600680,*ST上普,电子元件,12.03,12.16,11.95,12.07,11.95,367570,4436569.90,1.3614,,,否,,,,,,否,304925337,26999002,3680448817.59,325877954.14,,,,12.24,12.55,12.21,12.00,11.75,10.80,11.44,1993-10-18,2018-04-27
2004-04-15,600680,*ST上普,电子元件,12.02,12.15,11.62,11.8,11.62,233960,2760728.00,0.8666,,,否,,,,,,否,304925337,26999002,3598118976.60,318588223.60,,,,12.06,12.45,12.23,11.99,11.77,10.81,11.43,1993-10-18,2018-04-27
2004-04-16,600680,*ST上普,电子元件,11.77,11.87,11.43,11.67,11.43,409891,4783427.97,1.5182,,,否,,,,,,否,304925337,26999002,3558478682.79,315078353.34,,,,11.96,12.34,12.23,11.99,11.78,10.81,11.43,1993-10-18,2018-04-27
2004-04-19,600680,*ST上普,电子元件,11.76,11.76,11.47,11.48,11.47,148400,1703632.00,0.5496,,,否,,,,,,否,304925337,26999002,3500542868.76,309948542.96,,,,11.81,12.19,12.21,12.00,11.80,10.81,11.42,1993-10-18,2018-04-27
2004-04-20,600680,*ST上普,电子元件,11.49,11.63,11.42,11.54,11.42,150710,1739193.40,0.5582,,,否,,,,,,否,304925337,26999002,3518838388.98,311568483.08,,,,11.71,12.04,12.20,12.01,11.82,10.82,11.42,1993-10-18,2018-04-27
2004-04-21,600680,*ST上普,电子元件,11.51,11.79,11.44,11.63,11.44,136100,1582843.00,0.5041,,,否,,,,,,否,304925337,26999002,3546281669.31,313998393.26,,,,11.62,11.93,12.19,12.01,11.84,10.83,11.41,1993-10-18,2018-04-27
2004-04-22,600680,*ST上普,电子元件,11.64,11.84,11.58,11.79,11.58,150310,1772154.90,0.5567,,,否,,,,,,否,304925337,26999002,3595069723.23,318318233.58,,,,11.62,11.84,12.19,12.02,11.85,10.83,11.41,1993-10-18,2018-04-27
2004-04-26,600680,*ST上普,电子元件,11.38,11.57,11.03,11.14,11.03,276120,3075976.80,1.0227,,,否,,,,,,否,304925337,26999002,3396868254.18,300768882.28,,,,11.52,11.74,12.16,12.01,11.85,10.84,11.40,1993-10-18,2018-04-27
2004-04-27,600680,*ST上普,电子元件,11.07,11.27,10.95,10.95,10.95,308710,3380374.50,1.1434,,,否,,,,,,否,304925337,26999002,3338932440.15,295639071.90,,,,11.41,11.61,12.11,11.99,11.85,10.84,11.39,1993-10-18,2018-04-27
2004-04-28,600680,*ST上普,电子元件,10.92,11.08,10.75,11.08,10.75,151305,1676459.40,0.5604,,,否,,,,,,否,304925337,26999002,3378572733.96,299148942.16,,,,11.32,11.52,12.05,11.97,11.84,10.85,11.38,1993-10-18,2018-04-27
2004-04-29,600680,*ST上普,电子元件,11.05,11.31,10.94,10.94,10.94,129601,1417834.94,0.4800,,,否,,,,,,否,304925337,26999002,3335883186.78,295369081.88,,,,11.18,11.40,11.97,11.94,11.83,10.87,11.37,1993-10-18,2018-04-27
2004-04-30,600680,*ST上普,电子元件,10.77,10.77,10.29,10.47,10.29,326294,3416298.18,1.2085,,,否,,,,,,否,304925337,26999002,3192568278.39,282679550.94,,,,10.92,11.27,11.86,11.91,11.82,10.87,11.37,1993-10-18,2018-04-27
2004-05-10,600680,*ST上普,电子元件,10.57,10.57,10.17,10.18,10.17,135200,1376336.00,0.5008,,,否,,,,,,否,304925337,26999002,3104139930.66,274849840.36,,,,10.72,11.12,11.73,11.86,11.80,10.88,11.35,1993-10-18,2018-04-27
2004-05-11,600680,*ST上普,电子元件,10.18,10.44,9.98,10.22,9.98,80052,818131.44,0.2965,,,否,,,,,,否,304925337,26999002,3116336944.14,275929800.44,,,,10.58,10.99,11.59,11.81,11.78,10.88,11.34,1993-10-18,2018-04-27
2004-05-12,600680,*ST上普,电子元件,10.26,10.6,10.22,10.58,10.22,137896,1458939.68,0.5107,,,否,,,,,,否,304925337,26999002,3226110065.46,285649441.16,,,,10.48,10.90,11.47,11.76,11.76,10.89,11.33,1993-10-18,2018-04-27
2004-05-13,600680,*ST上普,电子元件,10.57,10.62,10.42,10.59,10.42,86510,916140.90,0.3204,,,否,,,,,,否,304925337,26999002,3229159318.83,285919431.18,,,,10.41,10.79,11.36,11.72,11.75,10.90,11.32,1993-10-18,2018-04-27
2004-05-14,600680,*ST上普,电子元件,10.53,10.57,10.32,10.35,10.32,85600,885960.00,0.3170,,,否,,,,,,否,304925337,26999002,3155977237.95,279439670.70,,,,10.38,10.65,11.25,11.68,11.73,10.91,11.31,1993-10-18,2018-04-27
2004-05-17,600680,*ST上普,电子元件,10.24,10.42,10.05,10.26,10.05,68650,704349.00,0.2543,,,否,,,,,,否,304925337,26999002,3128533957.62,277009760.52,,,,10.40,10.56,11.15,11.63,11.71,10.92,11.30,1993-10-18,2018-04-27
2004-05-18,600680,*ST上普,电子元件,10.25,10.67,10.25,10.66,10.25,96200,1025492.00,0.3563,,,否,,,,,,否,304925337,26999002,3250504092.42,287809361.32,,,,10.49,10.53,11.07,11.59,11.69,10.94,11.29,1993-10-18,2018-04-27
2004-05-19,600680,*ST上普,电子元件,10.57,10.85,10.57,10.68,10.57,137800,1471704.00,0.5104,,,否,,,,,,否,304925337,26999002,3256602599.16,288349341.36,,,,10.51,10.49,11.00,11.53,11.66,10.96,11.28,1993-10-18,2018-04-27
2004-05-20,600680,*ST上普,电子元件,10.67,10.92,10.58,10.91,10.58,378671,4131300.61,1.4025,,,否,,,,,,否,304925337,26999002,3326735426.67,294559111.82,,,,10.57,10.49,10.95,11.48,11.64,10.97,11.27,1993-10-18,2018-04-27
2004-05-21,600680,*ST上普,电子元件,10.88,10.93,10.69,10.79,10.69,131161,1415227.19,0.4858,,,否,,,,,,否,304925337,26999002,3290144386.23,291319231.58,,,,10.66,10.52,10.90,11.41,11.62,10.99,11.27,1993-10-18,2018-04-27
2004-05-24,600680,*ST上普,电子元件,11.04,11.17,10.67,10.75,10.67,114402,1229821.50,0.4237,,,否,,,,,,否,304925337,26999002,3277947372.75,290239271.50,,,,10.76,10.58,10.85,11.35,11.59,11.01,11.27,1993-10-18,2018-04-27
2004-05-25,600680,*ST上普,电子元件,10.85,10.85,10.46,10.53,10.46,106500,1121445.00,0.3945,,,否,,,,,,否,304925337,26999002,3210863798.61,284299491.06,,,,10.73,10.61,10.80,11.27,11.57,11.02,11.26,1993-10-18,2018-04-27
2004-05-26,600680,*ST上普,电子元件,10.27,10.57,10.27,10.55,10.27,95600,1008580.00,0.3541,,,否,,,,,,否,304925337,26999002,3216962305.35,284839471.10,,,,10.71,10.61,10.75,11.18,11.54,11.03,11.26,1993-10-18,2018-04-27
2004-05-27,600680,*ST上普,电子元件,10.62,10.87,10.62,10.84,10.62,133206,1443953.04,0.4934,,,否,,,,,,否,304925337,26999002,3305390653.08,292669181.68,,,,10.69,10.63,10.71,11.12,11.52,11.04,11.26,1993-10-18,2018-04-27
2004-05-28,600680,*ST上普,电子元件,10.92,11.04,10.77,10.97,10.77,271241,2975513.77,1.0046,,,否,,,,,,否,304925337,26999002,3345030946.89,296179051.94,,,,10.73,10.69,10.67,11.06,11.51,11.06,11.26,1993-10-18,2018-04-27
2004-05-31,600680,*ST上普,电子元件,11.04,11.09,10.87,11.06,10.87,284724,3149047.44,1.0546,,,否,,,,,,否,304925337,26999002,3372474227.22,298608962.12,,,,10.79,10.77,10.67,11.03,11.50,11.07,11.26,1993-10-18,2018-04-27
2004-06-01,600680,*ST上普,电子元件,11.22,11.57,11.08,11.53,11.08,1001127,11542994.31,3.7080,,,否,,,,,,否,304925337,26999002,3515789135.61,311298493.06,,,,10.99,10.86,10.70,11.00,11.49,11.08,11.26,1993-10-18,2018-04-27
2004-06-02,600680,*ST上普,电子元件,11.53,11.75,11.31,11.54,11.31,485032,5597269.28,1.7965,,,否,,,,,,否,304925337,26999002,3518838388.98,311568483.08,,,,11.19,10.95,10.72,10.99,11.48,11.09,11.26,1993-10-18,2018-04-27
2004-06-03,600680,*ST上普,电子元件,11.47,11.65,11.17,11.2,11.17,228750,2562000.00,0.8473,,,否,,,,,,否,304925337,26999002,3415163774.40,302388822.40,,,,11.26,10.98,10.73,10.96,11.48,11.10,11.26,1993-10-18,2018-04-27
2004-06-04,600680,*ST上普,电子元件,11.07,11.45,11.01,11.15,11.01,181140,2019711.00,0.6709,,,否,,,,,,否,304925337,26999002,3399917507.55,301038872.30,,,,11.30,11.01,10.77,10.93,11.46,11.11,11.26,1993-10-18,2018-04-27
2004-06-07,600680,*ST上普,电子元件,11.14,11.14,10.89,10.95,10.89,168940,1849893.00,0.6257,,,否,,,,,,否,304925337,26999002,3338932440.15,295639071.90,,,,11.27,11.03,10.81,10.91,11.45,11.12,11.26,1993-10-18,2018-04-27
2004-06-08,600680,*ST上普,电子元件,10.95,11.05,10.75,10.75,10.75,122050,1312037.50,0.4521,,,否,,,,,,否,304925337,26999002,3277947372.75,290239271.50,,,,11.12,11.05,10.83,10.89,11.44,11.12,11.26,1993-10-18,2018-04-27
2004-06-09,600680,*ST上普,电子元件,10.75,10.95,10.32,10.37,10.32,162100,1680977.00,0.6004,,,否,,,,,,否,304925337,26999002,3162075744.69,279979650.74,,,,10.88,11.04,10.82,10.85,11.43,11.12,11.25,1993-10-18,2018-04-27
2004-06-10,600680,*ST上普,电子元件,10.36,10.45,10.18,10.18,10.18,152621,1553681.78,0.5653,,,否,,,,,,否,304925337,26999002,3104139930.66,274849840.36,,,,10.68,10.97,10.80,10.80,11.41,11.12,11.25,1993-10-18,2018-04-27
2004-06-11,600680,*ST上普,电子元件,10.27,10.63,10.2,10.34,10.2,123405,1276007.70,0.4571,,,否,,,,,,否,304925337,26999002,3152927984.58,279169680.68,,,,10.52,10.91,10.80,10.75,11.39,11.13,11.24,1993-10-18,2018-04-27
2004-06-14,600680,*ST上普,电子元件,10.34,10.42,10.17,10.19,10.17,108655,1107194.45,0.4024,,,否,,,,,,否,304925337,26999002,3107189184.03,275119830.38,,,,10.37,10.82,10.80,10.72,11.37,11.13,11.23,1993-10-18,2018-04-27
2004-06-15,600680,*ST上普,电子元件,10.02,10.32,10.02,10.27,10.02,80900,830843.00,0.2996,,,否,,,,,,否,304925337,26999002,3131583210.99,277279750.54,,,,10.27,10.69,10.78,10.70,11.34,11.13,11.23,1993-10-18,2018-04-27
2004-06-16,600680,*ST上普,电子元件,10.38,10.38,10.22,10.28,10.22,96884,995967.52,0.3588,,,否,,,,,,否,304925337,26999002,3134632464.36,277549740.56,,,,10.25,10.57,10.76,10.67,11.32,11.13,11.22,1993-10-18,2018-04-27
2004-06-17,600680,*ST上普,电子元件,10.29,10.35,10.07,10.12,10.07,97000,981640.00,0.3593,,,否,,,,,,否,304925337,26999002,3085844410.44,273229900.24,,,,10.24,10.46,10.72,10.64,11.29,11.13,11.21,1993-10-18,2018-04-27
2004-06-18,600680,*ST上普,电子元件,10.12,10.39,10.05,10.21,10.05,99327,1014128.67,0.3679,,,否,,,,,,否,304925337,26999002,3113287690.77,275659810.42,,,,10.21,10.37,10.69,10.63,11.27,11.13,11.21,1993-10-18,2018-04-27
2004-06-21,600680,*ST上普,电子元件,10.22,10.41,10.21,10.41,10.21,99760,1038501.60,0.3695,,,否,,,,,,否,304925337,26999002,3174272758.17,281059610.82,,,,10.26,10.31,10.67,10.64,11.25,11.13,11.20,1993-10-18,2018-04-27
2004-06-22,600680,*ST上普,电子元件,10.42,10.91,10.41,10.65,10.41,238100,2535765.00,0.8819,,,否,,,,,,否,304925337,26999002,3247454839.05,287539371.30,,,,10.33,10.30,10.68,10.66,11.23,11.14,11.20,1993-10-18,2018-04-27
2004-06-23,600680,*ST上普,电子元件,10.55,10.57,10.31,10.45,10.31,83955,877329.75,0.3110,,,否,,,,,,否,304925337,26999002,3186469771.65,282139570.90,,,,10.37,10.31,10.67,10.65,11.21,11.14,11.19,1993-10-18,2018-04-27
2004-06-24,600680,*ST上普,电子元件,10.47,10.82,10.4,10.66,10.4,159870,1704214.20,0.5921,,,否,,,,,,否,304925337,26999002,3250504092.42,287809361.32,,,,10.48,10.36,10.66,10.65,11.19,11.14,11.19,1993-10-18,2018-04-27
2004-06-25,600680,*ST上普,电子元件,10.82,10.95,10.17,10.25,10.17,123395,1264798.75,0.4570,,,否,,,,,,否,304925337,26999002,3125484704.25,276739770.50,,,,10.48,10.35,10.63,10.65,11.16,11.15,11.19,1993-10-18,2018-04-27
2004-06-28,600680,*ST上普,电子元件,10.17,10.17,9.97,10.0,9.97,165680,1656800.00,0.6137,,,否,,,,,,否,304925337,26999002,3049253370.00,269990020.00,,,,10.40,10.33,10.58,10.64,11.13,11.15,11.18,1993-10-18,2018-04-27
2004-06-29,600680,*ST上普,电子元件,10.02,10.12,9.67,9.92,9.67,131111,1300621.12,0.4856,,,否,,,,,,否,304925337,26999002,3024859343.04,267830099.84,,,,10.26,10.30,10.49,10.62,11.10,11.15,11.17,1993-10-18,2018-04-27
2004-06-30,600680,*ST上普,电子元件,9.95,9.95,9.77,9.77,9.77,66799,652626.23,0.2474,,,否,,,,,,否,304925337,26999002,2979120542.49,263780249.54,,,,10.12,10.24,10.41,10.59,11.06,11.15,11.16,1993-10-18,2018-04-27
2004-07-01,600680,*ST上普,电子元件,9.75,10.07,9.75,9.99,9.75,116856,1167391.44,0.4328,,,否,,,,,,否,304925337,26999002,3046204116.63,269720029.98,,,,9.99,10.23,10.35,10.56,11.02,11.16,11.14,1993-10-18,2018-04-27
2004-07-02,600680,*ST上普,电子元件,10.07,10.07,9.77,9.84,9.77,88862,874402.08,0.3291,,,否,,,,,,否,304925337,26999002,3000465316.08,265670179.68,,,,9.90,10.19,10.28,10.52,10.97,11.16,11.13,1993-10-18,2018-04-27
2004-07-05,600680,*ST上普,电子元件,9.87,10.05,9.87,10.04,9.87,34000,341360.00,0.1259,,,否,,,,,,否,304925337,26999002,3061450383.48,271069980.08,,,,9.91,10.16,10.23,10.50,10.92,11.17,11.12,1993-10-18,2018-04-27
2004-07-06,600680,*ST上普,电子元件,10.04,10.08,9.95,9.97,9.95,119200,1188424.00,0.4415,,,否,,,,,,否,304925337,26999002,3040105609.89,269180049.94,,,,9.92,10.09,10.20,10.48,10.87,11.17,11.11,1993-10-18,2018-04-27
2004-07-07,600680,*ST上普,电子元件,9.97,9.97,9.72,9.84,9.72,64160,631334.40,0.2376,,,否,,,,,,否,304925337,26999002,3000465316.08,265670179.68,,,,9.94,10.03,10.17,10.46,10.82,11.17,11.10,1993-10-18,2018-04-27
2004-07-08,600680,*ST上普,电子元件,9.96,9.96,9.71,9.87,9.71,45335,447456.45,0.1679,,,否,,,,,,否,304925337,26999002,3009613076.19,266480149.74,,,,9.91,9.95,10.15,10.43,10.77,11.17,11.10,1993-10-18,2018-04-27
2004-07-09,600680,*ST上普,电子元件,9.94,9.94,9.77,9.81,9.77,37989,372672.09,0.1407,,,否,,,,,,否,304925337,26999002,2991317555.97,264860209.62,,,,9.91,9.91,10.13,10.39,10.72,11.17,11.09,1993-10-18,2018-04-27
2004-07-12,600680,*ST上普,电子元件,9.55,9.77,9.55,9.55,9.55,64889,619689.95,0.2403,,,否,,,,,,否,304925337,26999002,2912036968.35,257840469.10,,,,9.81,9.86,10.10,10.34,10.68,11.17,11.08,1993-10-18,2018-04-27
2004-07-13,600680,*ST上普,电子元件,9.55,9.66,8.97,9.08,8.97,156697,1422808.76,0.5804,,,否,,,,,,否,304925337,26999002,2768722059.96,245150938.16,,,,9.63,9.78,10.04,10.26,10.63,11.16,11.06,1993-10-18,2018-04-27
2004-07-14,600680,*ST上普,电子元件,9.1,9.13,8.51,8.75,8.51,221812,1940855.00,0.8216,,,否,,,,,,否,304925337,26999002,2668096698.75,236241267.50,,,,9.41,9.67,9.96,10.16,10.57,11.14,11.05,1993-10-18,2018-04-27
2004-07-15,600680,*ST上普,电子元件,8.75,8.97,8.72,8.85,8.72,103106,912488.10,0.3819,,,否,,,,,,否,304925337,26999002,2698589232.45,238941167.70,,,,9.21,9.56,9.90,10.08,10.52,11.13,11.04,1993-10-18,2018-04-27
2004-07-16,600680,*ST上普,电子元件,8.77,9.25,8.77,9.15,8.77,123489,1129924.35,0.4574,,,否,,,,,,否,304925337,26999002,2790066833.55,247040868.30,,,,9.08,9.49,9.84,10.02,10.48,11.12,11.03,1993-10-18,2018-04-27
2004-07-19,600680,*ST上普,电子元件,9.16,9.19,9.05,9.06,9.05,86040,779522.40,0.3187,,,否,,,,,,否,304925337,26999002,2762623553.22,244610958.12,,,,8.98,9.39,9.78,9.95,10.43,11.11,11.02,1993-10-18,2018-04-27
2004-07-20,600680,*ST上普,电子元件,8.98,9.07,8.77,8.86,8.77,95586,846891.96,0.3540,,,否,,,,,,否,304925337,26999002,2701638485.82,239211157.72,,,,8.93,9.28,9.69,9.89,10.39,11.10,11.01,1993-10-18,2018-04-27
2004-07-21,600680,*ST上普,电子元件,8.87,8.88,8.8,8.87,8.8,84600,750402.00,0.3133,,,否,,,,,,否,304925337,26999002,2704687739.19,239481147.74,,,,8.96,9.19,9.61,9.84,10.34,11.08,11.00,1993-10-18,2018-04-27
2004-07-22,600680,*ST上普,电子元件,8.87,8.89,8.61,8.67,8.61,96050,832753.50,0.3558,,,否,,,,,,否,304925337,26999002,2643702671.79,234081347.34,,,,8.92,9.07,9.51,9.79,10.29,11.07,10.98,1993-10-18,2018-04-27
2004-07-23,600680,*ST上普,电子元件,8.58,8.82,8.58,8.77,8.58,96400,845428.00,0.3571,,,否,,,,,,否,304925337,26999002,2674195205.49,236781247.54,,,,8.85,8.96,9.43,9.74,10.24,11.05,10.97,1993-10-18,2018-04-27
2004-07-26,600680,*ST上普,电子元件,8.72,8.85,8.62,8.67,8.62,43400,376278.00,0.1607,,,否,,,,,,否,304925337,26999002,2643702671.79,234081347.34,,,,8.77,8.87,9.37,9.69,10.20,11.03,10.96,1993-10-18,2018-04-27
2004-07-27,600680,*ST上普,电子元件,8.79,8.88,8.67,8.73,8.67,82101,716741.73,0.3041,,,否,,,,,,否,304925337,26999002,2661998192.01,235701287.46,,,,8.74,8.84,9.31,9.64,10.17,11.01,10.94,1993-10-18,2018-04-27
2004-07-28,600680,*ST上普,电子元件,8.73,8.9,8.62,8.86,8.62,47100,417306.00,0.1745,,,否,,,,,,否,304925337,26999002,2701638485.82,239211157.72,,,,8.74,8.85,9.26,9.59,10.13,10.99,10.93,1993-10-18,2018-04-27
2004-07-29,600680,*ST上普,电子元件,8.92,9.1,8.92,9.07,8.92,169686,1539052.02,0.6285,,,否,,,,,,否,304925337,26999002,2765672806.59,244880948.14,,,,8.82,8.87,9.22,9.55,10.10,10.97,10.92,1993-10-18,2018-04-27
2004-07-30,600680,*ST上普,电子元件,9.08,9.08,8.87,8.87,8.87,85986,762695.82,0.3185,,,否,,,,,,否,304925337,26999002,2704687739.19,239481147.74,,,,8.84,8.84,9.17,9.51,10.07,10.94,10.91,1993-10-18,2018-04-27
2004-08-02,600680,*ST上普,电子元件,8.86,8.87,8.72,8.83,8.72,26302,232246.66,0.0974,,,否,,,,,,否,304925337,26999002,2692490725.71,238401187.66,,,,8.87,8.82,9.11,9.46,10.05,10.92,10.89,1993-10-18,2018-04-27
2004-08-03,600680,*ST上普,电子元件,8.91,8.97,8.84,8.84,8.84,52100,460564.00,0.1930,,,否,,,,,,否,304925337,26999002,2695539979.08,238671177.68,,,,8.89,8.82,9.05,9.40,10.03,10.90,10.88,1993-10-18,2018-04-27
2004-08-04,600680,*ST上普,电子元件,8.84,9.27,8.84,9.12,8.84,269606,2458806.72,0.9986,,,否,,,,,,否,304925337,26999002,2780919073.44,246230898.24,,,,8.95,8.84,9.01,9.35,10.00,10.88,10.87,1993-10-18,2018-04-27
2004-08-05,600680,*ST上普,电子元件,9.02,9.21,9.02,9.07,9.02,117475,1065498.25,0.4351,,,否,,,,,,否,304925337,26999002,2765672806.59,244880948.14,,,,8.95,8.88,8.97,9.30,9.98,10.86,10.86,1993-10-18,2018-04-27
2004-08-06,600680,*ST上普,电子元件,9.02,9.16,8.94,8.99,8.94,93400,839666.00,0.3459,,,否,,,,,,否,304925337,26999002,2741278779.63,242721027.98,,,,8.97,8.91,8.93,9.26,9.95,10.84,10.85,1993-10-18,2018-04-27
2004-08-09,600680,*ST上普,电子元件,8.87,8.97,8.87,8.96,8.87,43199,387063.04,0.1600,,,否,,,,,,否,304925337,26999002,2732131019.52,241911057.92,,,,9.00,8.93,8.90,9.22,9.93,10.82,10.84,1993-10-18,2018-04-27
2004-08-10,600680,*ST上普,电子元件,8.99,9.07,8.9,8.97,8.9,38100,341757.00,0.1411,,,否,,,,,,否,304925337,26999002,2735180272.89,242181047.94,,,,9.02,8.96,8.90,9.19,9.90,10.79,10.83,1993-10-18,2018-04-27
2004-08-11,600680,*ST上普,电子元件,9.07,9.07,8.82,8.82,8.82,61890,545869.80,0.2292,,,否,,,,,,否,304925337,26999002,2689441472.34,238131197.64,,,,8.96,8.95,8.90,9.16,9.87,10.77,10.82,1993-10-18,2018-04-27
2004-08-12,600680,*ST上普,电子元件,8.76,8.77,8.67,8.74,8.67,62845,549265.30,0.2328,,,否,,,,,,否,304925337,26999002,2665047445.38,235971277.48,,,,8.90,8.92,8.90,9.12,9.84,10.74,10.81,1993-10-18,2018-04-27
2004-08-13,600680,*ST上普,电子元件,8.69,8.79,8.69,8.72,8.69,41700,363624.00,0.1545,,,否,,,,,,否,304925337,26999002,2658948938.64,235431297.44,,,,8.84,8.91,8.87,9.08,9.80,10.71,10.80,1993-10-18,2018-04-27
2004-08-16,600680,*ST上普,电子元件,8.14,8.53,8.14,8.27,8.14,113255,936618.85,0.4195,,,否,,,,,,否,304925337,26999002,2521732536.99,223281746.54,,,,8.70,8.85,8.84,9.02,9.76,10.68,10.78,1993-10-18,2018-04-27
2004-08-17,600680,*ST上普,电子元件,8.23,8.43,8.23,8.31,8.23,31900,265089.00,0.1182,,,否,,,,,,否,304925337,26999002,2533929550.47,224361706.62,,,,8.57,8.80,8.81,8.97,9.72,10.65,10.77,1993-10-18,2018-04-27
2004-08-18,600680,*ST上普,电子元件,8.23,8.48,8.23,8.31,8.23,57899,481140.69,0.2144,,,否,,,,,,否,304925337,26999002,2533929550.47,224361706.62,,,,8.47,8.72,8.78,8.91,9.69,10.61,10.75,1993-10-18,2018-04-27
2004-08-19,600680,*ST上普,电子元件,8.26,8.27,8.16,8.16,8.16,77400,631584.00,0.2867,,,否,,,,,,否,304925337,26999002,2488190749.92,220311856.32,,,,8.35,8.63,8.75,8.86,9.64,10.58,10.74,1993-10-18,2018-04-27
2004-08-20,600680,*ST上普,电子元件,8.17,8.27,8.08,8.18,8.08,40100,328018.00,0.1485,,,否,,,,,,否,304925337,26999002,2494289256.66,220851836.36,,,,8.25,8.54,8.72,8.80,9.60,10.55,10.72,1993-10-18,2018-04-27
2004-08-23,600680,*ST上普,电子元件,8.18,8.2,8.11,8.18,8.11,64300,525974.00,0.2382,,,否,,,,,,否,304925337,26999002,2494289256.66,220851836.36,,,,8.23,8.47,8.70,8.76,9.55,10.52,10.71,1993-10-18,2018-04-27
2004-08-24,600680,*ST上普,电子元件,8.16,8.43,8.16,8.28,8.16,64269,532147.32,0.2380,,,否,,,,,,否,304925337,26999002,2524781790.36,223551736.56,,,,8.22,8.40,8.68,8.73,9.49,10.49,10.70,1993-10-18,2018-04-27
2004-08-25,600680,*ST上普,电子元件,8.24,8.37,8.24,8.37,8.24,54578,456817.86,0.2021,,,否,,,,,,否,304925337,26999002,2552225070.69,225981646.74,,,,8.23,8.35,8.65,8.72,9.44,10.46,10.68,1993-10-18,2018-04-27
2004-08-26,600680,*ST上普,电子元件,8.37,8.49,8.29,8.33,8.29,25898,215730.34,0.0959,,,否,,,,,,否,304925337,26999002,2540028057.21,224901686.66,,,,8.27,8.31,8.62,8.70,9.39,10.43,10.67,1993-10-18,2018-04-27
2004-08-27,600680,*ST上普,电子元件,8.4,8.4,8.13,8.17,8.13,45150,368875.50,0.1672,,,否,,,,,,否,304925337,26999002,2491240003.29,220581846.34,,,,8.27,8.26,8.58,8.67,9.34,10.40,10.65,1993-10-18,2018-04-27
2004-08-30,600680,*ST上普,电子元件,8.21,8.28,8.17,8.18,8.17,20400,166872.00,0.0756,,,否,,,,,,否,304925337,26999002,2494289256.66,220851836.36,,,,8.27,8.25,8.55,8.64,9.30,10.37,10.64,1993-10-18,2018-04-27
2004-08-31,600680,*ST上普,电子元件,8.43,8.97,8.43,8.49,8.43,171000,1451790.00,0.6334,,,否,,,,,,否,304925337,26999002,2588816111.13,229221526.98,,,,8.31,8.27,8.53,8.63,9.26,10.35,10.63,1993-10-18,2018-04-27
2004-09-01,600680,*ST上普,电子元件,8.34,8.49,8.24,8.28,8.24,54700,452916.00,0.2026,,,否,,,,,,否,304925337,26999002,2524781790.36,223551736.56,,,,8.29,8.26,8.49,8.61,9.22,10.33,10.61,1993-10-18,2018-04-27
2004-09-02,600680,*ST上普,电子元件,8.28,8.41,8.22,8.4,8.22,42900,360360.00,0.1589,,,否,,,,,,否,304925337,26999002,2561372830.80,226791616.80,,,,8.30,8.29,8.46,8.60,9.19,10.30,10.60,1993-10-18,2018-04-27
2004-09-03,600680,*ST上普,电子元件,8.24,8.42,8.24,8.36,8.24,32118,268506.48,0.1190,,,否,,,,,,否,304925337,26999002,2549175817.32,225711656.72,,,,8.34,8.30,8.42,8.58,9.16,10.27,10.59,1993-10-18,2018-04-27
2004-09-06,600680,*ST上普,电子元件,8.41,8.41,8.28,8.32,8.28,15000,124800.00,0.0556,,,否,,,,,,否,304925337,26999002,2536978803.84,224631696.64,,,,8.37,8.32,8.39,8.57,9.13,10.25,10.57,1993-10-18,2018-04-27
2004-09-07,600680,*ST上普,电子元件,8.33,8.36,8.33,8.34,8.33,19490,162546.60,0.0722,,,否,,,,,,否,304925337,26999002,2543077310.58,225171676.68,,,,8.34,8.32,8.36,8.56,9.10,10.22,10.56,1993-10-18,2018-04-27
2004-09-08,600680,*ST上普,电子元件,8.34,8.38,8.28,8.29,8.28,20100,166629.00,0.0744,,,否,,,,,,否,304925337,26999002,2527831043.73,223821726.58,,,,8.34,8.32,8.33,8.54,9.06,10.19,10.54,1993-10-18,2018-04-27
2004-09-09,600680,*ST上普,电子元件,8.28,8.28,8.08,8.1,8.08,103300,836730.00,0.3826,,,否,,,,,,否,304925337,26999002,2469895229.70,218691916.20,,,,8.28,8.29,8.30,8.51,9.03,10.16,10.53,1993-10-18,2018-04-27
2004-09-10,600680,*ST上普,电子元件,8.08,8.11,8.01,8.09,8.01,27000,218430.00,0.1000,,,否,,,,,,否,304925337,26999002,2466845976.33,218421926.18,,,,8.23,8.29,8.27,8.48,9.00,10.13,10.51,1993-10-18,2018-04-27
2004-09-13,600680,*ST上普,电子元件,7.98,8.08,7.73,7.78,7.73,55510,431867.80,0.2056,,,否,,,,,,否,304925337,26999002,2372319121.86,210052235.56,,,,8.12,8.25,8.25,8.45,8.95,10.10,10.50,1993-10-18,2018-04-27
2004-09-14,600680,*ST上普,电子元件,8.13,8.13,7.88,7.98,7.88,90000,718200.00,0.3333,,,否,,,,,,否,304925337,26999002,2433304189.26,215452035.96,,,,8.05,8.19,8.23,8.42,8.91,10.07,10.48,1993-10-18,2018-04-27
2004-09-15,600680,*ST上普,电子元件,7.98,8.73,7.98,8.48,7.98,290368,2462320.64,1.0755,,,否,,,,,,否,304925337,26999002,2585766857.76,228951536.96,,,,8.09,8.21,8.24,8.40,8.87,10.04,10.47,1993-10-18,2018-04-27
2004-09-16,600680,*ST上普,电子元件,8.48,8.74,8.44,8.56,8.44,259945,2225129.20,0.9628,,,否,,,,,,否,304925337,26999002,2610160884.72,231111457.12,,,,8.18,8.23,8.26,8.38,8.84,10.01,10.45,1993-10-18,2018-04-27
2004-09-17,600680,*ST上普,电子元件,8.55,8.83,8.55,8.83,8.55,393130,3471337.90,1.4561,,,否,,,,,,否,304925337,26999002,2692490725.71,238401187.66,,,,8.33,8.28,8.29,8.38,8.82,9.99,10.44,1993-10-18,2018-04-27
2004-09-20,600680,*ST上普,电子元件,8.97,9.72,8.97,9.64,8.97,1063439,10251551.96,3.9388,,,否,,,,,,否,304925337,26999002,2939480248.68,260270379.28,,,,8.70,8.41,8.36,8.40,8.81,9.97,10.43,1993-10-18,2018-04-27
2004-09-21,600680,*ST上普,电子元件,9.62,9.66,9.22,9.39,9.22,655578,6155877.42,2.4282,,,否,,,,,,否,304925337,26999002,2863248914.43,253520628.78,,,,8.98,8.51,8.42,8.41,8.80,9.95,10.41,1993-10-18,2018-04-27
2004-09-22,600680,*ST上普,电子元件,9.27,9.39,8.98,9.01,8.98,312900,2819229.00,1.1589,,,否,,,,,,否,304925337,26999002,2747377286.37,243261008.02,,,,9.09,8.59,8.45,8.42,8.79,9.92,10.40,1993-10-18,2018-04-27
2004-09-23,600680,*ST上普,电子元件,8.98,9.27,8.97,9.26,8.97,177227,1641122.02,0.6564,,,否,,,,,,否,304925337,26999002,2823608620.62,250010758.52,,,,9.23,8.70,8.50,8.44,8.78,9.90,10.38,1993-10-18,2018-04-27
2004-09-24,600680,*ST上普,电子元件,9.31,9.62,8.97,9.03,8.97,385200,3478356.00,1.4267,,,否,,,,,,否,304925337,26999002,2753475793.11,243800988.06,,,,9.27,8.80,8.54,8.45,8.76,9.87,10.37,1993-10-18,2018-04-27
2004-09-27,600680,*ST上普,电子元件,9.26,9.27,8.87,8.97,8.87,171119,1534937.43,0.6338,,,否,,,,,,否,304925337,26999002,2735180272.89,242181047.94,,,,9.13,8.92,8.58,8.47,8.75,9.83,10.36,1993-10-18,2018-04-27
2004-09-28,600680,*ST上普,电子元件,8.97,8.99,8.73,8.85,8.73,139290,1232716.50,0.5159,,,否,,,,,,否,304925337,26999002,2698589232.45,238941167.70,,,,9.02,9.00,8.60,8.49,8.73,9.80,10.34,1993-10-18,2018-04-27
2004-09-29,600680,*ST上普,电子元件,8.83,8.92,8.67,8.78,8.67,65757,577346.46,0.2436,,,否,,,,,,否,304925337,26999002,2677244458.86,237051237.56,,,,8.98,9.03,8.62,8.50,8.71,9.76,10.33,1993-10-18,2018-04-27
2004-09-30,600680,*ST上普,电子元件,8.77,8.8,8.62,8.66,8.62,98801,855616.66,0.3659,,,否,,,,,,否,304925337,26999002,2640653418.42,233811357.32,,,,8.86,9.04,8.64,8.52,8.69,9.73,10.31,1993-10-18,2018-04-27
2004-10-08,600680,*ST上普,电子元件,8.48,8.92,8.48,8.9,8.48,79940,711466.00,0.2961,,,否,,,,,,否,304925337,26999002,2713835499.30,240291117.80,,,,8.83,9.05,8.66,8.54,8.67,9.70,10.30,1993-10-18,2018-04-27
2004-10-11,600680,*ST上普,电子元件,8.97,9.22,8.72,8.95,8.72,306528,2743425.60,1.1353,,,否,,,,,,否,304925337,26999002,2729081766.15,241641067.90,,,,8.83,8.98,8.69,8.57,8.66,9.67,10.29,1993-10-18,2018-04-27
2004-10-12,600680,*ST上普,电子元件,8.33,8.33,8.06,8.06,8.06,645858,5205615.48,2.3922,,,否,,,,,,否,304925337,26999002,2457698216.22,217611956.12,,,,8.67,8.85,8.68,8.56,8.65,9.64,10.28,1993-10-18,2018-04-27
2004-10-13,600680,*ST上普,电子元件,7.98,7.98,7.81,7.91,7.81,606490,4797335.90,2.2463,,,否,,,,,,否,304925337,26999002,2411959415.67,213562105.82,,,,8.50,8.74,8.66,8.55,8.63,9.60,10.26,1993-10-18,2018-04-27
2004-10-14,600680,*ST上普,电子元件,7.88,8.0,7.5,7.51,7.5,417500,3135425.00,1.5464,,,否,,,,,,否,304925337,26999002,2289989280.87,202762505.02,,,,8.27,8.56,8.63,8.52,8.61,9.56,10.24,1993-10-18,2018-04-27
2004-10-15,600680,*ST上普,电子元件,7.46,7.56,7.18,7.24,7.18,322550,2335262.00,1.1947,,,否,,,,,,否,304925337,26999002,2207659439.88,195472774.48,,,,7.93,8.38,8.59,8.49,8.58,9.53,10.22,1993-10-18,2018-04-27
2004-10-18,600680,*ST上普,电子元件,7.23,7.46,7.23,7.28,7.23,175589,1278287.92,0.6504,,,否,,,,,,否,304925337,26999002,2219856453.36,196552734.56,,,,7.60,8.21,8.56,8.46,8.55,9.49,10.20,1993-10-18,2018-04-27
2004-10-19,600680,*ST上普,电子元件,7.31,7.48,7.28,7.36,7.28,196950,1449552.00,0.7295,,,否,,,,,,否,304925337,26999002,2244250480.32,198712654.72,,,,7.46,8.07,8.53,8.42,8.52,9.46,10.19,1993-10-18,2018-04-27
2004-10-20,600680,*ST上普,电子元件,7.31,7.31,6.99,7.07,6.99,199492,1410408.44,0.7389,,,否,,,,,,否,304925337,26999002,2155822132.59,190882944.14,,,,7.29,7.89,8.46,8.38,8.49,9.42,10.17,1993-10-18,2018-04-27
2004-10-21,600680,*ST上普,电子元件,7.19,7.26,6.72,6.73,6.72,276700,1862191.00,1.0249,,,否,,,,,,否,304925337,26999002,2052147518.01,181703283.46,,,,7.14,7.70,8.37,8.32,8.46,9.38,10.15,1993-10-18,2018-04-27
2004-10-22,600680,*ST上普,电子元件,7.16,7.16,6.75,7.02,6.75,289320,2031026.40,1.0716,,,否,,,,,,否,304925337,26999002,2140575865.74,189532994.04,,,,7.09,7.51,8.28,8.28,8.43,9.34,10.13,1993-10-18,2018-04-27
2004-10-25,600680,*ST上普,电子元件,7.72,7.72,7.72,7.72,7.72,665611,5138516.92,2.4653,,,否,,,,,,是,304925337,26999002,2354023601.64,208432295.44,,,,7.18,7.39,8.19,8.26,8.42,9.31,10.12,1993-10-18,2018-04-27
2004-10-26,600680,*ST上普,电子元件,7.97,7.97,7.64,7.82,7.64,1332984,10423934.88,4.9372,,,否,,,,,,否,304925337,26999002,2384516135.34,211132195.64,,,,7.27,7.37,8.11,8.24,8.40,9.28,10.10,1993-10-18,2018-04-27
2004-10-27,600680,*ST上普,电子元件,7.82,7.83,7.41,7.75,7.41,571789,4431364.75,2.1178,,,否,,,,,,否,304925337,26999002,2363171361.75,209242265.50,,,,7.41,7.35,8.04,8.22,8.38,9.26,10.09,1993-10-18,2018-04-27
2004-10-28,600680,*ST上普,电子元件,7.73,7.98,7.58,7.67,7.58,549817,4217096.39,2.0364,,,否,,,,,,否,304925337,26999002,2338777334.79,207082345.34,,,,7.60,7.37,7.96,8.21,8.36,9.23,10.07,1993-10-18,2018-04-27
2004-10-29,600680,*ST上普,电子元件,7.58,8.08,7.44,7.81,7.44,610822,4770519.82,2.2624,,,否,,,,,,否,304925337,26999002,2381466881.97,210862205.62,,,,7.75,7.42,7.90,8.20,8.34,9.21,10.06,1993-10-18,2018-04-27
2004-11-01,600680,*ST上普,电子元件,7.68,7.73,7.28,7.31,7.28,334040,2441832.40,1.2372,,,否,,,,,,否,304925337,26999002,2229004213.47,197362704.62,,,,7.67,7.43,7.82,8.19,8.32,9.18,10.04,1993-10-18,2018-04-27
2004-11-02,600680,*ST上普,电子元件,7.25,7.28,7.06,7.23,7.06,253901,1835704.23,0.9404,,,否,,,,,,否,304925337,26999002,2204610186.51,195202784.46,,,,7.55,7.41,7.74,8.16,8.29,9.16,10.03,1993-10-18,2018-04-27
2004-11-03,600680,*ST上普,电子元件,7.39,7.53,7.3,7.46,7.3,220016,1641319.36,0.8149,,,否,,,,,,否,304925337,26999002,2274743014.02,201412554.92,,,,7.50,7.45,7.67,8.13,8.26,9.13,10.01,1993-10-18,2018-04-27
2004-11-04,600680,*ST上普,电子元件,7.73,8.18,7.59,7.69,7.59,1025340,7884864.60,3.7977,,,否,,,,,,否,304925337,26999002,2344875841.53,207622325.38,,,,7.50,7.55,7.62,8.10,8.24,9.11,10.00,1993-10-18,2018-04-27
2004-11-05,600680,*ST上普,电子元件,7.68,7.76,7.44,7.55,7.44,270730,2044011.50,1.0027,,,否,,,,,,否,304925337,26999002,2302186294.35,203842465.10,,,,7.45,7.60,7.56,8.05,8.21,9.08,9.99,1993-10-18,2018-04-27
2004-11-08,600680,*ST上普,电子元件,7.48,7.49,7.38,7.48,7.38,133955,1001983.40,0.4961,,,否,,,,,,否,304925337,26999002,2280841520.76,201952534.96,,,,7.48,7.58,7.48,7.98,8.19,9.06,9.97,1993-10-18,2018-04-27
2004-11-09,600680,*ST上普,电子元件,7.48,7.49,7.33,7.41,7.33,187900,1392339.00,0.6960,,,否,,,,,,否,304925337,26999002,2259496747.17,200062604.82,,,,7.52,7.54,7.45,7.92,8.16,9.03,9.96,1993-10-18,2018-04-27
2004-11-10,600680,*ST上普,电子元件,7.4,7.83,7.4,7.77,7.4,361805,2811224.85,1.3401,,,否,,,,,,否,304925337,26999002,2369269868.49,209782245.54,,,,7.58,7.54,7.44,7.88,8.15,9.01,9.95,1993-10-18,2018-04-27
2004-11-11,600680,*ST上普,电子元件,7.77,8.13,7.75,7.75,7.75,725499,5622617.25,2.6871,,,否,,,,,,否,304925337,26999002,2363171361.75,209242265.50,,,,7.59,7.55,7.46,7.82,8.13,8.98,9.95,1993-10-18,2018-04-27
2004-11-12,600680,*ST上普,电子元件,7.73,7.88,7.48,7.87,7.48,333967,2628320.29,1.2370,,,否,,,,,,否,304925337,26999002,2399762402.19,212482145.74,,,,7.66,7.55,7.49,7.79,8.12,8.96,9.94,1993-10-18,2018-04-27
2004-11-15,600680,*ST上普,电子元件,7.67,8.07,7.67,8.02,7.67,463750,3719275.00,1.7177,,,否,,,,,,否,304925337,26999002,2445501202.74,216531996.04,,,,7.76,7.62,7.52,7.75,8.11,8.94,9.93,1993-10-18,2018-04-27
2004-11-16,600680,*ST上普,电子元件,8.17,8.18,7.86,7.99,7.86,357083,2853093.17,1.3226,,,否,,,,,,否,304925337,26999002,2436353442.63,215722025.98,,,,7.88,7.70,7.56,7.73,8.11,8.92,9.93,1993-10-18,2018-04-27
2004-11-17,600680,*ST上普,电子元件,7.99,7.99,7.78,7.81,7.78,156222,1220093.82,0.5786,,,否,,,,,,否,304925337,26999002,2381466881.97,210862205.62,,,,7.89,7.73,7.59,7.69,8.10,8.89,9.92,1993-10-18,2018-04-27
2004-11-18,600680,*ST上普,电子元件,7.79,8.06,7.79,8.03,7.79,398224,3197738.72,1.4750,,,否,,,,,,否,304925337,26999002,2448550456.11,216801986.06,,,,7.94,7.77,7.66,7.67,8.10,8.87,9.91,1993-10-18,2018-04-27
2004-11-19,600680,*ST上普,电子元件,8.06,8.18,7.97,8.11,7.97,446331,3619744.41,1.6531,,,否,,,,,,否,304925337,26999002,2472944483.07,218961906.22,,,,7.99,7.82,7.71,7.65,8.09,8.84,9.91,1993-10-18,2018-04-27
2004-11-22,600680,*ST上普,电子元件,8.18,8.47,8.09,8.23,8.09,754588,6210259.24,2.7949,,,否,,,,,,否,304925337,26999002,2509535523.51,222201786.46,,,,8.03,7.90,7.74,7.62,8.10,8.82,9.91,1993-10-18,2018-04-27
2004-11-23,600680,*ST上普,电子元件,8.18,8.62,8.1,8.43,8.1,1056979,8910332.97,3.9149,,,否,,,,,,否,304925337,26999002,2570520590.91,227601586.86,,,,8.12,8.00,7.77,7.63,8.10,8.80,9.91,1993-10-18,2018-04-27
2004-11-24,600680,*ST上普,电子元件,8.36,8.38,8.01,8.03,8.01,508818,4085808.54,1.8846,,,否,,,,,,否,304925337,26999002,2448550456.11,216801986.06,,,,8.17,8.03,7.78,7.64,8.09,8.77,9.90,1993-10-18,2018-04-27
2004-11-25,600680,*ST上普,电子元件,8.01,8.01,7.78,7.83,7.78,278600,2181438.00,1.0319,,,否,,,,,,否,304925337,26999002,2387565388.71,211402185.66,,,,8.13,8.04,7.79,7.65,8.08,8.74,9.90,1993-10-18,2018-04-27
2004-11-26,600680,*ST上普,电子元件,7.77,8.0,7.77,7.91,7.77,187801,1485505.91,0.6956,,,否,,,,,,否,304925337,26999002,2411959415.67,213562105.82,,,,8.09,8.04,7.80,7.67,8.08,8.71,9.90,1993-10-18,2018-04-27
2004-11-29,600680,*ST上普,电子元件,7.78,7.87,7.76,7.77,7.76,134400,1044288.00,0.4978,,,否,,,,,,否,304925337,26999002,2369269868.49,209782245.54,,,,7.99,8.01,7.82,7.69,8.07,8.68,9.89,1993-10-18,2018-04-27
2004-11-30,600680,*ST上普,电子元件,7.75,7.92,7.75,7.83,7.75,76650,600169.50,0.2839,,,否,,,,,,否,304925337,26999002,2387565388.71,211402185.66,,,,7.87,8.00,7.85,7.70,8.06,8.66,9.89,1993-10-18,2018-04-27
2004-12-01,600680,*ST上普,电子元件,7.82,7.97,7.81,7.84,7.81,96399,755768.16,0.3570,,,否,,,,,,否,304925337,26999002,2390614642.08,211672175.68,,,,7.84,8.00,7.87,7.73,8.05,8.64,9.88,1993-10-18,2018-04-27
2004-12-02,600680,*ST上普,电子元件,7.75,7.91,7.75,7.84,7.75,153454,1203079.36,0.5684,,,否,,,,,,否,304925337,26999002,2390614642.08,211672175.68,,,,7.84,7.98,7.88,7.77,8.05,8.62,9.88,1993-10-18,2018-04-27
2004-12-06,600680,*ST上普,电子元件,7.95,8.19,7.89,8.18,7.89,333488,2727931.84,1.2352,,,否,,,,,,否,304925337,26999002,2494289256.66,220851836.36,,,,7.89,7.99,7.91,7.80,8.04,8.60,9.87,1993-10-18,2018-04-27
2004-12-07,600680,*ST上普,电子元件,8.18,8.18,7.88,7.9,7.88,181034,1430168.60,0.6705,,,否,,,,,,否,304925337,26999002,2408910162.30,213292115.80,,,,7.92,7.96,7.93,7.81,8.04,8.58,9.86,1993-10-18,2018-04-27
2004-12-08,600680,*ST上普,电子元件,7.95,8.34,7.95,8.11,7.95,472861,3834902.71,1.7514,,,否,,,,,,否,304925337,26999002,2472944483.07,218961906.22,,,,7.97,7.92,7.96,7.82,8.03,8.56,9.86,1993-10-18,2018-04-27
2004-12-09,600680,*ST上普,电子元件,8.09,8.23,8.04,8.18,8.04,377154,3085119.72,1.3969,,,否,,,,,,否,304925337,26999002,2494289256.66,220851836.36,,,,8.04,7.94,7.98,7.83,8.03,8.55,9.85,1993-10-18,2018-04-27
2004-12-10,600680,*ST上普,电子元件,8.08,8.2,7.73,7.78,7.73,322350,2507883.00,1.1939,,,否,,,,,,否,304925337,26999002,2372319121.86,210052235.56,,,,8.03,7.93,7.98,7.84,8.02,8.53,9.84,1993-10-18,2018-04-27
2004-12-13,600680,*ST上普,电子元件,7.73,7.78,7.59,7.64,7.59,115300,880892.00,0.4271,,,否,,,,,,否,304925337,26999002,2329629574.68,206272375.28,,,,7.92,7.91,7.97,7.83,8.02,8.51,9.83,1993-10-18,2018-04-27
2004-12-14,600680,*ST上普,电子元件,7.65,7.76,7.58,7.6,7.58,89494,680154.40,0.3315,,,否,,,,,,否,304925337,26999002,2317432561.20,205192415.20,,,,7.86,7.89,7.95,7.84,8.01,8.48,9.82,1993-10-18,2018-04-27
2004-12-15,600680,*ST上普,电子元件,7.53,7.57,7.38,7.49,7.38,208844,1564241.56,0.7735,,,否,,,,,,否,304925337,26999002,2283890774.13,202222524.98,,,,7.74,7.86,7.93,7.85,8.01,8.46,9.81,1993-10-18,2018-04-27
2004-12-16,600680,*ST上普,电子元件,7.54,7.58,7.43,7.44,7.43,65680,488659.20,0.2433,,,否,,,,,,否,304925337,26999002,2268644507.28,200872574.88,,,,7.59,7.82,7.91,7.85,7.99,8.43,9.80,1993-10-18,2018-04-27
2004-12-17,600680,*ST上普,电子元件,7.38,7.43,7.32,7.33,7.32,79080,579656.40,0.2929,,,否,,,,,,否,304925337,26999002,2235102720.21,197902684.66,,,,7.50,7.77,7.87,7.84,7.97,8.40,9.79,1993-10-18,2018-04-27
2004-12-20,600680,*ST上普,电子元件,7.32,7.43,7.18,7.3,7.18,41256,301168.80,0.1528,,,否,,,,,,否,304925337,26999002,2225954960.10,197092714.60,,,,7.43,7.68,7.83,7.83,7.94,8.38,9.78,1993-10-18,2018-04-27
2004-12-21,600680,*ST上普,电子元件,7.47,7.47,7.33,7.4,7.33,37530,277722.00,0.1390,,,否,,,,,,否,304925337,26999002,2256447493.80,199792614.80,,,,7.39,7.63,7.79,7.83,7.90,8.36,9.77,1993-10-18,2018-04-27
2004-12-22,600680,*ST上普,电子元件,7.58,7.63,7.4,7.63,7.4,92449,705385.87,0.3424,,,否,,,,,,否,304925337,26999002,2326580321.31,206002385.26,,,,7.42,7.58,7.75,7.83,7.88,8.34,9.76,1993-10-18,2018-04-27
2004-12-23,600680,*ST上普,电子元件,7.63,7.87,7.56,7.6,7.56,279806,2126525.60,1.0364,,,否,,,,,,否,304925337,26999002,2317432561.20,205192415.20,,,,7.45,7.52,7.73,7.83,7.85,8.32,9.75,1993-10-18,2018-04-27
2004-12-24,600680,*ST上普,电子元件,7.58,7.73,7.47,7.62,7.47,86616,660013.92,0.3208,,,否,,,,,,否,304925337,26999002,2323531067.94,205732395.24,,,,7.51,7.51,7.72,7.82,7.82,8.30,9.74,1993-10-18,2018-04-27
2004-12-27,600680,*ST上普,电子元件,7.62,7.62,7.48,7.53,7.48,59550,448411.50,0.2206,,,否,,,,,,否,304925337,26999002,2296087787.61,203302485.06,,,,7.56,7.49,7.70,7.81,7.80,8.28,9.73,1993-10-18,2018-04-27
2004-12-28,600680,*ST上普,电子元件,7.5,7.61,7.43,7.6,7.43,133351,1013467.60,0.4939,,,否,,,,,,否,304925337,26999002,2317432561.20,205192415.20,,,,7.60,7.49,7.69,7.80,7.78,8.26,9.71,1993-10-18,2018-04-27
2004-12-29,600680,*ST上普,电子元件,7.59,7.73,7.53,7.59,7.53,44200,335478.00,0.1637,,,否,,,,,,否,304925337,26999002,2314383307.83,204922425.18,,,,7.59,7.50,7.68,7.79,7.76,8.24,9.70,1993-10-18,2018-04-27
2004-12-30,600680,*ST上普,电子元件,7.63,7.63,7.16,7.23,7.16,137767,996055.41,0.5103,,,否,,,,,,否,304925337,26999002,2204610186.51,195202784.46,,,,7.51,7.48,7.65,7.77,7.73,8.22,9.69,1993-10-18,2018-04-27
2004-12-31,600680,*ST上普,电子元件,7.23,7.26,7.14,7.15,7.14,106900,764335.00,0.3959,,,否,,,,,,否,304925337,26999002,2180216159.55,193042864.30,,,,7.42,7.47,7.62,7.74,7.70,8.20,9.68,1993-10-18,2018-04-27
2005-01-04,600680,*ST上普,电子元件,7.15,7.15,7.03,7.09,7.03,78164,554182.76,0.2895,,,否,,,,,,否,304925337,26999002,2161920639.33,191422924.18,,,,7.33,7.44,7.56,7.70,7.67,8.17,9.67,1993-10-18,2018-04-27
2005-01-05,600680,*ST上普,电子元件,7.27,7.49,7.24,7.4,7.24,218040,1613496.00,0.8076,,,否,,,,,,否,304925337,26999002,2256447493.80,199792614.80,,,,7.29,7.44,7.54,7.68,7.65,8.16,9.66,1993-10-18,2018-04-27
2005-01-06,600680,*ST上普,电子元件,7.34,7.38,7.25,7.28,7.25,86950,632996.00,0.3220,,,否,,,,,,否,304925337,26999002,2219856453.36,196552734.56,,,,7.23,7.41,7.49,7.64,7.64,8.14,9.65,1993-10-18,2018-04-27
2005-01-07,600680,*ST上普,电子元件,7.28,7.46,7.16,7.19,7.16,94700,680893.00,0.3508,,,否,,,,,,否,304925337,26999002,2192413173.03,194122824.38,,,,7.22,7.37,7.44,7.61,7.62,8.13,9.64,1993-10-18,2018-04-27
2005-01-10,600680,*ST上普,电子元件,7.2,7.28,7.2,7.26,7.2,53612,389223.12,0.1986,,,否,,,,,,否,304925337,26999002,2213757946.62,196012754.52,,,,7.24,7.33,7.42,7.59,7.62,8.11,9.63,1993-10-18,2018-04-27
2005-01-11,600680,*ST上普,电子元件,7.28,7.38,7.26,7.35,7.26,49300,362355.00,0.1826,,,否,,,,,,否,304925337,26999002,2241201226.95,198442664.70,,,,7.30,7.31,7.40,7.57,7.62,8.10,9.62,1993-10-18,2018-04-27
2005-01-12,600680,*ST上普,电子元件,7.28,7.34,7.28,7.33,7.28,35451,259855.83,0.1313,,,否,,,,,,否,304925337,26999002,2235102720.21,197902684.66,,,,7.28,7.29,7.39,7.56,7.62,8.09,9.62,1993-10-18,2018-04-27
2005-01-13,600680,*ST上普,电子元件,7.33,7.98,7.33,7.85,7.33,795409,6243960.65,2.9461,,,否,,,,,,否,304925337,26999002,2393663895.45,211942165.70,,,,7.40,7.31,7.41,7.56,7.63,8.08,9.61,1993-10-18,2018-04-27
2005-01-14,600680,*ST上普,电子元件,7.85,7.9,7.68,7.7,7.68,628772,4841544.40,2.3289,,,否,,,,,,否,304925337,26999002,2347925094.90,207892315.40,,,,7.50,7.36,7.42,7.55,7.64,8.07,9.60,1993-10-18,2018-04-27
2005-01-17,600680,*ST上普,电子元件,7.68,7.9,7.5,7.85,7.5,415645,3262813.25,1.5395,,,否,,,,,,否,304925337,26999002,2393663895.45,211942165.70,,,,7.62,7.43,7.45,7.55,7.66,8.06,9.59,1993-10-18,2018-04-27
2005-01-18,600680,*ST上普,电子元件,7.84,7.9,7.73,7.88,7.73,377568,2975235.84,1.3985,,,否,,,,,,否,304925337,26999002,2402811655.56,212752135.76,,,,7.72,7.51,7.48,7.54,7.67,8.05,9.59,1993-10-18,2018-04-27
2005-01-19,600680,*ST上普,电子元件,7.93,7.93,7.6,7.66,7.6,194208,1487633.28,0.7193,,,否,,,,,,否,304925337,26999002,2335728081.42,206812355.32,,,,7.79,7.54,7.49,7.54,7.67,8.04,9.58,1993-10-18,2018-04-27
2005-01-20,600680,*ST上普,电子元件,7.61,7.68,7.48,7.64,7.48,190953,1458880.92,0.7073,,,否,,,,,,否,304925337,26999002,2329629574.68,206272375.28,,,,7.75,7.57,7.49,7.52,7.67,8.04,9.57,1993-10-18,2018-04-27
2005-01-21,600680,*ST上普,电子元件,6.98,7.39,6.87,7.08,6.87,536680,3799694.40,1.9878,,,否,,,,,,否,304925337,26999002,2158871385.96,191152934.16,,,,7.62,7.56,7.46,7.48,7.66,8.02,9.55,1993-10-18,2018-04-27
2005-01-24,600680,*ST上普,电子元件,7.26,7.33,7.13,7.22,7.13,307851,2222684.22,1.1402,,,否,,,,,,否,304925337,26999002,2201560933.14,194932794.44,,,,7.50,7.56,7.44,7.46,7.65,8.01,9.54,1993-10-18,2018-04-27
2005-01-25,600680,*ST上普,电子元件,7.16,7.94,7.08,7.94,7.08,2033520,16146148.80,7.5318,,,否,,,,,,是,304925337,26999002,2421107175.78,214372075.88,,,,7.51,7.62,7.46,7.47,7.65,8.00,9.53,1993-10-18,2018-04-27
2005-01-26,600680,*ST上普,电子元件,7.94,8.17,7.65,7.88,7.65,1543373,12161779.24,5.7164,,,否,,,,,,否,304925337,26999002,2402811655.56,212752135.76,,,,7.55,7.67,7.48,7.48,7.66,7.99,9.52,1993-10-18,2018-04-27
2005-01-27,600680,*ST上普,电子元件,7.8,7.81,7.26,7.35,7.26,1009880,7422618.00,3.7404,,,否,,,,,,否,304925337,26999002,2241201226.95,198442664.70,,,,7.49,7.62,7.47,7.48,7.67,7.98,9.51,1993-10-18,2018-04-27
2005-01-28,600680,*ST上普,电子元件,7.33,7.34,7.04,7.16,7.04,538659,3856798.44,1.9951,,,否,,,,,,否,304925337,26999002,2183265412.92,193312854.32,,,,7.51,7.57,7.46,7.47,7.66,7.96,9.50,1993-10-18,2018-04-27
2005-01-31,600680,*ST上普,电子元件,7.24,7.24,6.88,6.95,6.88,272880,1896516.00,1.0107,,,否,,,,,,否,304925337,26999002,2119231092.15,187643063.90,,,,7.46,7.48,7.45,7.46,7.65,7.94,9.48,1993-10-18,2018-04-27
2005-02-01,600680,*ST上普,电子元件,6.95,7.08,6.78,6.78,6.78,313800,2127564.00,1.1623,,,否,,,,,,否,304925337,26999002,2067393784.86,183053233.56,,,,7.22,7.37,7.44,7.44,7.63,7.92,9.46,1993-10-18,2018-04-27
2005-02-02,600680,*ST上普,电子元件,6.78,7.23,6.76,7.18,6.76,382684,2747671.12,1.4174,,,否,,,,,,否,304925337,26999002,2189363919.66,193852834.36,,,,7.08,7.32,7.43,7.43,7.63,7.91,9.45,1993-10-18,2018-04-27
2005-02-03,600680,*ST上普,电子元件,7.08,7.18,6.87,6.89,6.87,353999,2439053.11,1.3112,,,否,,,,,,否,304925337,26999002,2100935571.93,186023123.78,,,,6.99,7.24,7.41,7.41,7.62,7.89,9.43,1993-10-18,2018-04-27
2005-02-04,600680,*ST上普,电子元件,6.89,7.08,6.83,6.98,6.83,229299,1600507.02,0.8493,,,否,,,,,,否,304925337,26999002,2128378852.26,188453033.96,,,,6.96,7.23,7.40,7.39,7.61,7.88,9.41,1993-10-18,2018-04-27
2005-02-16,600680,*ST上普,电子元件,7.18,7.18,7.01,7.09,7.01,148294,1051404.46,0.5493,,,否,,,,,,否,304925337,26999002,2161920639.33,191422924.18,,,,6.98,7.22,7.39,7.37,7.60,7.86,9.39,1993-10-18,2018-04-27
2005-02-17,600680,*ST上普,电子元件,7.09,7.2,6.98,7.19,6.98,183400,1318646.00,0.6793,,,否,,,,,,否,304925337,26999002,2192413173.03,194122824.38,,,,7.07,7.15,7.38,7.36,7.59,7.85,9.38,1993-10-18,2018-04-27
2005-02-18,600680,*ST上普,电子元件,7.14,7.14,7.03,7.05,7.03,154050,1086052.50,0.5706,,,否,,,,,,否,304925337,26999002,2149723625.85,190342964.10,,,,7.04,7.06,7.37,7.34,7.57,7.84,9.36,1993-10-18,2018-04-27
2005-02-21,600680,*ST上普,电子元件,7.03,7.13,6.99,7.1,6.99,135960,965316.00,0.5036,,,否,,,,,,否,304925337,26999002,2164969892.70,191692914.20,,,,7.08,7.04,7.33,7.32,7.55,7.83,9.34,1993-10-18,2018-04-27
2005-02-22,600680,*ST上普,电子元件,7.1,7.32,7.1,7.3,7.1,353550,2580915.00,1.3095,,,否,,,,,,否,304925337,26999002,2225954960.10,197092714.60,,,,7.15,7.05,7.31,7.33,7.55,7.82,9.33,1993-10-18,2018-04-27
2005-02-23,600680,*ST上普,电子元件,7.3,7.48,7.26,7.36,7.26,405601,2985223.36,1.5023,,,否,,,,,,否,304925337,26999002,2244250480.32,198712654.72,,,,7.20,7.09,7.28,7.33,7.54,7.82,9.31,1993-10-18,2018-04-27
2005-02-24,600680,*ST上普,电子元件,7.42,7.48,7.28,7.37,7.28,285248,2102277.76,1.0565,,,否,,,,,,否,304925337,26999002,2247299733.69,198982644.74,,,,7.24,7.15,7.26,7.34,7.52,7.81,9.29,1993-10-18,2018-04-27
2005-02-25,600680,*ST上普,电子元件,7.4,7.48,7.36,7.39,7.36,314287,2322580.93,1.1641,,,否,,,,,,否,304925337,26999002,2253398240.43,199522624.78,,,,7.30,7.17,7.25,7.34,7.51,7.80,9.28,1993-10-18,2018-04-27
2005-02-28,600680,*ST上普,电子元件,7.37,7.43,7.24,7.27,7.24,223029,1621420.83,0.8261,,,否,,,,,,否,304925337,26999002,2216807199.99,196282744.54,,,,7.34,7.21,7.23,7.34,7.49,7.79,9.26,1993-10-18,2018-04-27
2005-03-01,600680,*ST上普,电子元件,7.27,7.34,7.2,7.27,7.2,134591,978476.57,0.4985,,,否,,,,,,否,304925337,26999002,2216807199.99,196282744.54,,,,7.33,7.24,7.24,7.34,7.48,7.78,9.24,1993-10-18,2018-04-27
2005-03-02,600680,*ST上普,电子元件,7.2,7.32,7.08,7.1,7.08,232288,1649244.80,0.8604,,,否,,,,,,否,304925337,26999002,2164969892.70,191692914.20,,,,7.28,7.24,7.23,7.34,7.46,7.77,9.22,1993-10-18,2018-04-27
2005-03-03,600680,*ST上普,电子元件,7.1,7.14,7.02,7.12,7.02,249212,1774389.44,0.9230,,,否,,,,,,否,304925337,26999002,2171068399.44,192232894.24,,,,7.23,7.23,7.19,7.33,7.45,7.77,9.20,1993-10-18,2018-04-27
2005-03-04,600680,*ST上普,电子元件,7.1,7.12,7.05,7.09,7.05,123699,877025.91,0.4582,,,否,,,,,,否,304925337,26999002,2161920639.33,191422924.18,,,,7.17,7.24,7.15,7.32,7.44,7.76,9.18,1993-10-18,2018-04-27
2005-03-07,600680,*ST上普,电子元件,7.08,7.18,7.07,7.16,7.07,57253,409931.48,0.2121,,,否,,,,,,否,304925337,26999002,2183265412.92,193312854.32,,,,7.15,7.24,7.14,7.30,7.43,7.75,9.16,1993-10-18,2018-04-27
2005-03-08,600680,*ST上普,电子元件,7.16,7.23,7.09,7.22,7.09,170041,1227696.02,0.6298,,,否,,,,,,否,304925337,26999002,2201560933.14,194932794.44,,,,7.14,7.24,7.14,7.28,7.42,7.74,9.14,1993-10-18,2018-04-27
2005-03-09,600680,*ST上普,电子元件,7.14,7.3,7.14,7.28,7.14,219889,1600791.92,0.8144,,,否,,,,,,否,304925337,26999002,2219856453.36,196552734.56,,,,7.17,7.23,7.16,7.27,7.41,7.73,9.12,1993-10-18,2018-04-27
2005-03-10,600680,*ST上普,电子元件,7.28,7.28,7.03,7.06,7.03,152300,1075238.00,0.5641,,,否,,,,,,否,304925337,26999002,2152772879.22,190612954.12,,,,7.16,7.20,7.17,7.24,7.39,7.72,9.10,1993-10-18,2018-04-27
2005-03-11,600680,*ST上普,电子元件,7.06,7.2,7.06,7.16,7.06,119748,857395.68,0.4435,,,否,,,,,,否,304925337,26999002,2183265412.92,193312854.32,,,,7.18,7.17,7.17,7.22,7.38,7.71,9.08,1993-10-18,2018-04-27
2005-03-14,600680,*ST上普,电子元件,7.12,7.12,6.93,6.98,6.93,244637,1707566.26,0.9061,,,否,,,,,,否,304925337,26999002,2128378852.26,188453033.96,,,,7.14,7.14,7.18,7.20,7.36,7.70,9.06,1993-10-18,2018-04-27
2005-03-15,600680,*ST上普,电子元件,6.98,7.03,6.83,6.87,6.83,133001,913716.87,0.4926,,,否,,,,,,否,304925337,26999002,2094837065.19,185483143.74,,,,7.07,7.10,7.17,7.19,7.34,7.68,9.04,1993-10-18,2018-04-27
2005-03-16,600680,*ST上普,电子元件,6.83,6.95,6.78,6.87,6.78,115452,793155.24,0.4276,,,否,,,,,,否,304925337,26999002,2094837065.19,185483143.74,,,,6.99,7.08,7.16,7.18,7.32,7.67,9.02,1993-10-18,2018-04-27
2005-03-17,600680,*ST上普,电子元件,6.87,6.94,6.83,6.89,6.83,117900,812331.00,0.4367,,,否,,,,,,否,304925337,26999002,2100935571.93,186023123.78,,,,6.95,7.06,7.15,7.15,7.31,7.66,9.00,1993-10-18,2018-04-27
2005-03-18,600680,*ST上普,电子元件,6.88,6.93,6.2,6.27,6.2,493910,3096815.70,1.8294,,,否,,,,,,否,304925337,26999002,1911881862.99,169283742.54,,,,6.78,6.98,7.11,7.09,7.29,7.65,8.98,1993-10-18,2018-04-27
2005-03-21,600680,*ST上普,电子元件,6.23,6.23,5.69,5.98,5.69,244847,1464185.06,0.9069,,,否,,,,,,否,304925337,26999002,1823453515.26,161454031.96,,,,6.58,6.86,7.05,7.05,7.26,7.63,8.96,1993-10-18,2018-04-27
2005-03-22,600680,*ST上普,电子元件,5.9,5.98,5.7,5.73,5.7,187190,1072598.70,0.6933,,,否,,,,,,否,304925337,26999002,1747222181.01,154704281.46,,,,6.35,6.71,6.97,7.00,7.23,7.61,8.94,1993-10-18,2018-04-27
2005-03-23,600680,*ST上普,电子元件,5.71,6.06,5.71,5.86,5.71,211990,1242261.40,0.7852,,,否,,,,,,否,304925337,26999002,1786862474.82,158214151.72,,,,6.15,6.57,6.90,6.96,7.21,7.59,8.92,1993-10-18,2018-04-27
2005-03-24,600680,*ST上普,电子元件,5.85,5.99,5.81,5.97,5.81,123426,736853.22,0.4572,,,否,,,,,,否,304925337,26999002,1820404261.89,161184041.94,,,,5.96,6.46,6.83,6.94,7.19,7.56,8.89,1993-10-18,2018-04-27
2005-03-25,600680,*ST上普,电子元件,5.88,5.97,5.88,5.92,5.88,85500,506160.00,0.3167,,,否,,,,,,否,304925337,26999002,1805157995.04,159834091.84,,,,5.89,6.33,6.75,6.89,7.16,7.53,8.87,1993-10-18,2018-04-27
2005-03-28,600680,*ST上普,电子元件,5.92,5.92,5.54,5.64,5.54,200626,1131530.64,0.7431,,,否,,,,,,否,304925337,26999002,1719778900.68,152274371.28,,,,5.82,6.20,6.67,6.85,7.13,7.50,8.85,1993-10-18,2018-04-27
2005-03-29,600680,*ST上普,电子元件,5.68,5.88,5.59,5.68,5.59,176741,1003888.88,0.6546,,,否,,,,,,否,304925337,26999002,1731975914.16,153354331.36,,,,5.81,6.08,6.59,6.81,7.10,7.47,8.82,1993-10-18,2018-04-27
2005-03-30,600680,*ST上普,电子元件,5.68,5.82,5.48,5.7,5.48,229434,1307773.80,0.8498,,,否,,,,,,否,304925337,26999002,1738074420.90,153894311.40,,,,5.78,5.96,6.52,6.76,7.07,7.45,8.80,1993-10-18,2018-04-27
2005-03-31,600680,*ST上普,电子元件,5.66,6.0,5.6,5.94,5.6,273412,1624067.28,1.0127,,,否,,,,,,否,304925337,26999002,1811256501.78,160374071.88,,,,5.78,5.87,6.46,6.72,7.04,7.42,8.78,1993-10-18,2018-04-27
2005-04-01,600680,*ST上普,电子元件,5.83,6.23,5.83,6.18,5.83,676474,4180609.32,2.5056,,,否,,,,,,否,304925337,26999002,1884438582.66,166853832.36,,,,5.83,5.86,6.42,6.69,7.02,7.40,8.76,1993-10-18,2018-04-27
2005-04-04,600680,*ST上普,电子元件,6.08,6.13,5.88,6.05,5.88,350292,2119266.60,1.2974,,,否,,,,,,否,304925337,26999002,1844798288.85,163343962.10,,,,5.91,5.87,6.36,6.66,6.99,7.37,8.73,1993-10-18,2018-04-27
2005-04-05,600680,*ST上普,电子元件,6.07,6.34,5.94,6.27,5.94,404337,2535192.99,1.4976,,,否,,,,,,否,304925337,26999002,1911881862.99,169283742.54,,,,6.03,5.92,6.32,6.62,6.97,7.35,8.71,1993-10-18,2018-04-27
2005-04-06,600680,*ST上普,电子元件,6.2,6.34,5.96,6.33,5.96,506809,3208100.97,1.8771,,,否,,,,,,否,304925337,26999002,1930177383.21,170903682.66,,,,6.15,5.97,6.27,6.59,6.96,7.33,8.69,1993-10-18,2018-04-27
2005-04-07,600680,*ST上普,电子元件,6.59,6.97,6.59,6.95,6.59,2206723,15336724.85,8.1734,,,否,,,,,,否,304925337,26999002,2119231092.15,187643063.90,,,,6.36,6.07,6.26,6.57,6.96,7.32,8.67,1993-10-18,2018-04-27
2005-04-08,600680,*ST上普,电子元件,6.83,6.88,6.48,6.84,6.48,700913,4794244.92,2.5961,,,否,,,,,,否,304925337,26999002,2085689305.08,184673173.68,,,,6.49,6.16,6.25,6.56,6.95,7.30,8.65,1993-10-18,2018-04-27
2005-04-11,600680,*ST上普,电子元件,6.68,6.84,6.62,6.64,6.62,430906,2861215.84,1.5960,,,否,,,,,,否,304925337,26999002,2024704237.68,179273373.28,,,,6.61,6.26,6.23,6.53,6.94,7.29,8.63,1993-10-18,2018-04-27
2005-04-12,600680,*ST上普,电子元件,6.62,6.62,6.34,6.37,6.34,332253,2116451.61,1.2306,,,否,,,,,,否,304925337,26999002,1942374396.69,171983642.74,,,,6.63,6.33,6.20,6.50,6.92,7.27,8.60,1993-10-18,2018-04-27
2005-04-13,600680,*ST上普,电子元件,6.57,6.66,6.48,6.48,6.48,349350,2263788.00,1.2939,,,否,,,,,,否,304925337,26999002,1975916183.76,174953532.96,,,,6.66,6.41,6.18,6.48,6.91,7.27,8.58,1993-10-18,2018-04-27
2005-04-14,600680,*ST上普,电子元件,6.48,6.56,6.2,6.26,6.2,277505,1737181.30,1.0278,,,否,,,,,,否,304925337,26999002,1908832609.62,169013752.52,,,,6.52,6.44,6.15,6.45,6.89,7.26,8.55,1993-10-18,2018-04-27
2005-04-15,600680,*ST上普,电子元件,6.25,6.48,6.16,6.45,6.16,430059,2773880.55,1.5929,,,否,,,,,,否,304925337,26999002,1966768423.65,174143562.90,,,,6.44,6.46,6.16,6.43,6.88,7.25,8.53,1993-10-18,2018-04-27
2005-04-18,600680,*ST上普,电子元件,6.44,6.45,5.88,5.99,5.88,286954,1718854.46,1.0628,,,否,,,,,,否,304925337,26999002,1826502768.63,161724021.98,,,,6.31,6.46,6.16,6.39,6.85,7.24,8.50,1993-10-18,2018-04-27
2005-04-19,600680,*ST上普,电子元件,5.99,6.1,5.89,6.04,5.89,160000,966400.00,0.5926,,,否,,,,,,否,304925337,26999002,1841749035.48,163073972.08,,,,6.24,6.44,6.18,6.36,6.82,7.23,8.47,1993-10-18,2018-04-27
2005-04-20,600680,*ST上普,电子元件,6.06,6.18,5.91,5.91,5.91,156700,926097.00,0.5804,,,否,,,,,,否,304925337,26999002,1802108741.67,159564101.82,,,,6.13,6.39,6.18,6.31,6.79,7.22,8.45,1993-10-18,2018-04-27
2005-04-21,600680,*ST上普,电子元件,5.91,5.91,5.58,5.67,5.58,169500,961065.00,0.6278,,,否,,,,,,否,304925337,26999002,1728926660.79,153084341.34,,,,6.01,6.27,6.17,6.26,6.75,7.21,8.42,1993-10-18,2018-04-27
2005-04-22,600680,*ST上普,电子元件,5.67,5.8,5.43,5.43,5.43,251085,1363391.55,0.9300,,,否,,,,,,否,304925337,26999002,1655744579.91,146604580.86,,,,5.81,6.12,6.14,6.21,6.71,7.19,8.39,1993-10-18,2018-04-27
2005-04-25,600680,*ST上普,电子元件,5.43,5.43,5.01,5.18,5.01,286260,1482826.80,1.0603,,,否,,,,,,否,304925337,26999002,1579513245.66,139854830.36,,,,5.65,5.98,6.12,6.15,6.67,7.17,8.36,1993-10-18,2018-04-27
2005-04-26,600680,*ST上普,电子元件,5.27,5.27,5.14,5.24,5.14,175921,921826.04,0.6516,,,否,,,,,,否,304925337,26999002,1597808765.88,141474770.48,,,,5.49,5.87,6.10,6.09,6.64,7.15,8.34,1993-10-18,2018-04-27
2005-04-27,600680,*ST上普,电子元件,5.26,5.28,5.01,5.02,5.01,156700,786634.00,0.5804,,,否,,,,,,否,304925337,26999002,1530725191.74,135534990.04,,,,5.31,5.72,6.06,6.03,6.60,7.13,8.31,1993-10-18,2018-04-27
2005-04-28,600680,*ST上普,电子元件,5.01,5.28,4.82,5.23,4.82,443370,2318825.10,1.6422,,,否,,,,,,否,304925337,26999002,1594759512.51,141204780.46,,,,5.22,5.62,6.03,5.97,6.56,7.11,8.28,1993-10-18,2018-04-27
2005-04-29,600680,*ST上普,电子元件,5.18,5.26,5.05,5.06,5.05,219500,1110670.00,0.8130,,,否,,,,,,否,304925337,26999002,1542922205.22,136614950.12,,,,5.15,5.48,5.97,5.93,6.51,7.09,8.25,1993-10-18,2018-04-27
2005-05-09,600680,*ST上普,电子元件,5.09,5.09,4.85,4.95,4.85,92600,458370.00,0.3430,,,否,,,,,,否,304925337,26999002,1509380418.15,133645059.90,,,,5.10,5.37,5.92,5.90,6.47,7.07,8.23,1993-10-18,2018-04-27
2005-05-10,600680,*ST上普,电子元件,4.91,5.04,4.77,5.02,4.77,147900,742458.00,0.5478,,,否,,,,,,否,304925337,26999002,1530725191.74,135534990.04,,,,5.06,5.27,5.85,5.88,6.44,7.05,8.20,1993-10-18,2018-04-27
2005-05-11,600680,*ST上普,电子元件,5.14,5.41,5.09,5.33,5.09,506858,2701553.14,1.8773,,,否,,,,,,否,304925337,26999002,1625252046.21,143904680.66,,,,5.12,5.21,5.80,5.86,6.41,7.03,8.18,1993-10-18,2018-04-27
2005-05-12,600680,*ST上普,电子元件,5.22,5.27,5.02,5.25,5.02,214794,1127668.50,0.7956,,,否,,,,,,否,304925337,26999002,1600858019.25,141744760.50,,,,5.12,5.17,5.72,5.83,6.38,7.01,8.15,1993-10-18,2018-04-27
2005-05-13,600680,*ST上普,电子元件,5.26,5.32,5.09,5.28,5.09,198263,1046828.64,0.7343,,,否,,,,,,否,304925337,26999002,1610005779.36,142554730.56,,,,5.17,5.16,5.64,5.81,6.35,6.99,8.13,1993-10-18,2018-04-27
2005-05-16,600680,*ST上普,电子元件,5.28,5.28,5.16,5.18,5.16,148585,769670.30,0.5503,,,否,,,,,,否,304925337,26999002,1579513245.66,139854830.36,,,,5.21,5.16,5.57,5.80,6.32,6.97,8.10,1993-10-18,2018-04-27
2005-05-17,600680,*ST上普,电子元件,5.16,5.26,5.16,5.22,5.16,133112,694844.64,0.4930,,,否,,,,,,否,304925337,26999002,1591710259.14,140934790.44,,,,5.25,5.15,5.51,5.78,6.30,6.95,8.08,1993-10-18,2018-04-27
2005-05-18,600680,*ST上普,电子元件,5.2,5.58,5.2,5.38,5.2,385048,2071558.24,1.4262,,,否,,,,,,否,304925337,26999002,1640498313.06,145254630.76,,,,5.26,5.19,5.45,5.77,6.27,6.93,8.06,1993-10-18,2018-04-27
2005-05-19,600680,*ST上普,电子元件,5.33,5.37,5.23,5.3,5.23,165460,876938.00,0.6128,,,否,,,,,,否,304925337,26999002,1616104286.10,143094710.60,,,,5.27,5.20,5.41,5.75,6.24,6.91,8.04,1993-10-18,2018-04-27
2005-05-20,600680,*ST上普,电子元件,5.2,5.33,5.2,5.22,5.2,147396,769407.12,0.5459,,,否,,,,,,否,304925337,26999002,1591710259.14,140934790.44,,,,5.26,5.21,5.35,5.72,6.20,6.89,8.02,1993-10-18,2018-04-27
2005-05-23,600680,*ST上普,电子元件,5.18,5.18,4.98,4.99,4.98,193299,964562.01,0.7159,,,否,,,,,,否,304925337,26999002,1521577431.63,134725019.98,,,,5.22,5.22,5.30,5.68,6.17,6.86,8.00,1993-10-18,2018-04-27
2005-05-24,600680,*ST上普,电子元件,5.04,5.27,5.04,5.24,5.04,293273,1536750.52,1.0862,,,否,,,,,,否,304925337,26999002,1597808765.88,141474770.48,,,,5.23,5.24,5.26,5.65,6.14,6.84,7.98,1993-10-18,2018-04-27
2005-05-25,600680,*ST上普,电子元件,5.24,5.63,5.16,5.58,5.16,968836,5406104.88,3.5884,,,否,,,,,,否,304925337,26999002,1701483380.46,150654431.16,,,,5.27,5.26,5.24,5.62,6.11,6.82,7.96,1993-10-18,2018-04-27
2005-05-26,600680,*ST上普,电子元件,5.48,5.49,5.29,5.32,5.29,339011,1803538.52,1.2556,,,否,,,,,,否,304925337,26999002,1622202792.84,143634690.64,,,,5.27,5.27,5.22,5.57,6.07,6.80,7.94,1993-10-18,2018-04-27
2005-05-27,600680,*ST上普,电子元件,5.3,5.46,5.3,5.39,5.3,284666,1534349.74,1.0544,,,否,,,,,,否,304925337,26999002,1643547566.43,145524620.78,,,,5.30,5.28,5.22,5.52,6.04,6.77,7.92,1993-10-18,2018-04-27
2005-05-31,600680,*ST上普,电子元件,5.48,5.54,5.34,5.4,5.34,135609,732288.60,0.5023,,,否,,,,,,否,304925337,26999002,1646596819.80,145794610.80,,,,5.39,5.30,5.23,5.48,6.01,6.75,7.90,1993-10-18,2018-04-27
2005-06-01,600680,*ST上普,电子元件,5.36,5.53,5.3,5.4,5.3,222904,1203681.60,0.8256,,,否,,,,,,否,304925337,26999002,1646596819.80,145794610.80,,,,5.42,5.32,5.24,5.45,5.98,6.73,7.87,1993-10-18,2018-04-27
2005-06-02,600680,*ST上普,电子元件,5.38,5.38,4.97,5.17,4.97,308316,1593993.72,1.1420,,,否,,,,,,否,304925337,26999002,1576463992.29,139584840.34,,,,5.34,5.30,5.25,5.40,5.94,6.70,7.85,1993-10-18,2018-04-27
2005-06-03,600680,*ST上普,电子元件,5.09,5.19,5.04,5.11,5.04,154490,789443.90,0.5722,,,否,,,,,,否,304925337,26999002,1558168472.07,137964900.22,,,,5.29,5.28,5.24,5.37,5.91,6.68,7.83,1993-10-18,2018-04-27
2005-06-06,600680,*ST上普,电子元件,5.18,5.32,5.09,5.31,5.09,199370,1058654.70,0.7384,,,否,,,,,,否,304925337,26999002,1619153539.47,143364700.62,,,,5.28,5.29,5.25,5.33,5.88,6.66,7.81,1993-10-18,2018-04-27
2005-06-07,600680,*ST上普,电子元件,5.27,5.61,5.23,5.39,5.23,499880,2694353.20,1.8515,,,否,,,,,,否,304925337,26999002,1643547566.43,145524620.78,,,,5.28,5.33,5.27,5.31,5.85,6.64,7.79,1993-10-18,2018-04-27
2005-06-08,600680,*ST上普,电子元件,5.42,5.87,5.39,5.81,5.39,754522,4383772.82,2.7946,,,否,,,,,,否,304925337,26999002,1771616207.97,156864201.62,,,,5.36,5.39,5.31,5.30,5.83,6.62,7.77,1993-10-18,2018-04-27
2005-06-09,600680,*ST上普,电子元件,5.76,5.83,5.63,5.78,5.63,689204,3983599.12,2.5527,,,否,,,,,,否,304925337,26999002,1762468447.86,156054231.56,,,,5.48,5.41,5.34,5.30,5.80,6.61,7.75,1993-10-18,2018-04-27
2005-06-10,600680,*ST上普,电子元件,5.78,5.84,5.6,5.65,5.6,275054,1554055.10,1.0188,,,否,,,,,,否,304925337,26999002,1722828154.05,152544361.30,,,,5.59,5.44,5.36,5.29,5.78,6.58,7.73,1993-10-18,2018-04-27
2005-06-13,600680,*ST上普,电子元件,5.5,5.68,5.48,5.55,5.48,202700,1124985.00,0.7508,,,否,,,,,,否,304925337,26999002,1692335620.35,149844461.10,,,,5.64,5.46,5.37,5.30,5.75,6.57,7.70,1993-10-18,2018-04-27
2005-06-14,600680,*ST上普,电子元件,5.6,5.72,5.53,5.53,5.53,158500,876505.00,0.5871,,,否,,,,,,否,304925337,26999002,1686237113.61,149304481.06,,,,5.66,5.47,5.39,5.31,5.73,6.54,7.68,1993-10-18,2018-04-27
2005-06-15,600680,*ST上普,电子元件,5.56,5.56,5.3,5.32,5.3,196200,1043784.00,0.7267,,,否,,,,,,否,304925337,26999002,1622202792.84,143634690.64,,,,5.57,5.46,5.39,5.31,5.70,6.52,7.65,1993-10-18,2018-04-27
2005-06-16,600680,*ST上普,电子元件,5.32,5.36,5.18,5.34,5.18,157700,842118.00,0.5841,,,否,,,,,,否,304925337,26999002,1628301299.58,144174670.68,,,,5.48,5.48,5.39,5.32,5.68,6.50,7.63,1993-10-18,2018-04-27
2005-06-17,600680,*ST上普,电子元件,5.32,5.36,5.24,5.28,5.24,99300,524304.00,0.3678,,,否,,,,,,否,304925337,26999002,1610005779.36,142554730.56,,,,5.40,5.50,5.39,5.33,5.65,6.48,7.61,1993-10-18,2018-04-27
2005-06-20,600680,*ST上普,电子元件,5.29,5.45,5.2,5.45,5.2,174599,951564.55,0.6467,,,否,,,,,,否,304925337,26999002,1661843086.65,147144560.90,,,,5.38,5.51,5.40,5.34,5.64,6.46,7.59,1993-10-18,2018-04-27
2005-06-21,600680,*ST上普,电子元件,5.45,5.46,5.33,5.34,5.33,125300,669102.00,0.4641,,,否,,,,,,否,304925337,26999002,1628301299.58,144174670.68,,,,5.35,5.51,5.42,5.35,5.63,6.44,7.56,1993-10-18,2018-04-27
2005-06-22,600680,*ST上普,电子元件,5.32,5.39,5.29,5.35,5.29,127750,683462.50,0.4732,,,否,,,,,,否,304925337,26999002,1631350552.95,144444660.70,,,,5.35,5.46,5.42,5.36,5.62,6.43,7.54,1993-10-18,2018-04-27
2005-06-23,600680,*ST上普,电子元件,5.33,5.45,5.31,5.32,5.31,157239,836511.48,0.5824,,,否,,,,,,否,304925337,26999002,1622202792.84,143634690.64,,,,5.35,5.41,5.41,5.36,5.61,6.41,7.52,1993-10-18,2018-04-27
2005-06-24,600680,*ST上普,电子元件,5.28,5.36,5.22,5.36,5.22,132780,711700.80,0.4918,,,否,,,,,,否,304925337,26999002,1634399806.32,144714650.72,,,,5.36,5.38,5.41,5.37,5.60,6.39,7.50,1993-10-18,2018-04-27
2005-06-27,600680,*ST上普,电子元件,5.46,5.58,5.41,5.48,5.41,303242,1661766.16,1.1232,,,否,,,,,,否,304925337,26999002,1670990846.76,147954530.96,,,,5.37,5.38,5.42,5.37,5.59,6.38,7.49,1993-10-18,2018-04-27
2005-06-28,600680,*ST上普,电子元件,5.48,5.5,5.31,5.31,5.31,124800,662688.00,0.4622,,,否,,,,,,否,304925337,26999002,1619153539.47,143364700.62,,,,5.36,5.36,5.41,5.38,5.59,6.36,7.47,1993-10-18,2018-04-27
2005-06-29,600680,*ST上普,电子元件,5.33,5.44,5.32,5.37,5.32,133132,714918.84,0.4931,,,否,,,,,,否,304925337,26999002,1637449059.69,144984640.74,,,,5.37,5.36,5.41,5.38,5.58,6.34,7.45,1993-10-18,2018-04-27
2005-06-30,600680,*ST上普,电子元件,5.32,5.32,5.15,5.18,5.15,203200,1052576.00,0.7526,,,否,,,,,,否,304925337,26999002,1579513245.66,139854830.36,,,,5.34,5.34,5.41,5.37,5.57,6.32,7.43,1993-10-18,2018-04-27
2005-07-01,600680,*ST上普,电子元件,5.53,5.58,5.24,5.24,5.24,1100404,5766116.96,4.0757,,,否,,,,,,否,304925337,26999002,1597808765.88,141474770.48,,,,5.32,5.34,5.42,5.37,5.56,6.30,7.41,1993-10-18,2018-04-27
2005-07-04,600680,*ST上普,电子元件,5.05,5.05,4.72,4.74,4.72,566180,2683693.20,2.0970,,,否,,,,,,否,304925337,26999002,1445346097.38,127975269.48,,,,5.17,5.27,5.39,5.36,5.54,6.28,7.38,1993-10-18,2018-04-27
2005-07-05,600680,*ST上普,电子元件,4.62,4.74,4.47,4.62,4.47,232699,1075069.38,0.8619,,,否,,,,,,否,304925337,26999002,1408755056.94,124735389.24,,,,5.03,5.20,5.35,5.34,5.51,6.25,7.36,1993-10-18,2018-04-27
2005-07-06,600680,*ST上普,电子元件,4.66,4.71,4.54,4.54,4.54,119200,541168.00,0.4415,,,否,,,,,,否,304925337,26999002,1384361029.98,122575469.08,,,,4.86,5.12,5.29,5.32,5.48,6.23,7.34,1993-10-18,2018-04-27
2005-07-07,600680,*ST上普,电子元件,4.59,4.59,4.49,4.58,4.49,100842,461856.36,0.3735,,,否,,,,,,否,304925337,26999002,1396558043.46,123655429.16,,,,4.74,5.04,5.23,5.29,5.46,6.21,7.31,1993-10-18,2018-04-27
2005-07-08,600680,*ST上普,电子元件,4.57,4.57,4.19,4.21,4.19,204450,860734.50,0.7573,,,否,,,,,,否,304925337,26999002,1283735668.77,113665798.42,,,,4.54,4.93,5.16,5.25,5.41,6.18,7.29,1993-10-18,2018-04-27
2005-07-11,600680,*ST上普,电子元件,4.3,4.31,4.17,4.19,4.17,159500,668305.00,0.5908,,,否,,,,,,否,304925337,26999002,1277637162.03,113125818.38,,,,4.43,4.80,5.09,5.21,5.37,6.16,7.26,1993-10-18,2018-04-27
2005-07-12,600680,*ST上普,电子元件,3.97,4.34,3.96,4.29,3.96,327840,1406433.60,1.2143,,,否,,,,,,否,304925337,26999002,1308129695.73,115825718.58,,,,4.36,4.70,5.03,5.17,5.33,6.13,7.24,1993-10-18,2018-04-27
2005-07-13,600680,*ST上普,电子元件,4.27,4.27,4.13,4.19,4.13,203710,853544.90,0.7545,,,否,,,,,,否,304925337,26999002,1277637162.03,113125818.38,,,,4.29,4.58,4.97,5.13,5.29,6.11,7.22,1993-10-18,2018-04-27
2005-07-14,600680,*ST上普,电子元件,4.13,4.19,4.09,4.14,4.09,163420,676558.80,0.6053,,,否,,,,,,否,304925337,26999002,1262390895.18,111775868.28,,,,4.20,4.47,4.91,5.10,5.25,6.08,7.20,1993-10-18,2018-04-27
2005-07-15,600680,*ST上普,电子元件,4.16,4.18,3.99,4.01,3.99,176400,707364.00,0.6534,,,否,,,,,,否,304925337,26999002,1222750601.37,108265998.02,,,,4.16,4.35,4.85,5.06,5.21,6.05,7.17,1993-10-18,2018-04-27
2005-07-18,600680,*ST上普,电子元件,3.99,4.0,3.79,3.79,3.79,188900,715931.00,0.6997,,,否,,,,,,否,304925337,26999002,1155667027.23,102326217.58,,,,4.08,4.26,4.76,5.01,5.17,6.02,7.15,1993-10-18,2018-04-27
2005-07-19,600680,*ST上普,电子元件,3.79,3.9,3.79,3.88,3.79,115211,447018.68,0.4267,,,否,,,,,,否,304925337,26999002,1183110307.56,104756127.76,,,,4.00,4.18,4.69,4.96,5.13,5.99,7.12,1993-10-18,2018-04-27
2005-07-20,600680,*ST上普,电子元件,3.84,3.97,3.84,3.9,3.84,168600,657540.00,0.6245,,,否,,,,,,否,304925337,26999002,1189208814.30,105296107.80,,,,3.94,4.12,4.62,4.90,5.10,5.96,7.10,1993-10-18,2018-04-27
2005-07-21,600680,*ST上普,电子元件,3.92,3.96,3.85,3.95,3.85,99000,391050.00,0.3667,,,否,,,,,,否,304925337,26999002,1204455081.15,106646057.90,,,,3.91,4.06,4.55,4.84,5.07,5.93,7.08,1993-10-18,2018-04-27
2005-07-22,600680,*ST上普,电子元件,3.96,4.18,3.96,4.11,3.96,321805,1322618.55,1.1919,,,否,,,,,,否,304925337,26999002,1253243135.07,110965898.22,,,,3.93,4.05,4.49,4.79,5.04,5.90,7.05,1993-10-18,2018-04-27
2005-07-25,600680,*ST上普,电子元件,4.14,4.17,4.02,4.07,4.02,171717,698888.19,0.6360,,,否,,,,,,否,304925337,26999002,1241046121.59,109885938.14,,,,3.98,4.03,4.42,4.74,5.02,5.87,7.03,1993-10-18,2018-04-27
2005-07-26,600680,*ST上普,电子元件,4.02,4.26,4.02,4.24,4.02,357555,1516033.20,1.3243,,,否,,,,,,否,304925337,26999002,1292883428.88,114475768.48,,,,4.05,4.03,4.36,4.69,5.00,5.84,7.01,1993-10-18,2018-04-27
2005-07-27,600680,*ST上普,电子元件,4.31,4.37,4.15,4.35,4.15,421513,1833581.55,1.5612,,,否,,,,,,否,304925337,26999002,1326425215.95,117445658.70,,,,4.14,4.04,4.31,4.66,4.99,5.81,6.99,1993-10-18,2018-04-27
2005-07-28,600680,*ST上普,电子元件,4.37,4.49,4.27,4.29,4.27,411129,1763743.41,1.5228,,,否,,,,,,否,304925337,26999002,1308129695.73,115825718.58,,,,4.21,4.06,4.27,4.63,4.97,5.79,6.98,1993-10-18,2018-04-27
2005-07-29,600680,*ST上普,电子元件,4.25,4.42,4.18,4.38,4.18,403070,1765446.60,1.4929,,,否,,,,,,否,304925337,26999002,1335572976.06,118255628.76,,,,4.27,4.10,4.22,4.60,4.96,5.76,6.96,1993-10-18,2018-04-27
2005-08-01,600680,*ST上普,电子元件,4.35,4.38,4.24,4.34,4.24,302898,1314577.32,1.1219,,,否,,,,,,否,304925337,26999002,1323375962.58,117175668.68,,,,4.32,4.15,4.20,4.56,4.95,5.73,6.94,1993-10-18,2018-04-27
2005-08-02,600680,*ST上普,电子元件,4.34,4.45,4.22,4.44,4.22,368097,1634350.68,1.3634,,,否,,,,,,否,304925337,26999002,1353868496.28,119875568.88,,,,4.36,4.21,4.19,4.53,4.94,5.71,6.92,1993-10-18,2018-04-27
2005-08-03,600680,*ST上普,电子元件,4.44,4.62,4.39,4.45,4.39,721468,3210532.60,2.6722,,,否,,,,,,否,304925337,26999002,1356917749.65,120145558.90,,,,4.38,4.26,4.19,4.50,4.93,5.68,6.90,1993-10-18,2018-04-27
2005-08-04,600680,*ST上普,电子元件,4.44,4.68,4.38,4.59,4.38,702278,3223456.02,2.6011,,,否,,,,,,否,304925337,26999002,1399607296.83,123925419.18,,,,4.44,4.33,4.19,4.47,4.92,5.66,6.89,1993-10-18,2018-04-27
2005-08-05,600680,*ST上普,电子元件,4.55,4.73,4.52,4.71,4.52,784373,3694396.83,2.9052,,,否,,,,,,否,304925337,26999002,1436198337.27,127165299.42,,,,4.51,4.39,4.22,4.45,4.91,5.65,6.87,1993-10-18,2018-04-27
2005-08-08,600680,*ST上普,电子元件,4.77,4.85,4.67,4.85,4.67,1035789,5023576.65,3.8364,,,否,,,,,,否,304925337,26999002,1478887884.45,130945159.70,,,,4.61,4.46,4.25,4.43,4.90,5.63,6.86,1993-10-18,2018-04-27
2005-08-09,600680,*ST上普,电子元件,4.87,5.17,4.79,5.13,4.79,1034061,5304732.93,3.8300,,,否,,,,,,否,304925337,26999002,1564266978.81,138504880.26,,,,4.75,4.55,4.29,4.43,4.90,5.61,6.84,1993-10-18,2018-04-27
2005-08-10,600680,*ST上普,电子元件,5.1,5.24,5.06,5.17,5.06,1100776,5691011.92,4.0771,,,否,,,,,,否,304925337,26999002,1576463992.29,139584840.34,,,,4.89,4.64,4.34,4.42,4.90,5.60,6.83,1993-10-18,2018-04-27
2005-08-11,600680,*ST上普,电子元件,5.17,5.63,5.09,5.61,5.09,1895613,10634388.93,7.0210,,,否,,,,,,否,304925337,26999002,1710631140.57,151464401.22,,,,5.09,4.77,4.41,4.43,4.90,5.59,6.81,1993-10-18,2018-04-27
2005-08-12,600680,*ST上普,电子元件,5.61,6.17,5.56,5.94,5.56,2779907,16512647.58,10.2963,,,否,,,,,,否,304925337,26999002,1811256501.78,160374071.88,,,,5.34,4.92,4.51,4.46,4.91,5.57,6.80,1993-10-18,2018-04-27
2005-08-15,600680,*ST上普,电子元件,5.94,5.98,5.48,5.8,5.48,1531394,8882085.20,5.6720,,,否,,,,,,否,304925337,26999002,1768566954.60,156594211.60,,,,5.53,5.07,4.61,4.49,4.92,5.56,6.79,1993-10-18,2018-04-27
2005-08-16,600680,*ST上普,电子元件,5.77,6.35,5.69,6.21,5.69,1907248,11844010.08,7.0641,,,否,,,,,,否,304925337,26999002,1893586342.77,167663802.42,,,,5.75,5.25,4.73,4.55,4.94,5.56,6.78,1993-10-18,2018-04-27
2005-08-17,600680,*ST上普,电子元件,6.17,6.76,5.99,6.66,5.99,2443431,16273250.46,9.0501,,,否,,,,,,否,304925337,26999002,2030802744.42,179813353.32,,,,6.04,5.47,4.86,4.62,4.97,5.55,6.77,1993-10-18,2018-04-27
2005-08-18,600680,*ST上普,电子元件,6.65,7.28,6.0,6.05,6.0,2427455,14686102.75,8.9909,,,否,,,,,,否,304925337,26999002,1844798288.85,163343962.10,,,,6.13,5.61,4.97,4.66,4.98,5.54,6.76,1993-10-18,2018-04-27
2005-08-19,600680,*ST上普,电子元件,5.97,6.18,5.57,5.79,5.57,1647365,9538243.35,6.1016,,,否,,,,,,否,304925337,26999002,1765517701.23,156324221.58,,,,6.10,5.72,5.05,4.72,4.98,5.53,6.74,1993-10-18,2018-04-27
2005-08-22,600680,*ST上普,电子元件,5.59,5.81,5.31,5.6,5.31,920714,5155998.40,3.4102,,,否,,,,,,否,304925337,26999002,1707581887.20,151194411.20,,,,6.06,5.80,5.13,4.76,4.99,5.51,6.73,1993-10-18,2018-04-27
2005-08-23,600680,*ST上普,电子元件,5.58,5.66,5.38,5.55,5.38,510556,2833585.80,1.8910,,,否,,,,,,否,304925337,26999002,1692335620.35,149844461.10,,,,5.93,5.84,5.20,4.81,4.99,5.50,6.72,1993-10-18,2018-04-27
2005-08-24,600680,*ST上普,电子元件,5.98,6.11,5.71,6.11,5.71,1553987,9494860.57,5.7557,,,否,,,,,,是,304925337,26999002,1863093809.07,164963902.22,,,,5.82,5.93,5.28,4.87,5.00,5.49,6.71,1993-10-18,2018-04-27
2005-08-25,600680,*ST上普,电子元件,6.11,6.72,6.11,6.72,6.11,1844871,12397533.12,6.8331,,,否,,,,,,是,304925337,26999002,2049098264.64,181433293.44,,,,5.95,6.04,5.41,4.96,5.03,5.49,6.70,1993-10-18,2018-04-27
2005-08-26,600680,*ST上普,电子元件,6.92,7.34,6.32,6.54,6.32,2709006,17716899.24,10.0337,,,否,,,,,,否,304925337,26999002,1994211703.98,176573473.08,,,,6.10,6.10,5.51,5.04,5.05,5.48,6.69,1993-10-18,2018-04-27
2005-08-29,600680,*ST上普,电子元件,6.34,6.88,6.25,6.65,6.25,1237226,8227552.90,4.5825,,,否,,,,,,否,304925337,26999002,2027753491.05,179543363.30,,,,6.31,6.19,5.63,5.14,5.07,5.48,6.68,1993-10-18,2018-04-27
2005-08-30,600680,*ST上普,电子元件,6.58,6.58,6.18,6.24,6.18,812500,5070000.00,3.0094,,,否,,,,,,否,304925337,26999002,1902734102.88,168473772.48,,,,6.45,6.19,5.72,5.21,5.09,5.47,6.67,1993-10-18,2018-04-27
2005-08-31,600680,*ST上普,电子元件,6.18,6.39,6.09,6.34,6.09,894810,5673095.40,3.3142,,,否,,,,,,否,304925337,26999002,1933226636.58,171173672.68,,,,6.50,6.16,5.81,5.30,5.10,5.46,6.67,1993-10-18,2018-04-27
2005-09-01,600680,*ST上普,电子元件,6.34,6.46,6.17,6.37,6.17,1015050,6465868.50,3.7596,,,否,,,,,,否,304925337,26999002,1942374396.69,171983642.74,,,,6.43,6.19,5.90,5.38,5.11,5.45,6.66,1993-10-18,2018-04-27
2005-09-02,600680,*ST上普,电子元件,6.38,6.78,6.33,6.64,6.33,1140163,7570682.32,4.2230,,,否,,,,,,否,304925337,26999002,2024704237.68,179273373.28,,,,6.45,6.28,6.00,5.46,5.12,5.45,6.65,1993-10-18,2018-04-27
2005-09-05,600680,*ST上普,电子元件,6.58,7.23,6.43,7.09,6.43,1922056,13627377.04,7.1190,,,否,,,,,,否,304925337,26999002,2161920639.33,191422924.18,,,,6.54,6.43,6.11,5.56,5.15,5.45,6.65,1993-10-18,2018-04-27
2005-09-06,600680,*ST上普,电子元件,6.98,7.06,6.68,6.72,6.68,1556714,10461118.08,5.7658,,,否,,,,,,否,304925337,26999002,2049098264.64,181433293.44,,,,6.63,6.54,6.19,5.64,5.17,5.45,6.64,1993-10-18,2018-04-27
2005-09-07,600680,*ST上普,电子元件,6.58,6.91,6.51,6.86,6.51,654420,4489321.20,2.4239,,,否,,,,,,否,304925337,26999002,2091787811.82,185213153.72,,,,6.74,6.62,6.27,5.73,5.19,5.45,6.64,1993-10-18,2018-04-27
2005-09-08,600680,*ST上普,电子元件,6.83,6.84,6.65,6.71,6.65,506167,3396380.57,1.8748,,,否,,,,,,否,304925337,26999002,2046049011.27,181163303.42,,,,6.80,6.62,6.33,5.81,5.22,5.45,6.63,1993-10-18,2018-04-27
2005-09-09,600680,*ST上普,电子元件,6.68,6.92,6.67,6.7,6.67,620143,4154958.10,2.2969,,,否,,,,,,否,304925337,26999002,2042999757.90,180893313.40,,,,6.82,6.63,6.37,5.89,5.24,5.45,6.62,1993-10-18,2018-04-27
2005-09-12,600680,*ST上普,电子元件,6.66,6.66,6.38,6.48,6.38,525240,3403555.20,1.9454,,,否,,,,,,否,304925337,26999002,1975916183.76,174953532.96,,,,6.69,6.62,6.40,5.96,5.26,5.45,6.62,1993-10-18,2018-04-27
2005-09-13,600680,*ST上普,电子元件,6.49,6.63,6.43,6.62,6.43,521428,3451853.36,1.9313,,,否,,,,,,否,304925337,26999002,2018605730.94,178733393.24,,,,6.67,6.65,6.42,6.03,5.28,5.45,6.61,1993-10-18,2018-04-27
2005-09-14,600680,*ST上普,电子元件,6.63,6.73,6.57,6.7,6.57,529099,3544963.30,1.9597,,,否,,,,,,否,304925337,26999002,2042999757.90,180893313.40,,,,6.64,6.69,6.42,6.11,5.30,5.46,6.60,1993-10-18,2018-04-27
2005-09-15,600680,*ST上普,电子元件,6.7,6.96,6.7,6.77,6.7,796110,5389664.70,2.9487,,,否,,,,,,否,304925337,26999002,2064344531.49,182783243.54,,,,6.65,6.73,6.46,6.18,5.33,5.47,6.60,1993-10-18,2018-04-27
2005-09-16,600680,*ST上普,电子元件,6.77,6.77,6.63,6.68,6.63,339364,2266951.52,1.2570,,,否,,,,,,否,304925337,26999002,2036901251.16,180353333.36,,,,6.65,6.73,6.50,6.24,5.35,5.47,6.59,1993-10-18,2018-04-27
2005-09-19,600680,*ST上普,电子元件,6.68,6.81,6.68,6.76,6.68,405876,2743721.76,1.5033,,,否,,,,,,否,304925337,26999002,2061295278.12,182513253.52,,,,6.71,6.70,6.56,6.31,5.37,5.48,6.58,1993-10-18,2018-04-27
2005-09-20,600680,*ST上普,电子元件,6.77,7.06,6.68,7.04,6.68,1047505,7374435.20,3.8798,,,否,,,,,,否,304925337,26999002,2146674372.48,190072974.08,,,,6.79,6.73,6.64,6.37,5.40,5.49,6.58,1993-10-18,2018-04-27
2005-09-21,600680,*ST上普,电子元件,7.04,7.68,7.04,7.25,7.04,3751828,27200753.00,13.8962,,,否,,,,,,否,304925337,26999002,2210708693.25,195742764.50,,,,6.90,6.77,6.69,6.44,5.43,5.51,6.57,1993-10-18,2018-04-27
2005-09-22,600680,*ST上普,电子元件,6.98,7.23,6.52,6.89,6.52,1215184,8372617.76,4.5008,,,否,,,,,,否,304925337,26999002,2100935571.93,186023123.78,,,,6.92,6.79,6.70,6.48,5.46,5.52,6.57,1993-10-18,2018-04-27
2005-09-23,600680,*ST上普,电子元件,6.8,6.88,6.58,6.58,6.58,682450,4490521.00,2.5277,,,否,,,,,,否,304925337,26999002,2006408717.46,177653433.16,,,,6.90,6.78,6.70,6.50,5.48,5.52,6.56,1993-10-18,2018-04-27
2005-09-26,600680,*ST上普,电子元件,6.66,6.77,6.6,6.71,6.6,404997,2717529.87,1.5000,,,否,,,,,,否,304925337,26999002,2046049011.27,181163303.42,,,,6.89,6.80,6.71,6.53,5.51,5.53,6.56,1993-10-18,2018-04-27
2005-09-27,600680,*ST上普,电子元件,6.78,6.78,6.26,6.27,6.26,662181,4151874.87,2.4526,,,否,,,,,,否,304925337,26999002,1911881862.99,169283742.54,,,,6.74,6.77,6.71,6.54,5.54,5.53,6.55,1993-10-18,2018-04-27
2005-09-28,600680,*ST上普,电子元件,6.26,6.58,6.2,6.41,6.2,468600,3003726.00,1.7356,,,否,,,,,,否,304925337,26999002,1954571410.17,173063602.82,,,,6.57,6.74,6.71,6.53,5.57,5.53,6.54,1993-10-18,2018-04-27
2005-09-29,600680,*ST上普,电子元件,6.34,6.96,6.34,6.87,6.34,1535811,10551021.57,5.6884,,,否,,,,,,否,304925337,26999002,2094837065.19,185483143.74,,,,6.57,6.75,6.74,6.56,5.61,5.53,6.54,1993-10-18,2018-04-27
2005-09-30,600680,*ST上普,电子元件,6.75,6.87,6.58,6.63,6.58,701800,4652934.00,2.5994,,,否,,,,,,否,304925337,26999002,2021654984.31,179003383.26,,,,6.58,6.74,6.74,6.58,5.65,5.53,6.53,1993-10-18,2018-04-27
2005-10-10,600680,*ST上普,电子元件,6.63,6.86,6.52,6.53,6.52,354700,2316191.00,1.3138,,,否,,,,,,否,304925337,26999002,1991162450.61,176303483.06,,,,6.54,6.72,6.71,6.61,5.69,5.53,6.52,1993-10-18,2018-04-27
2005-10-11,600680,*ST上普,电子元件,6.44,6.58,6.09,6.51,6.09,580562,3779458.62,2.1503,,,否,,,,,,否,304925337,26999002,1985063943.87,175763503.02,,,,6.59,6.67,6.70,6.65,5.73,5.53,6.50,1993-10-18,2018-04-27
2005-10-12,600680,*ST上普,电子元件,6.44,6.51,6.34,6.42,6.34,431520,2770358.40,1.5983,,,否,,,,,,否,304925337,26999002,1957620663.54,173333592.84,,,,6.59,6.58,6.68,6.66,5.76,5.53,6.49,1993-10-18,2018-04-27
2005-10-13,600680,*ST上普,电子元件,6.42,6.63,6.4,6.44,6.4,257850,1660554.00,0.9550,,,否,,,,,,否,304925337,26999002,1963719170.28,173873572.88,,,,6.51,6.54,6.66,6.65,5.80,5.53,6.48,1993-10-18,2018-04-27
2005-10-14,600680,*ST上普,电子元件,6.49,6.49,6.27,6.32,6.27,300077,1896486.64,1.1114,,,否,,,,,,否,304925337,26999002,1927128129.84,170633692.64,,,,6.44,6.51,6.64,6.64,5.84,5.53,6.47,1993-10-18,2018-04-27
2005-10-17,600680,*ST上普,电子元件,6.32,6.44,6.18,6.35,6.18,207276,1316202.60,0.7677,,,否,,,,,,否,304925337,26999002,1936275889.95,171443662.70,,,,6.41,6.48,6.64,6.63,5.88,5.53,6.46,1993-10-18,2018-04-27
2005-10-18,600680,*ST上普,电子元件,6.28,6.64,6.28,6.56,6.28,563687,3697786.72,2.0878,,,否,,,,,,否,304925337,26999002,2000310210.72,177113453.12,,,,6.42,6.50,6.63,6.64,5.93,5.53,6.45,1993-10-18,2018-04-27
2005-10-19,600680,*ST上普,电子元件,6.56,7.06,6.56,6.74,6.56,1706291,11500401.34,6.3198,,,否,,,,,,否,304925337,26999002,2055196771.38,181973273.48,,,,6.48,6.54,6.64,6.65,5.98,5.54,6.44,1993-10-18,2018-04-27
2005-10-20,600680,*ST上普,电子元件,6.73,6.73,6.53,6.63,6.53,520303,3449608.89,1.9271,,,否,,,,,,否,304925337,26999002,2021654984.31,179003383.26,,,,6.52,6.51,6.63,6.66,6.02,5.54,6.44,1993-10-18,2018-04-27
2005-10-21,600680,*ST上普,电子元件,6.59,6.78,6.59,6.65,6.59,304440,2024526.00,1.1276,,,否,,,,,,否,304925337,26999002,2027753491.05,179543363.30,,,,6.59,6.52,6.63,6.66,6.06,5.55,6.43,1993-10-18,2018-04-27
2005-10-24,600680,*ST上普,电子元件,6.65,6.83,6.59,6.76,6.59,509482,3444098.32,1.8870,,,否,,,,,,否,304925337,26999002,2061295278.12,182513253.52,,,,6.67,6.54,6.63,6.65,6.11,5.56,6.42,1993-10-18,2018-04-27
2005-10-25,600680,*ST上普,电子元件,6.76,6.8,6.53,6.56,6.53,421093,2762370.08,1.5597,,,否,,,,,,否,304925337,26999002,2000310210.72,177113453.12,,,,6.67,6.54,6.60,6.65,6.15,5.57,6.41,1993-10-18,2018-04-27
2005-10-26,600680,*ST上普,电子元件,6.53,6.65,6.24,6.27,6.24,585549,3671392.23,2.1688,,,否,,,,,,否,304925337,26999002,1911881862.99,169283742.54,,,,6.57,6.53,6.56,6.63,6.18,5.58,6.41,1993-10-18,2018-04-27
2005-10-27,600680,*ST上普,电子元件,6.27,6.38,5.71,6.0,5.71,632059,3792354.00,2.3410,,,否,,,,,,否,304925337,26999002,1829552022.00,161994012.00,,,,6.45,6.48,6.51,6.60,6.21,5.59,6.40,1993-10-18,2018-04-27
2005-10-28,600680,*ST上普,电子元件,6.0,6.06,5.58,5.68,5.58,496873,2822238.64,1.8403,,,否,,,,,,否,304925337,26999002,1731975914.16,153354331.36,,,,6.25,6.42,6.47,6.57,6.23,5.59,6.39,1993-10-18,2018-04-27
2005-10-31,600680,*ST上普,电子元件,5.66,5.83,5.65,5.76,5.65,273865,1577462.40,1.0144,,,否,,,,,,否,304925337,26999002,1756369941.12,155514251.52,,,,6.05,6.36,6.42,6.55,6.25,5.60,6.39,1993-10-18,2018-04-27
2005-11-01,600680,*ST上普,电子元件,5.88,6.18,5.76,6.12,5.76,558919,3420584.28,2.0701,,,否,,,,,,否,304925337,26999002,1866143062.44,165233892.24,,,,5.97,6.32,6.41,6.53,6.28,5.61,6.38,1993-10-18,2018-04-27
2005-11-02,600680,*ST上普,电子元件,6.16,6.73,6.14,6.73,6.14,2713699,18263194.27,10.0511,,,否,,,,,,是,304925337,26999002,2052147518.01,181703283.46,,,,6.06,6.32,6.43,6.53,6.32,5.62,6.38,1993-10-18,2018-04-27
2005-11-03,600680,*ST上普,电子元件,6.83,7.15,6.68,6.89,6.68,3495795,24086027.55,12.9479,,,否,,,,,,否,304925337,26999002,2100935571.93,186023123.78,,,,6.24,6.34,6.43,6.53,6.36,5.64,6.38,1993-10-18,2018-04-27
2005-11-04,600680,*ST上普,电子元件,6.86,7.03,6.73,6.88,6.73,1542352,10611381.76,5.7126,,,否,,,,,,否,304925337,26999002,2097886318.56,185753133.76,,,,6.48,6.37,6.44,6.54,6.39,5.65,6.38,1993-10-18,2018-04-27
2005-11-07,600680,*ST上普,电子元件,6.86,7.11,6.76,7.1,6.76,1581133,11226044.30,5.8563,,,否,,,,,,否,304925337,26999002,2164969892.70,191692914.20,,,,6.74,6.40,6.47,6.55,6.43,5.67,6.38,1993-10-18,2018-04-27
2005-11-08,600680,*ST上普,电子元件,7.05,7.05,6.68,6.85,6.68,1507373,10325505.05,5.5831,,,否,,,,,,否,304925337,26999002,2088738558.45,184943163.70,,,,6.89,6.43,6.49,6.55,6.46,5.68,6.37,1993-10-18,2018-04-27
2005-11-09,600680,*ST上普,电子元件,6.86,6.88,6.74,6.79,6.74,803636,5456688.44,2.9765,,,否,,,,,,否,304925337,26999002,2070443038.23,183323223.58,,,,6.90,6.48,6.50,6.53,6.49,5.69,6.37,1993-10-18,2018-04-27
2005-11-10,600680,*ST上普,电子元件,6.79,6.79,6.59,6.66,6.59,746934,4974580.44,2.7665,,,否,,,,,,否,304925337,26999002,2030802744.42,179813353.32,,,,6.86,6.55,6.52,6.52,6.50,5.70,6.37,1993-10-18,2018-04-27
2005-11-11,600680,*ST上普,电子元件,6.6,6.78,6.56,6.68,6.56,524644,3504621.92,1.9432,,,否,,,,,,否,304925337,26999002,2036901251.16,180353333.36,,,,6.82,6.65,6.53,6.53,6.51,5.71,6.36,1993-10-18,2018-04-27
2005-11-14,600680,*ST上普,电子元件,6.56,6.75,6.56,6.73,6.56,382254,2572569.42,1.4158,,,否,,,,,,否,304925337,26999002,2052147518.01,181703283.46,,,,6.74,6.74,6.55,6.53,6.53,5.73,6.36,1993-10-18,2018-04-27
2005-11-15,600680,*ST上普,电子元件,6.74,6.98,6.7,6.78,6.7,1069069,7248287.82,3.9597,,,否,,,,,,否,304925337,26999002,2067393784.86,183053233.56,,,,6.73,6.81,6.56,6.54,6.54,5.74,6.36,1993-10-18,2018-04-27
2005-11-16,600680,*ST上普,电子元件,6.83,6.93,6.58,6.9,6.58,907639,6262709.10,3.3618,,,否,,,,,,否,304925337,26999002,2103984825.30,186293113.80,,,,6.75,6.83,6.57,6.56,6.54,5.76,6.36,1993-10-18,2018-04-27
2005-11-17,600680,*ST上普,电子元件,6.81,6.93,6.78,6.78,6.78,572540,3881821.20,2.1206,,,否,,,,,,否,304925337,26999002,2067393784.86,183053233.56,,,,6.77,6.82,6.58,6.56,6.56,5.77,6.35,1993-10-18,2018-04-27
2005-11-18,600680,*ST上普,电子元件,6.59,6.92,6.59,6.9,6.59,1009249,6963818.10,3.7381,,,否,,,,,,否,304925337,26999002,2103984825.30,186293113.80,,,,6.82,6.82,6.59,6.57,6.57,5.78,6.35,1993-10-18,2018-04-27
2005-11-21,600680,*ST上普,电子元件,6.93,7.3,6.88,7.08,6.88,1676028,11866278.24,6.2077,,,否,,,,,,否,304925337,26999002,2158871385.96,191152934.16,,,,6.89,6.82,6.61,6.58,6.60,5.79,6.35,1993-10-18,2018-04-27
2005-11-22,600680,*ST上普,电子元件,7.09,7.11,6.69,6.72,6.69,988907,6645455.04,3.6628,,,否,,,,,,否,304925337,26999002,2049098264.64,181433293.44,,,,6.88,6.80,6.62,6.59,6.62,5.80,6.35,1993-10-18,2018-04-27
2005-11-23,600680,*ST上普,电子元件,6.67,6.85,6.63,6.77,6.63,563811,3817000.47,2.0883,,,否,,,,,,否,304925337,26999002,2064344531.49,182783243.54,,,,6.85,6.80,6.64,6.60,6.63,5.82,6.34,1993-10-18,2018-04-27
2005-11-24,600680,*ST上普,电子元件,6.66,6.91,6.66,6.78,6.66,405860,2751730.80,1.5032,,,否,,,,,,否,304925337,26999002,2067393784.86,183053233.56,,,,6.85,6.81,6.68,6.61,6.63,5.83,6.34,1993-10-18,2018-04-27
2005-11-25,600680,*ST上普,电子元件,6.73,6.83,6.69,6.73,6.69,302801,2037850.73,1.1215,,,否,,,,,,否,304925337,26999002,2052147518.01,181703283.46,,,,6.82,6.82,6.73,6.63,6.63,5.84,6.33,1993-10-18,2018-04-27
2005-11-28,600680,*ST上普,电子元件,6.74,6.82,6.69,6.81,6.69,303466,2066603.46,1.1240,,,否,,,,,,否,304925337,26999002,2076541544.97,183863203.62,,,,6.76,6.83,6.78,6.64,6.64,5.86,6.33,1993-10-18,2018-04-27
2005-11-29,600680,*ST上普,电子元件,6.78,6.78,6.49,6.53,6.49,638161,4167191.33,2.3636,,,否,,,,,,否,304925337,26999002,1991162450.61,176303483.06,,,,6.72,6.80,6.80,6.64,6.64,5.86,6.32,1993-10-18,2018-04-27
2005-11-30,600680,*ST上普,电子元件,6.5,6.52,6.31,6.4,6.31,649631,4157638.40,2.4061,,,否,,,,,,否,304925337,26999002,1951522156.80,172793612.80,,,,6.65,6.75,6.79,6.63,6.64,5.87,6.32,1993-10-18,2018-04-27
2005-12-01,600680,*ST上普,电子元件,6.36,6.51,6.34,6.42,6.34,303301,1947192.42,1.1234,,,否,,,,,,否,304925337,26999002,1957620663.54,173333592.84,,,,6.58,6.71,6.76,6.62,6.64,5.87,6.31,1993-10-18,2018-04-27
2005-12-02,600680,*ST上普,电子元件,6.38,6.5,6.33,6.39,6.33,268820,1717759.80,0.9957,,,否,,,,,,否,304925337,26999002,1948472903.43,172523622.78,,,,6.51,6.66,6.74,6.62,6.64,5.88,6.30,1993-10-18,2018-04-27
2005-12-05,600680,*ST上普,电子元件,6.28,6.36,6.04,6.07,6.04,424700,2577929.00,1.5730,,,否,,,,,,否,304925337,26999002,1850896795.59,163883942.14,,,,6.36,6.56,6.69,6.59,6.62,5.89,6.29,1993-10-18,2018-04-27
2005-12-06,600680,*ST上普,电子元件,6.04,6.17,6.04,6.1,6.04,247013,1506779.30,0.9149,,,否,,,,,,否,304925337,26999002,1860044555.70,164693912.20,,,,6.28,6.50,6.65,6.58,6.61,5.89,6.29,1993-10-18,2018-04-27
2005-12-07,600680,*ST上普,电子元件,6.1,6.19,6.1,6.19,6.1,128651,796349.69,0.4765,,,否,,,,,,否,304925337,26999002,1887487836.03,167123822.38,,,,6.23,6.44,6.62,6.57,6.60,5.90,6.28,1993-10-18,2018-04-27
2005-12-08,600680,*ST上普,电子元件,6.21,6.24,6.08,6.14,6.08,138600,851004.00,0.5134,,,否,,,,,,否,304925337,26999002,1872241569.18,165773872.28,,,,6.18,6.38,6.60,6.58,6.59,5.90,6.27,1993-10-18,2018-04-27
2005-12-09,600680,*ST上普,电子元件,6.13,6.28,6.08,6.26,6.08,255666,1600469.16,0.9469,,,否,,,,,,否,304925337,26999002,1908832609.62,169013752.52,,,,6.15,6.33,6.57,6.60,6.58,5.91,6.26,1993-10-18,2018-04-27
2005-12-12,600680,*ST上普,电子元件,6.27,6.42,6.27,6.33,6.27,289500,1832535.00,1.0723,,,否,,,,,,否,304925337,26999002,1930177383.21,170903682.66,,,,6.20,6.28,6.55,6.62,6.58,5.92,6.26,1993-10-18,2018-04-27
2005-12-13,600680,*ST上普,电子元件,6.28,6.33,6.18,6.26,6.18,201340,1260388.40,0.7457,,,否,,,,,,否,304925337,26999002,1908832609.62,169013752.52,,,,6.24,6.26,6.53,6.62,6.58,5.93,6.25,1993-10-18,2018-04-27
2005-12-14,600680,*ST上普,电子元件,6.23,6.34,6.17,6.33,6.17,229971,1455716.43,0.8518,,,否,,,,,,否,304925337,26999002,1930177383.21,170903682.66,,,,6.26,6.25,6.50,6.61,6.57,5.94,6.25,1993-10-18,2018-04-27
2005-12-15,600680,*ST上普,电子元件,6.31,6.47,6.24,6.24,6.24,370751,2313486.24,1.3732,,,否,,,,,,否,304925337,26999002,1902734102.88,168473772.48,,,,6.28,6.23,6.47,6.59,6.56,5.94,6.24,1993-10-18,2018-04-27
2005-12-16,600680,*ST上普,电子元件,6.19,6.39,6.17,6.31,6.17,172971,1091447.01,0.6407,,,否,,,,,,否,304925337,26999002,1924078876.47,170363702.62,,,,6.29,6.22,6.44,6.57,6.55,5.95,6.23,1993-10-18,2018-04-27
2005-12-19,600680,*ST上普,电子元件,6.24,6.32,6.19,6.22,6.19,176850,1100007.00,0.6550,,,否,,,,,,否,304925337,26999002,1896635596.14,167933792.44,,,,6.27,6.24,6.40,6.54,6.55,5.96,6.23,1993-10-18,2018-04-27
2005-12-20,600680,*ST上普,电子元件,6.23,6.56,6.23,6.49,6.23,1027771,6670233.79,3.8067,,,否,,,,,,否,304925337,26999002,1978965437.13,175223522.98,,,,6.32,6.28,6.39,6.53,6.54,5.97,6.22,1993-10-18,2018-04-27
2005-12-21,600680,*ST上普,电子元件,6.38,6.53,6.3,6.38,6.3,496900,3170222.00,1.8404,,,否,,,,,,否,304925337,26999002,1945423650.06,172253632.76,,,,6.33,6.30,6.37,6.51,6.52,5.98,6.21,1993-10-18,2018-04-27
2005-12-22,600680,*ST上普,电子元件,6.46,6.49,6.38,6.47,6.38,335439,2170290.33,1.2424,,,否,,,,,,否,304925337,26999002,1972866930.39,174683542.94,,,,6.37,6.33,6.35,6.51,6.51,5.99,6.21,1993-10-18,2018-04-27
2005-12-23,600680,*ST上普,电子元件,6.48,6.53,6.43,6.46,6.43,295231,1907192.26,1.0935,,,否,,,,,,否,304925337,26999002,1969817677.02,174413552.92,,,,6.40,6.35,6.34,6.50,6.51,6.00,6.20,1993-10-18,2018-04-27
2005-12-27,600680,*ST上普,电子元件,6.56,6.56,6.42,6.46,6.42,265281,1713715.26,0.9826,,,否,,,,,,否,304925337,26999002,1969817677.02,174413552.92,,,,6.45,6.36,6.32,6.49,6.51,6.01,6.20,1993-10-18,2018-04-27
2005-12-28,600680,*ST上普,电子元件,6.51,6.7,6.48,6.68,6.48,859364,5740551.52,3.1829,,,否,,,,,,否,304925337,26999002,2036901251.16,180353333.36,,,,6.49,6.40,6.33,6.49,6.52,6.03,6.19,1993-10-18,2018-04-27
2005-12-29,600680,*ST上普,电子元件,6.68,6.79,6.6,6.7,6.6,706017,4730313.90,2.6150,,,否,,,,,,否,304925337,26999002,2042999757.90,180893313.40,,,,6.55,6.44,6.35,6.48,6.52,6.05,6.19,1993-10-18,2018-04-27
2005-12-30,600680,*ST上普,电子元件,6.77,6.8,6.6,6.65,6.6,495726,3296577.90,1.8361,,,否,,,,,,否,304925337,26999002,2027753491.05,179543363.30,,,,6.59,6.48,6.36,6.48,6.52,6.06,6.19,1993-10-18,2018-04-27
2006-01-04,600680,*ST上普,电子元件,6.68,6.86,6.68,6.78,6.68,556377,3772236.06,2.0607,,,否,,,,,,否,304925337,26999002,2067393784.86,183053233.56,,,,6.65,6.53,6.38,6.47,6.52,6.08,6.19,1993-10-18,2018-04-27
2006-01-05,600680,*ST上普,电子元件,6.78,6.82,6.63,6.77,6.63,535690,3626621.30,1.9841,,,否,,,,,,否,304925337,26999002,2064344531.49,182783243.54,,,,6.72,6.58,6.41,6.46,6.52,6.11,6.18,1993-10-18,2018-04-27
2006-01-06,600680,*ST上普,电子元件,6.77,6.97,6.76,6.86,6.76,806042,5529448.12,2.9855,,,否,,,,,,否,304925337,26999002,2091787811.82,185213153.72,,,,6.75,6.62,6.45,6.47,6.53,6.13,6.18,1993-10-18,2018-04-27
2006-01-09,600680,*ST上普,电子元件,6.86,6.96,6.78,6.87,6.78,663617,4559048.79,2.4579,,,否,,,,,,否,304925337,26999002,2094837065.19,185483143.74,,,,6.79,6.67,6.48,6.47,6.54,6.15,6.18,1993-10-18,2018-04-27
2006-01-10,600680,*ST上普,电子元件,6.87,7.1,6.81,7.07,6.81,1162137,8216308.59,4.3044,,,否,,,,,,否,304925337,26999002,2155822132.59,190882944.14,,,,6.87,6.73,6.53,6.48,6.55,6.17,6.18,1993-10-18,2018-04-27
2006-01-11,600680,*ST上普,电子元件,7.03,7.04,6.8,6.83,6.8,922877,6303249.91,3.4182,,,否,,,,,,否,304925337,26999002,2082640051.71,184403183.66,,,,6.88,6.77,6.56,6.48,6.56,6.20,6.17,1993-10-18,2018-04-27
2006-01-12,600680,*ST上普,电子元件,6.83,7.03,6.77,7.01,6.77,740466,5190666.66,2.7426,,,否,,,,,,否,304925337,26999002,2137526612.37,189263004.02,,,,6.93,6.82,6.59,6.49,6.57,6.22,6.17,1993-10-18,2018-04-27
2006-01-13,600680,*ST上普,电子元件,6.98,7.01,6.84,6.93,6.84,688471,4771104.03,2.5500,,,否,,,,,,否,304925337,26999002,2113132585.41,187103083.86,,,,6.94,6.85,6.63,6.50,6.57,6.25,6.17,1993-10-18,2018-04-27
2006-01-16,600680,*ST上普,电子元件,6.91,6.91,6.63,6.65,6.63,651391,4331750.15,2.4126,,,否,,,,,,否,304925337,26999002,2027753491.05,179543363.30,,,,6.90,6.84,6.64,6.51,6.57,6.27,6.17,1993-10-18,2018-04-27
2006-01-17,600680,*ST上普,电子元件,6.64,6.71,6.59,6.68,6.59,314098,2098174.64,1.1634,,,否,,,,,,否,304925337,26999002,2036901251.16,180353333.36,,,,6.82,6.85,6.66,6.52,6.57,6.30,6.16,1993-10-18,2018-04-27
2006-01-18,600680,*ST上普,电子元件,6.7,6.93,6.7,6.85,6.7,471490,3229706.50,1.7463,,,否,,,,,,否,304925337,26999002,2088738558.45,184943163.70,,,,6.82,6.85,6.69,6.53,6.57,6.32,6.16,1993-10-18,2018-04-27
2006-01-19,600680,*ST上普,电子元件,6.78,7.18,6.78,7.07,6.78,1380104,9757335.28,5.1117,,,否,,,,,,否,304925337,26999002,2155822132.59,190882944.14,,,,6.84,6.88,6.73,6.57,6.58,6.34,6.16,1993-10-18,2018-04-27
2006-01-20,600680,*ST上普,电子元件,7.23,7.42,7.16,7.16,7.16,2090443,14967571.88,7.7427,,,否,,,,,,否,304925337,26999002,2183265412.92,193312854.32,,,,6.88,6.91,6.77,6.60,6.59,6.37,6.16,1993-10-18,2018-04-27
2006-01-23,600680,*ST上普,电子元件,7.16,7.88,7.16,7.88,7.16,2614117,20599241.96,9.6823,,,否,,,,,,是,304925337,26999002,2402811655.56,212752135.76,,,,7.13,7.01,6.84,6.66,6.62,6.40,6.16,1993-10-18,2018-04-27
2006-01-24,600680,*ST上普,电子元件,7.88,8.66,7.8,8.44,7.8,3994154,33710659.76,14.7937,,,否,,,,,,否,304925337,26999002,2573569844.28,227871576.88,,,,7.48,7.15,6.94,6.74,6.66,6.43,6.17,1993-10-18,2018-04-27
2006-01-25,600680,*ST上普,电子元件,8.36,8.67,7.98,8.39,7.98,2855255,23955589.45,10.5754,,,否,,,,,,否,304925337,26999002,2558323577.43,226521626.78,,,,7.79,7.31,7.04,6.81,6.70,6.47,6.17,1993-10-18,2018-04-27
2006-02-06,600680,*ST上普,电子元件,8.43,8.53,8.1,8.39,8.1,1661003,13935815.17,6.1521,,,否,,,,,,否,304925337,26999002,2558323577.43,226521626.78,,,,8.05,7.44,7.13,6.88,6.75,6.50,6.18,1993-10-18,2018-04-27
2006-02-07,600680,*ST上普,电子元件,8.42,8.43,8.01,8.13,8.01,1601273,13018349.49,5.9309,,,否,,,,,,否,304925337,26999002,2479042989.81,219501886.26,,,,8.25,7.56,7.21,6.94,6.78,6.53,6.18,1993-10-18,2018-04-27
2006-02-08,600680,*ST上普,电子元件,8.08,8.28,7.78,8.28,7.78,1372960,11368108.80,5.0852,,,否,,,,,,否,304925337,26999002,2524781790.36,223551736.56,,,,8.33,7.73,7.28,7.00,6.81,6.56,6.18,1993-10-18,2018-04-27
2006-02-09,600680,*ST上普,电子元件,8.13,8.22,7.9,7.95,7.9,862337,6855579.15,3.1940,,,否,,,,,,否,304925337,26999002,2424156429.15,214642065.90,,,,8.23,7.85,7.35,7.06,6.82,6.59,6.18,1993-10-18,2018-04-27
2006-02-10,600680,*ST上普,电子元件,7.93,8.12,7.88,7.96,7.88,669555,5329657.80,2.4799,,,否,,,,,,否,304925337,26999002,2427205682.52,214912055.92,,,,8.14,7.97,7.41,7.12,6.84,6.62,6.18,1993-10-18,2018-04-27
2006-02-13,600680,*ST上普,电子元件,7.96,8.08,7.78,7.93,7.78,622420,4935790.60,2.3053,,,否,,,,,,否,304925337,26999002,2418057922.41,214102085.86,,,,8.05,8.05,7.47,7.17,6.86,6.64,6.18,1993-10-18,2018-04-27
2006-02-14,600680,*ST上普,电子元件,7.89,8.08,7.86,7.94,7.86,364563,2894630.22,1.3503,,,否,,,,,,否,304925337,26999002,2421107175.78,214372075.88,,,,8.01,8.13,7.52,7.22,6.87,6.67,6.18,1993-10-18,2018-04-27
2006-02-15,600680,*ST上普,电子元件,8.01,8.22,7.98,8.03,7.98,1124286,9028016.58,4.1642,,,否,,,,,,否,304925337,26999002,2448550456.11,216801986.06,,,,7.96,8.14,7.58,7.28,6.89,6.69,6.19,1993-10-18,2018-04-27
2006-02-16,600680,*ST上普,电子元件,8.03,8.05,7.66,7.69,7.66,944394,7262389.86,3.4979,,,否,,,,,,否,304925337,26999002,2344875841.53,207622325.38,,,,7.91,8.07,7.61,7.32,6.91,6.71,6.19,1993-10-18,2018-04-27
2006-02-17,600680,*ST上普,电子元件,7.7,7.76,7.28,7.31,7.28,836042,6111467.02,3.0966,,,否,,,,,,否,304925337,26999002,2229004213.47,197362704.62,,,,7.78,7.96,7.63,7.34,6.92,6.72,6.19,1993-10-18,2018-04-27
2006-02-20,600680,*ST上普,电子元件,7.28,7.46,7.25,7.28,7.25,494249,3598132.72,1.8306,,,否,,,,,,否,304925337,26999002,2219856453.36,196552734.56,,,,7.65,7.85,7.65,7.37,6.93,6.73,6.18,1993-10-18,2018-04-27
2006-02-21,600680,*ST上普,电子元件,7.28,8.01,7.25,8.01,7.25,1661507,13308671.07,6.1540,,,否,,,,,,是,304925337,26999002,2442451949.37,216262006.02,,,,7.66,7.84,7.70,7.42,6.95,6.75,6.19,1993-10-18,2018-04-27
2006-02-22,600680,*ST上普,电子元件,8.01,8.16,7.79,7.93,7.79,1552898,12314481.14,5.7517,,,否,,,,,,否,304925337,26999002,2418057922.41,214102085.86,,,,7.64,7.80,7.77,7.46,6.97,6.76,6.19,1993-10-18,2018-04-27
2006-02-23,600680,*ST上普,电子元件,7.87,8.07,7.79,7.9,7.79,574059,4535066.10,2.1262,,,否,,,,,,否,304925337,26999002,2408910162.30,213292115.80,,,,7.69,7.80,7.83,7.50,6.99,6.77,6.19,1993-10-18,2018-04-27
2006-02-24,600680,*ST上普,电子元件,8.01,8.08,7.8,7.9,7.8,588472,4648928.80,2.1796,,,否,,,,,,否,304925337,26999002,2408910162.30,213292115.80,,,,7.80,7.79,7.88,7.54,7.00,6.79,6.20,1993-10-18,2018-04-27
2006-02-27,600680,*ST上普,电子元件,8.04,8.06,7.64,7.67,7.64,675400,5180318.00,2.5016,,,否,,,,,,否,304925337,26999002,2338777334.79,207082345.34,,,,7.88,7.77,7.91,7.57,7.01,6.81,6.20,1993-10-18,2018-04-27
2006-02-28,600680,*ST上普,电子元件,7.67,7.9,7.46,7.8,7.46,677786,5286730.80,2.5104,,,否,,,,,,否,304925337,26999002,2378417628.60,210592215.60,,,,7.84,7.75,7.94,7.60,7.03,6.83,6.20,1993-10-18,2018-04-27
2006-03-01,600680,*ST上普,电子元件,7.76,7.94,7.61,7.87,7.61,534606,4207349.22,1.9801,,,否,,,,,,否,304925337,26999002,2399762402.19,212482145.74,,,,7.83,7.74,7.94,7.63,7.05,6.84,6.21,1993-10-18,2018-04-27
2006-03-02,600680,*ST上普,电子元件,7.93,8.03,7.74,7.82,7.74,1080833,8452114.06,4.0032,,,否,,,,,,否,304925337,26999002,2384516135.34,211132195.64,,,,7.81,7.75,7.91,7.66,7.07,6.85,6.21,1993-10-18,2018-04-27
2006-03-03,600680,*ST上普,电子元件,7.82,7.82,7.53,7.66,7.53,603020,4619133.20,2.2335,,,否,,,,,,否,304925337,26999002,2335728081.42,206812355.32,,,,7.76,7.78,7.87,7.68,7.08,6.86,6.21,1993-10-18,2018-04-27
2006-03-06,600680,*ST上普,电子元件,7.65,7.96,7.5,7.76,7.5,579761,4498945.36,2.1473,,,否,,,,,,否,304925337,26999002,2366220615.12,209512255.52,,,,7.78,7.83,7.84,7.71,7.10,6.87,6.21,1993-10-18,2018-04-27
2006-03-07,600680,*ST上普,电子元件,7.7,7.7,7.44,7.46,7.44,497213,3709208.98,1.8416,,,否,,,,,,否,304925337,26999002,2274743014.02,201412554.92,,,,7.71,7.78,7.81,7.73,7.11,6.88,6.22,1993-10-18,2018-04-27
2006-03-08,600680,*ST上普,电子元件,7.37,7.58,7.29,7.43,7.29,384160,2854308.80,1.4229,,,否,,,,,,否,304925337,26999002,2265595253.91,200602584.86,,,,7.63,7.73,7.77,7.75,7.13,6.89,6.22,1993-10-18,2018-04-27
2006-03-09,600680,*ST上普,电子元件,7.37,7.49,7.34,7.36,7.34,235525,1733464.00,0.8723,,,否,,,,,,否,304925337,26999002,2244250480.32,198712654.72,,,,7.53,7.67,7.74,7.78,7.15,6.90,6.22,1993-10-18,2018-04-27
2006-03-10,600680,*ST上普,电子元件,7.53,7.53,7.27,7.35,7.27,207800,1527330.00,0.7697,,,否,,,,,,否,304925337,26999002,2241201226.95,198442664.70,,,,7.47,7.62,7.71,7.79,7.16,6.90,6.22,1993-10-18,2018-04-27
2006-03-13,600680,*ST上普,电子元件,7.28,7.68,7.28,7.48,7.28,227800,1703944.00,0.8437,,,否,,,,,,否,304925337,26999002,2280841520.76,201952534.96,,,,7.42,7.60,7.68,7.81,7.19,6.90,6.22,1993-10-18,2018-04-27
2006-03-14,600680,*ST上普,电子元件,7.58,7.67,7.48,7.58,7.48,260604,1975378.32,0.9652,,,否,,,,,,否,304925337,26999002,2311334054.46,204652435.16,,,,7.44,7.58,7.66,7.82,7.21,6.91,6.22,1993-10-18,2018-04-27
2006-03-15,600680,*ST上普,电子元件,7.59,7.67,7.5,7.62,7.5,359591,2740083.42,1.3319,,,否,,,,,,否,304925337,26999002,2323531067.94,205732395.24,,,,7.48,7.55,7.64,7.81,7.24,6.92,6.22,1993-10-18,2018-04-27
2006-03-16,600680,*ST上普,电子元件,7.54,7.66,7.53,7.58,7.53,231403,1754034.74,0.8571,,,否,,,,,,否,304925337,26999002,2311334054.46,204652435.16,,,,7.52,7.53,7.64,7.78,7.26,6.93,6.22,1993-10-18,2018-04-27
2006-03-17,600680,*ST上普,电子元件,7.53,7.76,7.49,7.69,7.49,676340,5201054.60,2.5051,,,否,,,,,,否,304925337,26999002,2344875841.53,207622325.38,,,,7.59,7.53,7.66,7.76,7.28,6.93,6.22,1993-10-18,2018-04-27
2006-03-20,600680,*ST上普,电子元件,7.68,7.97,7.6,7.92,7.6,882690,6990904.80,3.2693,,,否,,,,,,否,304925337,26999002,2415008669.04,213832095.84,,,,7.68,7.55,7.69,7.74,7.31,6.95,6.23,1993-10-18,2018-04-27
2006-03-21,600680,*ST上普,电子元件,7.88,8.06,7.78,7.91,7.78,945142,7476073.22,3.5007,,,否,,,,,,否,304925337,26999002,2411959415.67,213562105.82,,,,7.74,7.59,7.68,7.74,7.34,6.96,6.23,1993-10-18,2018-04-27
2006-03-22,600680,*ST上普,电子元件,7.85,7.91,7.75,7.88,7.75,607960,4790724.80,2.2518,,,否,,,,,,否,304925337,26999002,2402811655.56,212752135.76,,,,7.80,7.64,7.68,7.72,7.36,6.97,6.23,1993-10-18,2018-04-27
2006-03-23,600680,*ST上普,电子元件,7.78,7.9,7.59,7.65,7.59,720084,5508642.60,2.6671,,,否,,,,,,否,304925337,26999002,2332678828.05,206542365.30,,,,7.81,7.67,7.67,7.71,7.39,6.97,6.23,1993-10-18,2018-04-27
2006-03-24,600680,*ST上普,电子元件,7.68,7.76,7.51,7.55,7.51,731447,5522424.85,2.7092,,,否,,,,,,否,304925337,26999002,2302186294.35,203842465.10,,,,7.78,7.69,7.65,7.70,7.41,6.98,6.24,1993-10-18,2018-04-27
2006-03-27,600680,*ST上普,电子元件,7.54,7.92,7.54,7.91,7.54,1066802,8438403.82,3.9513,,,否,,,,,,否,304925337,26999002,2411959415.67,213562105.82,,,,7.78,7.73,7.66,7.70,7.44,6.99,6.24,1993-10-18,2018-04-27
2006-03-28,600680,*ST上普,电子元件,7.89,7.89,7.69,7.82,7.69,645833,5050414.06,2.3921,,,否,,,,,,否,304925337,26999002,2384516135.34,211132195.64,,,,7.76,7.75,7.67,7.69,7.46,7.00,6.24,1993-10-18,2018-04-27
2006-03-29,600680,*ST上普,电子元件,7.76,7.95,7.74,7.82,7.74,731280,5718609.60,2.7085,,,否,,,,,,否,304925337,26999002,2384516135.34,211132195.64,,,,7.75,7.77,7.66,7.69,7.48,7.00,6.25,1993-10-18,2018-04-27
2006-03-30,600680,*ST上普,电子元件,7.79,7.88,7.69,7.71,7.69,430782,3321329.22,1.5955,,,否,,,,,,否,304925337,26999002,2350974348.27,208162305.42,,,,7.76,7.79,7.66,7.69,7.50,7.01,6.25,1993-10-18,2018-04-27
2006-03-31,600680,*ST上普,电子元件,7.69,7.72,7.53,7.62,7.53,561621,4279552.02,2.0802,,,否,,,,,,否,304925337,26999002,2323531067.94,205732395.24,,,,7.78,7.78,7.66,7.70,7.52,7.02,6.25,1993-10-18,2018-04-27
2006-04-03,600680,*ST上普,电子元件,7.56,7.72,7.56,7.7,7.56,502613,3870120.10,1.8616,,,否,,,,,,否,304925337,26999002,2347925094.90,207892315.40,,,,7.73,7.76,7.65,7.71,7.54,7.03,6.26,1993-10-18,2018-04-27
2006-04-04,600680,*ST上普,电子元件,7.74,7.95,7.7,7.85,7.7,1093030,8580285.50,4.0484,,,否,,,,,,否,304925337,26999002,2393663895.45,211942165.70,,,,7.74,7.75,7.67,7.71,7.56,7.04,6.27,1993-10-18,2018-04-27
2006-04-05,600680,*ST上普,电子元件,7.85,8.05,7.8,7.88,7.8,960158,7566045.04,3.5563,,,否,,,,,,否,304925337,26999002,2402811655.56,212752135.76,,,,7.75,7.75,7.69,7.71,7.58,7.05,6.27,1993-10-18,2018-04-27
2006-04-06,600680,*ST上普,电子元件,7.87,8.46,7.85,8.22,7.85,2148684,17662182.48,7.9584,,,否,,,,,,否,304925337,26999002,2506486270.14,221931796.44,,,,7.85,7.81,7.74,7.72,7.61,7.06,6.28,1993-10-18,2018-04-27
2006-04-07,600680,*ST上普,电子元件,8.23,8.37,7.99,8.26,7.99,1391437,11493269.62,5.1537,,,否,,,,,,否,304925337,26999002,2518683283.62,223011756.52,,,,7.98,7.88,7.78,7.73,7.63,7.08,6.29,1993-10-18,2018-04-27
2006-04-10,600680,*ST上普,电子元件,8.28,8.36,8.12,8.35,8.12,1082671,9040302.85,4.0100,,,否,,,,,,否,304925337,26999002,2546126563.95,225441666.70,,,,8.11,7.92,7.83,7.75,7.66,7.09,6.30,1993-10-18,2018-04-27
2006-04-11,600680,*ST上普,电子元件,8.4,8.43,8.1,8.13,8.1,865777,7038767.01,3.2067,,,否,,,,,,否,304925337,26999002,2479042989.81,219501886.26,,,,8.17,7.95,7.85,7.76,7.68,7.10,6.31,1993-10-18,2018-04-27
2006-04-12,600680,*ST上普,电子元件,8.09,8.17,7.99,8.11,7.99,649924,5270883.64,2.4072,,,否,,,,,,否,304925337,26999002,2472944483.07,218961906.22,,,,8.21,7.98,7.88,7.77,7.70,7.12,6.32,1993-10-18,2018-04-27
2006-04-13,600680,*ST上普,电子元件,8.09,8.2,7.78,7.78,7.78,766286,5961705.08,2.8382,,,否,,,,,,否,304925337,26999002,2372319121.86,210052235.56,,,,8.13,7.99,7.89,7.77,7.71,7.13,6.33,1993-10-18,2018-04-27
2006-04-14,600680,*ST上普,电子元件,7.76,7.93,7.7,7.92,7.7,521785,4132537.20,1.9326,,,否,,,,,,否,304925337,26999002,2415008669.04,213832095.84,,,,8.06,8.02,7.90,7.78,7.73,7.14,6.34,1993-10-18,2018-04-27
2006-04-17,600680,*ST上普,电子元件,7.78,8.08,7.76,7.86,7.76,458573,3604383.78,1.6985,,,否,,,,,,否,304925337,26999002,2396713148.82,212212155.72,,,,7.96,8.04,7.90,7.78,7.74,7.16,6.35,1993-10-18,2018-04-27
2006-04-18,600680,*ST上普,电子元件,7.86,7.97,7.8,7.91,7.8,435518,3444947.38,1.6131,,,否,,,,,,否,304925337,26999002,2411959415.67,213562105.82,,,,7.92,8.04,7.90,7.80,7.76,7.17,6.35,1993-10-18,2018-04-27
2006-04-19,600680,*ST上普,电子元件,7.98,7.98,7.78,7.82,7.78,438780,3431259.60,1.6252,,,否,,,,,,否,304925337,26999002,2384516135.34,211132195.64,,,,7.86,8.04,7.89,7.81,7.78,7.18,6.36,1993-10-18,2018-04-27
2006-04-20,600680,*ST上普,电子元件,7.81,7.84,7.43,7.67,7.43,1423365,10917209.55,5.2719,,,否,,,,,,否,304925337,26999002,2338777334.79,207082345.34,,,,7.84,7.98,7.89,7.82,7.80,7.18,6.36,1993-10-18,2018-04-27
2006-04-21,600680,*ST上普,电子元件,7.67,7.74,7.48,7.52,7.48,780708,5870924.16,2.8916,,,否,,,,,,否,304925337,26999002,2293038534.24,203032495.04,,,,7.76,7.91,7.89,7.82,7.81,7.19,6.37,1993-10-18,2018-04-27
2006-04-25,600680,*ST上普,电子元件,7.28,7.28,6.77,6.77,6.77,1319754,8934734.58,4.8882,,,否,,,,,,否,304925337,26999002,2064344531.49,182783243.54,,,,7.54,7.75,7.84,7.80,7.80,7.19,6.37,1993-10-18,2018-04-27
2006-04-26,600680,*ST上普,电子元件,6.77,7.16,6.51,7.0,6.51,986564,6905948.00,3.6541,,,否,,,,,,否,304925337,26999002,2134477359.00,188993014.00,,,,7.36,7.64,7.80,7.78,7.80,7.20,6.37,1993-10-18,2018-04-27
2006-04-27,600680,*ST上普,电子元件,7.03,7.12,6.83,7.03,6.83,524076,3684254.28,1.9411,,,否,,,,,,否,304925337,26999002,2143625119.11,189802984.06,,,,7.20,7.53,7.76,7.76,7.79,7.20,6.37,1993-10-18,2018-04-27
2006-04-28,600680,*ST上普,电子元件,6.98,7.12,6.85,7.05,6.85,619169,4365141.45,2.2933,,,否,,,,,,否,304925337,26999002,2149723625.85,190342964.10,,,,7.07,7.46,7.72,7.74,7.76,7.21,6.37,1993-10-18,2018-04-27
2006-05-25,600680,*ST上普,电子元件,7.76,7.76,7.76,7.76,7.76,151669,1176951.44,0.5618,,,否,,,,,,是,304925337,26999002,2366220615.12,209512255.52,,,,7.12,7.44,7.73,7.75,7.75,7.23,6.38,1993-10-18,2018-04-27
2006-05-26,600680,*ST上普,电子元件,8.54,8.54,8.28,8.54,8.28,2631234,22470738.36,9.7457,,,否,,,,,,是,304925337,26999002,2604062377.98,230571477.08,,,,7.48,7.51,7.77,7.77,7.75,7.25,6.39,1993-10-18,2018-04-27
2006-05-29,600680,*ST上普,电子元件,8.91,9.36,8.54,9.35,8.54,3426471,32037503.85,12.6911,,,否,,,,,,否,304925337,26999002,2851051900.95,252440668.70,,,,7.95,7.65,7.85,7.81,7.78,7.28,6.40,1993-10-18,2018-04-27
2006-05-30,600680,*ST上普,电子元件,9.16,10.16,8.87,9.81,8.87,3554204,34866741.24,13.1642,,,否,,,,,,否,304925337,26999002,2991317555.97,264860209.62,,,,8.50,7.85,7.94,7.88,7.80,7.30,6.42,1993-10-18,2018-04-27
2006-05-31,600680,*ST上普,电子元件,9.76,10.05,9.55,9.7,9.55,1994023,19342023.10,7.3855,,,否,,,,,,否,304925337,26999002,2957775768.90,261890319.40,,,,9.03,8.05,8.02,7.95,7.83,7.33,6.43,1993-10-18,2018-04-27
2006-06-01,600680,*ST上普,电子元件,9.73,10.57,9.73,10.17,9.73,3125219,31783477.23,11.5753,,,否,,,,,,否,304925337,26999002,3101090677.29,274579850.34,,,,9.51,8.32,8.11,8.03,7.87,7.35,6.45,1993-10-18,2018-04-27
2006-07-27,600680,*ST上普,电子元件,7.54,7.54,6.99,7.05,6.99,3866233,27256942.65,10.5913,,,否,,,,,,否,304925337,36504000,2149723625.85,257353200.00,,,,9.22,8.35,8.05,8.01,7.85,7.35,6.46,1993-10-18,2018-04-27
2006-07-28,600680,*ST上普,电子元件,7.03,7.16,6.79,6.82,6.79,1539135,10496900.70,4.2163,,,否,,,,,,否,304925337,36504000,2079590798.34,248957280.00,,,,8.71,8.33,7.98,7.97,7.83,7.35,6.46,1993-10-18,2018-04-27
2006-07-31,600680,*ST上普,电子元件,6.78,6.78,6.33,6.36,6.33,1182583,7521227.88,3.2396,,,否,,,,,,否,304925337,36504000,1939325143.32,232165440.00,,,,8.02,8.26,7.89,7.92,7.81,7.35,6.47,1993-10-18,2018-04-27
2006-08-01,600680,*ST上普,电子元件,6.33,6.41,6.2,6.26,6.2,910655,5700700.30,2.4947,,,否,,,,,,否,304925337,36504000,1908832609.62,228515040.00,,,,7.33,8.18,7.82,7.88,7.78,7.35,6.47,1993-10-18,2018-04-27
2006-08-02,600680,*ST上普,电子元件,6.28,6.28,6.01,6.16,6.01,693931,4274614.96,1.9010,,,否,,,,,,否,304925337,36504000,1878340075.92,224864640.00,,,,6.53,8.02,7.73,7.83,7.76,7.34,6.48,1993-10-18,2018-04-27
2006-08-03,600680,*ST上普,电子元件,6.16,6.3,6.13,6.29,6.13,572433,3600603.57,1.5681,,,否,,,,,,否,304925337,36504000,1917980369.73,229610160.00,,,,6.38,7.80,7.65,7.78,7.75,7.34,6.48,1993-10-18,2018-04-27
2006-08-04,600680,*ST上普,电子元件,6.33,6.33,6.06,6.06,6.06,666942,4041668.52,1.8270,,,否,,,,,,否,304925337,36504000,1847847542.22,221214240.00,,,,6.23,7.47,7.56,7.72,7.71,7.33,6.48,1993-10-18,2018-04-27
2006-08-07,600680,*ST上普,电子元件,5.99,6.01,5.45,5.47,5.45,1187122,6493557.34,3.2520,,,否,,,,,,否,304925337,36504000,1667941593.39,199676880.00,,,,6.05,7.03,7.44,7.64,7.67,7.32,6.49,1993-10-18,2018-04-27
2006-08-08,600680,*ST上普,电子元件,5.36,5.93,5.36,5.84,5.36,1180040,6891433.60,3.2326,,,否,,,,,,否,304925337,36504000,1780763968.08,213183360.00,,,,5.96,6.65,7.35,7.56,7.64,7.31,6.49,1993-10-18,2018-04-27
2006-08-09,600680,*ST上普,电子元件,5.78,5.99,5.73,5.87,5.73,867421,5091761.27,2.3762,,,否,,,,,,否,304925337,36504000,1789911728.19,214278480.00,,,,5.91,6.22,7.27,7.48,7.60,7.30,6.49,1993-10-18,2018-04-27
2006-08-10,600680,*ST上普,电子元件,5.78,6.46,5.78,6.46,5.78,2183762,14107102.52,5.9823,,,否,,,,,,是,304925337,36504000,1969817677.02,235815840.00,,,,5.94,6.16,7.25,7.42,7.58,7.30,6.50,1993-10-18,2018-04-27
2006-08-11,600680,*ST上普,电子元件,6.38,6.52,6.16,6.29,6.16,1607239,10109533.31,4.4029,,,否,,,,,,否,304925337,36504000,1917980369.73,229610160.00,,,,5.99,6.11,7.22,7.36,7.56,7.30,6.50,1993-10-18,2018-04-27
2006-08-14,600680,*ST上普,电子元件,6.2,6.46,6.0,6.08,6.0,1271236,7729114.88,3.4825,,,否,,,,,,否,304925337,36504000,1853946048.96,221944320.00,,,,6.11,6.08,7.17,7.29,7.53,7.29,6.50,1993-10-18,2018-04-27
2006-08-15,600680,*ST上普,电子元件,6.05,6.18,5.9,6.16,5.9,746658,4599413.28,2.0454,,,否,,,,,,否,304925337,36504000,1878340075.92,224864640.00,,,,6.17,6.07,7.13,7.24,7.50,7.28,6.51,1993-10-18,2018-04-27
2006-08-16,600680,*ST上普,电子元件,6.16,6.36,6.04,6.31,6.04,1081950,6827104.50,2.9639,,,否,,,,,,否,304925337,36504000,1924078876.47,230340240.00,,,,6.26,6.08,7.05,7.18,7.48,7.28,6.51,1993-10-18,2018-04-27
2006-08-17,600680,*ST上普,电子元件,6.26,6.28,6.07,6.12,6.07,674407,4127370.84,1.8475,,,否,,,,,,否,304925337,36504000,1866143062.44,223404480.00,,,,6.19,6.07,6.93,7.12,7.45,7.28,6.51,1993-10-18,2018-04-27
2006-08-18,600680,*ST上普,电子元件,6.1,6.46,6.06,6.33,6.06,1778685,11259076.05,4.8726,,,否,,,,,,否,304925337,36504000,1930177383.21,231070320.00,,,,6.20,6.09,6.78,7.07,7.43,7.27,6.52,1993-10-18,2018-04-27
2006-08-21,600680,*ST上普,电子元件,6.03,6.83,5.93,6.75,5.93,2510873,16948392.75,6.8784,,,否,,,,,,否,304925337,36504000,2058246024.75,246402000.00,,,,6.33,6.22,6.63,7.04,7.42,7.28,6.53,1993-10-18,2018-04-27
2006-08-22,600680,*ST上普,电子元件,6.64,6.88,6.6,6.75,6.6,2246042,15160783.50,6.1529,,,否,,,,,,否,304925337,36504000,2058246024.75,246402000.00,,,,6.45,6.31,6.48,7.00,7.41,7.28,6.53,1993-10-18,2018-04-27
2006-08-23,600680,*ST上普,电子元件,6.78,6.78,6.56,6.61,6.56,1092022,7218265.42,2.9915,,,否,,,,,,否,304925337,36504000,2015556477.57,241291440.00,,,,6.51,6.39,6.30,6.97,7.40,7.28,6.54,1993-10-18,2018-04-27
2006-08-24,600680,*ST上普,电子元件,6.6,6.71,6.55,6.66,6.55,885910,5900160.60,2.4269,,,否,,,,,,否,304925337,36504000,2030802744.42,243116640.00,,,,6.62,6.41,6.28,6.97,7.39,7.29,6.54,1993-10-18,2018-04-27
2006-08-25,600680,*ST上普,电子元件,6.72,6.72,6.55,6.56,6.55,800067,5248439.52,2.1917,,,否,,,,,,否,304925337,36504000,2000310210.72,239466240.00,,,,6.67,6.43,6.27,6.96,7.37,7.29,6.55,1993-10-18,2018-04-27
2006-08-29,600680,*ST上普,电子元件,6.73,7.02,6.73,6.77,6.73,2402298,16263557.46,6.5809,,,否,,,,,,否,304925337,36504000,2064344531.49,247132080.00,,,,6.67,6.50,6.29,6.95,7.35,7.29,6.55,1993-10-18,2018-04-27
2006-08-30,600680,*ST上普,电子元件,6.74,6.79,6.58,6.78,6.58,774987,5254411.86,2.1230,,,否,,,,,,否,304925337,36504000,2067393784.86,247497120.00,,,,6.68,6.56,6.32,6.94,7.34,7.30,6.56,1993-10-18,2018-04-27
2006-08-31,600680,*ST上普,电子元件,6.81,7.15,6.79,7.07,6.79,2632285,18610254.95,7.2109,,,否,,,,,,否,304925337,36504000,2155822132.59,258083280.00,,,,6.77,6.64,6.36,6.92,7.33,7.31,6.56,1993-10-18,2018-04-27
2006-09-01,600680,*ST上普,电子元件,7.04,7.04,6.77,6.84,6.77,1425620,9751240.80,3.9054,,,否,,,,,,否,304925337,36504000,2085689305.08,249687360.00,,,,6.80,6.71,6.39,6.86,7.31,7.31,6.57,1993-10-18,2018-04-27
2006-09-04,600680,*ST上普,电子元件,6.77,6.94,6.73,6.92,6.73,856418,5926412.56,2.3461,,,否,,,,,,否,304925337,36504000,2110083332.04,252607680.00,,,,6.88,6.77,6.43,6.78,7.30,7.32,6.58,1993-10-18,2018-04-27
2006-09-05,600680,*ST上普,电子元件,6.98,7.18,6.86,7.15,6.86,2549092,18226007.80,6.9830,,,否,,,,,,否,304925337,36504000,2180216159.55,261003600.00,,,,6.95,6.81,6.52,6.69,7.28,7.32,6.58,1993-10-18,2018-04-27
2006-09-06,600680,*ST上普,电子元件,7.12,7.47,7.08,7.38,7.08,4897885,36146391.30,13.4174,,,否,,,,,,否,304925337,36504000,2250348987.06,269399520.00,,,,7.07,6.87,6.59,6.61,7.28,7.33,6.59,1993-10-18,2018-04-27
2006-09-07,600680,*ST上普,电子元件,7.33,7.33,6.98,7.07,6.98,1876439,13266423.73,5.1404,,,否,,,,,,否,304925337,36504000,2155822132.59,258083280.00,,,,7.07,6.92,6.65,6.51,7.27,7.34,6.59,1993-10-18,2018-04-27
2006-09-08,600680,*ST上普,电子元件,7.06,7.14,6.97,7.06,6.97,865769,6112329.14,2.3717,,,否,,,,,,否,304925337,36504000,2152772879.22,257718240.00,,,,7.12,6.96,6.68,6.51,7.26,7.35,6.60,1993-10-18,2018-04-27
2006-09-11,600680,*ST上普,电子元件,7.08,7.08,6.73,6.92,6.73,883518,6113944.56,2.4203,,,否,,,,,,否,304925337,36504000,2110083332.04,252607680.00,,,,7.12,7.00,6.71,6.51,7.24,7.35,6.61,1993-10-18,2018-04-27
2006-09-12,600680,*ST上普,电子元件,6.88,7.0,6.82,6.92,6.82,759523,5255899.16,2.0807,,,否,,,,,,否,304925337,36504000,2110083332.04,252607680.00,,,,7.07,7.01,6.76,6.53,7.23,7.35,6.61,1993-10-18,2018-04-27
2006-09-13,600680,*ST上普,电子元件,6.96,7.6,6.92,7.31,6.92,4511604,32979825.24,12.3592,,,否,,,,,,否,304925337,36504000,2229004213.47,266844240.00,,,,7.06,7.06,6.81,6.57,7.22,7.36,6.62,1993-10-18,2018-04-27
2006-09-14,600680,*ST上普,电子元件,7.27,7.44,7.08,7.32,7.08,2197080,16082625.60,6.0187,,,否,,,,,,否,304925337,36504000,2232053466.84,267209280.00,,,,7.11,7.09,6.86,6.60,7.22,7.37,6.63,1993-10-18,2018-04-27
2006-09-15,600680,*ST上普,电子元件,7.31,7.51,7.19,7.4,7.19,2448522,18119062.80,6.7075,,,否,,,,,,否,304925337,36504000,2256447493.80,270129600.00,,,,7.17,7.15,6.93,6.64,7.21,7.38,6.64,1993-10-18,2018-04-27
2006-09-18,600680,*ST上普,电子元件,7.36,7.86,7.29,7.69,7.29,3313298,25479261.62,9.0765,,,否,,,,,,否,304925337,36504000,2344875841.53,280715760.00,,,,7.33,7.22,7.00,6.70,7.21,7.38,6.65,1993-10-18,2018-04-27
2006-09-19,600680,*ST上普,电子元件,7.76,7.78,7.48,7.53,7.48,1859789,14004211.17,5.0948,,,否,,,,,,否,304925337,36504000,2296087787.61,274875120.00,,,,7.45,7.26,7.04,6.76,7.20,7.39,6.65,1993-10-18,2018-04-27
2006-09-20,600680,*ST上普,电子元件,7.43,7.52,7.34,7.41,7.34,1197391,8872667.31,3.2802,,,否,,,,,,否,304925337,36504000,2259496747.17,270494640.00,,,,7.47,7.26,7.07,6.82,7.19,7.40,6.66,1993-10-18,2018-04-27
2006-09-21,600680,*ST上普,电子元件,7.34,7.65,7.34,7.47,7.34,1284705,9596746.35,3.5194,,,否,,,,,,否,304925337,36504000,2277792267.39,272684880.00,,,,7.50,7.30,7.11,6.87,7.18,7.40,6.67,1993-10-18,2018-04-27
2006-09-22,600680,*ST上普,电子元件,7.43,7.75,7.16,7.42,7.16,2589508,19214149.36,7.0938,,,否,,,,,,否,304925337,36504000,2262546000.54,270859680.00,,,,7.50,7.34,7.15,6.90,7.16,7.41,6.68,1993-10-18,2018-04-27
2006-09-25,600680,*ST上普,电子元件,7.43,7.82,7.33,7.69,7.33,2806437,21581500.53,7.6880,,,否,,,,,,否,304925337,36504000,2344875841.53,280715760.00,,,,7.50,7.42,7.21,6.95,7.15,7.42,6.69,1993-10-18,2018-04-27
2006-09-26,600680,*ST上普,电子元件,7.69,7.82,7.49,7.59,7.49,1834968,13927407.12,5.0268,,,否,,,,,,否,304925337,36504000,2314383307.83,277065360.00,,,,7.52,7.48,7.25,7.00,7.14,7.42,6.70,1993-10-18,2018-04-27
2006-09-27,600680,*ST上普,电子元件,7.59,7.63,7.36,7.6,7.36,1165456,8857465.60,3.1927,,,否,,,,,,否,304925337,36504000,2317432561.20,277430400.00,,,,7.55,7.51,7.29,7.05,7.14,7.43,6.71,1993-10-18,2018-04-27
2006-09-28,600680,*ST上普,电子元件,7.6,7.78,7.51,7.6,7.51,1610587,12240461.20,4.4121,,,否,,,,,,否,304925337,36504000,2317432561.20,277430400.00,,,,7.58,7.54,7.31,7.09,7.14,7.43,6.72,1993-10-18,2018-04-27
2006-10-09,600680,*ST上普,电子元件,7.73,7.84,7.64,7.77,7.64,1684922,13091843.94,4.6157,,,否,,,,,,否,304925337,36504000,2369269868.49,283636080.00,,,,7.65,7.58,7.36,7.14,7.13,7.44,6.73,1993-10-18,2018-04-27
2006-10-10,600680,*ST上普,电子元件,7.77,8.06,7.69,7.97,7.69,2295374,18294130.78,6.2880,,,否,,,,,,否,304925337,36504000,2430254935.89,290936880.00,,,,7.71,7.61,7.41,7.20,7.14,7.45,6.74,1993-10-18,2018-04-27
2006-10-11,600680,*ST上普,电子元件,7.98,8.29,7.78,8.21,7.78,3355786,27551003.06,9.1929,,,否,,,,,,否,304925337,36504000,2503437016.77,299697840.00,,,,7.83,7.67,7.47,7.25,7.14,7.46,6.76,1993-10-18,2018-04-27
2006-10-12,600680,*ST上普,电子元件,8.16,8.41,8.01,8.14,8.01,2309434,18798792.76,6.3265,,,否,,,,,,否,304925337,36504000,2482092243.18,297142560.00,,,,7.94,7.75,7.50,7.29,7.15,7.47,6.77,1993-10-18,2018-04-27
2006-10-13,600680,*ST上普,电子元件,8.03,8.2,7.96,8.03,7.96,1051911,8446845.33,2.8816,,,否,,,,,,否,304925337,36504000,2448550456.11,293127120.00,,,,8.02,7.80,7.55,7.34,7.16,7.48,6.79,1993-10-18,2018-04-27
2006-10-16,600680,*ST上普,电子元件,8.09,8.09,7.78,7.82,7.78,1304890,10204239.80,3.5746,,,否,,,,,,否,304925337,36504000,2384516135.34,285461280.00,,,,8.03,7.84,7.59,7.38,7.18,7.49,6.80,1993-10-18,2018-04-27
2006-10-17,600680,*ST上普,电子元件,7.78,7.88,7.7,7.72,7.7,870144,6717511.68,2.3837,,,否,,,,,,否,304925337,36504000,2354023601.64,281810880.00,,,,7.98,7.85,7.63,7.42,7.19,7.49,6.81,1993-10-18,2018-04-27
2006-10-18,600680,*ST上普,电子元件,7.7,7.98,7.69,7.87,7.69,804841,6334098.67,2.2048,,,否,,,,,,否,304925337,36504000,2399762402.19,287286480.00,,,,7.92,7.87,7.68,7.46,7.20,7.49,6.83,1993-10-18,2018-04-27
2006-10-19,600680,*ST上普,电子元件,7.85,7.99,7.8,7.81,7.8,928464,7251303.84,2.5435,,,否,,,,,,否,304925337,36504000,2381466881.97,285096240.00,,,,7.85,7.89,7.70,7.49,7.21,7.49,6.84,1993-10-18,2018-04-27
2006-10-20,600680,*ST上普,电子元件,7.78,7.86,7.39,7.46,7.39,1684326,12565071.96,4.6141,,,否,,,,,,否,304925337,36504000,2274743014.02,272319840.00,,,,7.74,7.88,7.71,7.50,7.21,7.48,6.86,1993-10-18,2018-04-27
2006-10-23,600680,*ST上普,电子元件,7.46,7.52,7.16,7.19,7.16,1069314,7688367.66,2.9293,,,否,,,,,,否,304925337,36504000,2192413173.03,262463760.00,,,,7.61,7.82,7.70,7.51,7.19,7.47,6.87,1993-10-18,2018-04-27
2006-10-24,600680,*ST上普,电子元件,7.19,7.44,7.19,7.38,7.19,787987,5815344.06,2.1586,,,否,,,,,,否,304925337,36504000,2250348987.06,269399520.00,,,,7.54,7.76,7.68,7.53,7.15,7.46,6.89,1993-10-18,2018-04-27
2006-10-25,600680,*ST上普,电子元件,7.38,7.39,7.23,7.35,7.23,663847,4879275.45,1.8186,,,否,,,,,,否,304925337,36504000,2241201226.95,268304400.00,,,,7.44,7.68,7.68,7.54,7.11,7.46,6.90,1993-10-18,2018-04-27
2006-10-26,600680,*ST上普,电子元件,7.36,7.55,7.21,7.48,7.21,1187755,8884407.40,3.2538,,,否,,,,,,否,304925337,36504000,2280841520.76,273049920.00,,,,7.37,7.61,7.68,7.54,7.08,7.45,6.91,1993-10-18,2018-04-27
2006-10-27,600680,*ST上普,电子元件,7.41,7.5,7.18,7.18,7.18,762360,5473744.80,2.0884,,,否,,,,,,否,304925337,36504000,2189363919.66,262098720.00,,,,7.32,7.53,7.66,7.54,7.03,7.45,6.93,1993-10-18,2018-04-27
2006-10-30,600680,*ST上普,电子元件,7.0,7.16,6.73,6.87,6.73,1132587,7780872.69,3.1026,,,否,,,,,,否,304925337,36504000,2094837065.19,250782480.00,,,,7.25,7.43,7.64,7.54,7.02,7.44,6.94,1993-10-18,2018-04-27
2006-10-31,600680,*ST上普,电子元件,6.85,7.18,6.79,7.17,6.79,711062,5098314.54,1.9479,,,否,,,,,,否,304925337,36504000,2186314666.29,261733680.00,,,,7.21,7.38,7.61,7.55,7.03,7.43,6.95,1993-10-18,2018-04-27
2006-11-01,600680,*ST上普,电子元件,7.17,7.24,7.13,7.19,7.13,397193,2855817.67,1.0881,,,否,,,,,,否,304925337,36504000,2192413173.03,262463760.00,,,,7.18,7.31,7.59,7.55,7.04,7.42,6.96,1993-10-18,2018-04-27
2006-11-02,600680,*ST上普,电子元件,7.24,7.45,7.22,7.39,7.22,841339,6217495.21,2.3048,,,否,,,,,,否,304925337,36504000,2253398240.43,269764560.00,,,,7.16,7.27,7.58,7.56,7.06,7.42,6.97,1993-10-18,2018-04-27
2006-11-03,600680,*ST上普,电子元件,7.46,7.46,7.18,7.23,7.18,444111,3210922.53,1.2166,,,否,,,,,,否,304925337,36504000,2204610186.51,263923920.00,,,,7.17,7.24,7.56,7.55,7.08,7.42,6.98,1993-10-18,2018-04-27
2006-11-06,600680,*ST上普,电子元件,7.21,7.46,7.2,7.23,7.2,531483,3842622.09,1.4560,,,否,,,,,,否,304925337,36504000,2204610186.51,263923920.00,,,,7.24,7.25,7.53,7.55,7.09,7.42,7.00,1993-10-18,2018-04-27
2006-11-07,600680,*ST上普,电子元件,7.2,7.34,7.08,7.11,7.08,564605,4014341.55,1.5467,,,否,,,,,,否,304925337,36504000,2168019146.07,259543440.00,,,,7.23,7.22,7.49,7.53,7.11,7.41,7.01,1993-10-18,2018-04-27
2006-11-08,600680,*ST上普,电子元件,7.11,7.38,6.88,7.2,6.88,1008110,7258392.00,2.7616,,,否,,,,,,否,304925337,36504000,2195462426.40,262828800.00,,,,7.23,7.21,7.44,7.52,7.14,7.41,7.02,1993-10-18,2018-04-27
2006-11-09,600680,*ST上普,电子元件,7.1,7.25,7.04,7.12,7.04,502906,3580690.72,1.3777,,,否,,,,,,否,304925337,36504000,2171068399.44,259908480.00,,,,7.18,7.17,7.39,7.51,7.16,7.40,7.03,1993-10-18,2018-04-27
2006-11-10,600680,*ST上普,电子元件,7.12,7.2,6.88,6.9,6.88,512155,3533869.50,1.4030,,,否,,,,,,否,304925337,36504000,2103984825.30,251877600.00,,,,7.11,7.14,7.33,7.49,7.18,7.39,7.04,1993-10-18,2018-04-27
2006-11-13,600680,*ST上普,电子元件,6.88,7.04,6.56,6.63,6.56,624850,4142755.50,1.7117,,,否,,,,,,否,304925337,36504000,2021654984.31,242021520.00,,,,6.99,7.12,7.27,7.46,7.18,7.38,7.04,1993-10-18,2018-04-27
2006-11-14,600680,*ST上普,电子元件,6.63,6.93,6.58,6.9,6.58,626901,4325616.90,1.7173,,,否,,,,,,否,304925337,36504000,2103984825.30,251877600.00,,,,6.95,7.09,7.23,7.44,7.19,7.38,7.05,1993-10-18,2018-04-27
2006-11-15,600680,*ST上普,电子元件,7.05,7.59,7.04,7.35,7.04,2493502,18327239.70,6.8308,,,否,,,,,,否,304925337,36504000,2241201226.95,268304400.00,,,,6.98,7.11,7.21,7.43,7.21,7.37,7.06,1993-10-18,2018-04-27
2006-11-16,600680,*ST上普,电子元件,7.3,7.56,7.11,7.22,7.11,1453179,10491952.38,3.9809,,,否,,,,,,否,304925337,36504000,2201560933.14,263558880.00,,,,7.00,7.09,7.18,7.42,7.23,7.37,7.07,1993-10-18,2018-04-27
2006-11-17,600680,*ST上普,电子元件,7.15,7.58,7.15,7.58,7.15,2286862,17334413.96,6.2647,,,否,,,,,,否,304925337,36504000,2311334054.46,276700320.00,,,,7.14,7.12,7.18,7.42,7.25,7.37,7.07,1993-10-18,2018-04-27
2006-11-20,600680,*ST上普,电子元件,7.58,7.74,7.39,7.55,7.39,1368531,10332409.05,3.7490,,,否,,,,,,否,304925337,36504000,2302186294.35,275605200.00,,,,7.32,7.16,7.20,7.41,7.28,7.36,7.08,1993-10-18,2018-04-27
2006-11-21,600680,*ST上普,电子元件,7.48,7.53,7.25,7.32,7.25,777878,5694066.96,2.1309,,,否,,,,,,否,304925337,36504000,2232053466.84,267209280.00,,,,7.40,7.18,7.20,7.39,7.29,7.36,7.08,1993-10-18,2018-04-27
2006-11-22,600680,*ST上普,电子元件,7.34,7.97,7.24,7.85,7.24,2825932,22183566.20,7.7414,,,否,,,,,,否,304925337,36504000,2393663895.45,286556400.00,,,,7.50,7.24,7.22,7.37,7.31,7.37,7.09,1993-10-18,2018-04-27
2006-11-23,600680,*ST上普,电子元件,7.78,8.18,7.68,8.13,7.68,3442656,27988793.28,9.4309,,,否,,,,,,否,304925337,36504000,2479042989.81,296777520.00,,,,7.69,7.34,7.26,7.37,7.33,7.37,7.10,1993-10-18,2018-04-27
2006-11-24,600680,*ST上普,电子元件,8.08,8.33,7.88,8.3,7.88,3100701,25735818.30,8.4941,,,否,,,,,,否,304925337,36504000,2530880297.10,302983200.00,,,,7.83,7.48,7.31,7.38,7.36,7.38,7.11,1993-10-18,2018-04-27
2006-11-27,600680,*ST上普,电子元件,8.31,8.77,8.29,8.39,8.29,3599266,30197841.74,9.8599,,,否,,,,,,否,304925337,36504000,2558323577.43,306268560.00,,,,8.00,7.66,7.39,7.40,7.39,7.39,7.12,1993-10-18,2018-04-27
2006-11-28,600680,*ST上普,电子元件,8.31,8.47,8.17,8.42,8.17,1792316,15091300.72,4.9099,,,否,,,,,,否,304925337,36504000,2567471337.54,307363680.00,,,,8.22,7.81,7.45,7.43,7.42,7.40,7.13,1993-10-18,2018-04-27
2006-11-29,600680,*ST上普,电子元件,8.24,8.42,7.99,8.23,7.99,1847740,15206900.20,5.0617,,,否,,,,,,否,304925337,36504000,2509535523.51,300427920.00,,,,8.29,7.90,7.50,7.44,7.45,7.40,7.14,1993-10-18,2018-04-27
2006-11-30,600680,*ST上普,电子元件,8.18,8.34,8.1,8.24,8.1,2241431,18469391.44,6.1402,,,否,,,,,,否,304925337,36504000,2512584776.88,300792960.00,,,,8.32,8.00,7.55,7.45,7.47,7.41,7.14,1993-10-18,2018-04-27
2006-12-01,600680,*ST上普,电子元件,8.28,8.53,7.99,8.03,7.99,2522475,20255474.25,6.9101,,,否,,,,,,否,304925337,36504000,2448550456.11,293127120.00,,,,8.26,8.05,7.59,7.47,7.49,7.41,7.15,1993-10-18,2018-04-27
2006-12-04,600680,*ST上普,电子元件,8.03,8.27,7.79,8.05,7.79,2751661,22150871.05,7.5380,,,否,,,,,,否,304925337,36504000,2454648962.85,293857200.00,,,,8.19,8.10,7.63,7.50,7.51,7.41,7.16,1993-10-18,2018-04-27
2006-12-05,600680,*ST上普,电子元件,8.06,8.85,7.88,8.85,7.88,6534903,57833891.55,17.9019,,,否,,,,,,是,304925337,36504000,2698589232.45,323060400.00,,,,8.28,8.25,7.71,7.55,7.54,7.42,7.17,1993-10-18,2018-04-27
2006-12-06,600680,*ST上普,电子元件,8.76,9.74,8.65,9.74,8.65,10802837,105219632.38,29.5936,,,否,,,,,,是,304925337,36504000,2969972782.38,355548960.00,,,,8.58,8.44,7.84,7.63,7.58,7.43,7.18,1993-10-18,2018-04-27
2006-12-07,600680,*ST上普,电子元件,9.65,10.47,9.07,9.16,9.07,7752014,71008448.24,21.2361,,,否,,,,,,否,304925337,36504000,2793116086.92,334376640.00,,,,8.77,8.54,7.94,7.68,7.61,7.45,7.19,1993-10-18,2018-04-27
2006-12-08,600680,*ST上普,电子元件,8.87,8.87,8.25,8.25,8.25,3825916,31563807.00,10.4808,,,否,,,,,,否,304925337,36504000,2515634030.25,301158000.00,,,,8.81,8.54,8.01,7.72,7.63,7.45,7.20,1993-10-18,2018-04-27
2006-12-12,600680,*ST上普,电子元件,8.76,8.85,8.23,8.4,8.23,2852561,23961512.40,7.8144,,,否,,,,,,否,304925337,36504000,2561372830.80,306633600.00,,,,8.88,8.54,8.10,7.77,7.65,7.46,7.20,1993-10-18,2018-04-27
2006-12-13,600680,*ST上普,电子元件,8.45,8.45,8.13,8.2,8.13,1629532,13362162.40,4.4640,,,否,,,,,,否,304925337,36504000,2500387763.40,299332800.00,,,,8.75,8.52,8.16,7.81,7.68,7.46,7.21,1993-10-18,2018-04-27
2006-12-14,600680,*ST上普,电子元件,8.23,8.66,8.18,8.48,8.18,1746330,14808878.40,4.7839,,,否,,,,,,否,304925337,36504000,2585766857.76,309553920.00,,,,8.50,8.54,8.22,7.85,7.70,7.46,7.21,1993-10-18,2018-04-27
2006-12-15,600680,*ST上普,电子元件,8.45,8.6,8.3,8.55,8.3,1697248,14511470.40,4.6495,,,否,,,,,,否,304925337,36504000,2607111631.35,312109200.00,,,,8.38,8.57,8.29,7.89,7.72,7.47,7.22,1993-10-18,2018-04-27
2006-12-18,600680,*ST上普,电子元件,8.46,8.64,8.42,8.53,8.42,1476430,12593947.90,4.0446,,,否,,,,,,否,304925337,36504000,2601013124.61,311379120.00,,,,8.43,8.62,8.33,7.93,7.74,7.48,7.23,1993-10-18,2018-04-27
2006-12-19,600680,*ST上普,电子元件,8.53,9.38,8.48,9.38,8.48,5033549,47214689.62,13.7890,,,否,,,,,,是,304925337,36504000,2860199661.06,342407520.00,,,,8.63,8.75,8.43,8.00,7.78,7.49,7.24,1993-10-18,2018-04-27
2006-12-20,600680,*ST上普,电子元件,9.36,9.71,8.97,9.42,8.97,3795030,35749182.60,10.3962,,,否,,,,,,否,304925337,36504000,2872396674.54,343867680.00,,,,8.87,8.81,8.53,8.08,7.80,7.51,7.25,1993-10-18,2018-04-27
2006-12-21,600680,*ST上普,电子元件,9.34,9.63,9.03,9.1,9.03,2575124,23433628.40,7.0544,,,否,,,,,,否,304925337,36504000,2774820566.70,332186400.00,,,,9.00,8.75,8.59,8.14,7.83,7.52,7.26,1993-10-18,2018-04-27
2006-12-22,600680,*ST上普,电子元件,9.06,9.21,8.67,8.76,8.67,1617853,14172392.28,4.4320,,,否,,,,,,否,304925337,36504000,2671145952.12,319775040.00,,,,9.04,8.71,8.62,8.20,7.85,7.52,7.27,1993-10-18,2018-04-27
2006-12-25,600680,*ST上普,电子元件,8.84,9.17,8.78,8.91,8.78,1377565,12274104.15,3.7737,,,否,,,,,,否,304925337,36504000,2716884752.67,325250640.00,,,,9.11,8.77,8.65,8.26,7.88,7.53,7.28,1993-10-18,2018-04-27
2006-12-26,600680,*ST上普,电子元件,8.82,9.01,8.49,8.63,8.49,905500,7814465.00,2.4806,,,否,,,,,,否,304925337,36504000,2631505658.31,315029520.00,,,,8.96,8.80,8.67,8.33,7.90,7.53,7.29,1993-10-18,2018-04-27
2006-12-27,600680,*ST上普,电子元件,8.77,9.16,8.77,8.95,8.77,1174957,10515865.15,3.2187,,,否,,,,,,否,304925337,36504000,2729081766.15,326710800.00,,,,8.87,8.87,8.69,8.40,7.92,7.54,7.29,1993-10-18,2018-04-27
2006-12-28,600680,*ST上普,电子元件,9.07,9.16,8.48,8.54,8.48,1288354,11002543.16,3.5294,,,否,,,,,,否,304925337,36504000,2604062377.98,311744160.00,,,,8.76,8.88,8.71,8.44,7.93,7.54,7.30,1993-10-18,2018-04-27
2006-12-29,600680,*ST上普,电子元件,8.49,8.73,8.49,8.56,8.49,992680,8497340.80,2.7194,,,否,,,,,,否,304925337,36504000,2610160884.72,312474240.00,,,,8.72,8.88,8.72,8.48,7.95,7.55,7.31,1993-10-18,2018-04-27
2007-01-04,600680,*ST上普,电子元件,8.54,8.65,7.98,8.23,7.98,1484613,12218364.99,4.0670,,,否,,,,,,否,304925337,36504000,2509535523.51,300427920.00,,,,8.58,8.85,8.73,8.51,7.96,7.55,7.31,1993-10-18,2018-04-27
2007-01-05,600680,*ST上普,电子元件,8.21,8.47,8.08,8.45,8.08,1142058,9650390.10,3.1286,,,否,,,,,,否,304925337,36504000,2576619097.65,308458800.00,,,,8.55,8.76,8.75,8.54,7.97,7.55,7.32,1993-10-18,2018-04-27
2007-01-08,600680,*ST上普,电子元件,8.44,8.77,8.38,8.77,8.38,1224157,10735856.89,3.3535,,,否,,,,,,否,304925337,36504000,2674195205.49,320140080.00,,,,8.51,8.69,8.75,8.58,7.99,7.56,7.33,1993-10-18,2018-04-27
2007-01-09,600680,*ST上普,电子元件,8.77,9.1,8.77,8.84,8.77,1287379,11380430.36,3.5267,,,否,,,,,,否,304925337,36504000,2695539979.08,322695360.00,,,,8.57,8.66,8.71,8.62,8.00,7.57,7.34,1993-10-18,2018-04-27
2007-01-10,600680,*ST上普,电子元件,8.84,9.06,8.82,9.02,8.82,1698486,15320343.72,4.6529,,,否,,,,,,否,304925337,36504000,2750426539.74,329266080.00,,,,8.66,8.69,8.70,8.65,8.01,7.58,7.35,1993-10-18,2018-04-27
2007-01-11,600680,*ST上普,电子元件,9.02,9.47,8.97,9.15,8.97,2574003,23552127.45,7.0513,,,否,,,,,,否,304925337,36504000,2790066833.55,334011600.00,,,,8.85,8.71,8.74,8.67,8.03,7.59,7.36,1993-10-18,2018-04-27
2007-01-12,600680,*ST上普,电子元件,9.16,9.25,8.38,8.46,8.38,1630304,13792371.84,4.4661,,,否,,,,,,否,304925337,36504000,2579668351.02,308823840.00,,,,8.85,8.70,8.75,8.68,8.04,7.61,7.36,1993-10-18,2018-04-27
2007-01-15,600680,*ST上普,电子元件,8.46,9.17,8.33,9.01,8.33,1618640,14583946.40,4.4341,,,否,,,,,,否,304925337,36504000,2747377286.37,328901040.00,,,,8.90,8.70,8.79,8.70,8.06,7.62,7.37,1993-10-18,2018-04-27
2007-01-16,600680,*ST上普,电子元件,9.01,9.32,8.97,9.15,8.97,2078920,19022118.00,5.6950,,,否,,,,,,否,304925337,36504000,2790066833.55,334011600.00,,,,8.96,8.76,8.82,8.73,8.08,7.64,7.39,1993-10-18,2018-04-27
2007-01-17,600680,*ST上普,电子元件,9.16,9.87,8.97,9.59,8.97,4626490,44368039.10,12.6739,,,否,,,,,,否,304925337,36504000,2924233981.83,350073360.00,,,,9.07,8.87,8.87,8.77,8.11,7.66,7.40,1993-10-18,2018-04-27
2007-01-18,600680,*ST上普,电子元件,9.37,9.65,9.15,9.36,9.15,2488870,23295823.20,6.8181,,,否,,,,,,否,304925337,36504000,2854101154.32,341677440.00,,,,9.11,8.98,8.91,8.82,8.14,7.68,7.41,1993-10-18,2018-04-27
2007-01-19,600680,*ST上普,电子元件,9.37,9.71,9.32,9.55,9.32,2440462,23306412.10,6.6855,,,否,,,,,,否,304925337,36504000,2912036968.35,348613200.00,,,,9.33,9.09,8.92,8.87,8.18,7.68,7.42,1993-10-18,2018-04-27
2007-01-22,600680,*ST上普,电子元件,9.69,10.07,9.69,9.86,9.69,2777522,27386366.92,7.6088,,,否,,,,,,否,304925337,36504000,3006563822.82,359929440.00,,,,9.50,9.20,8.94,8.90,8.22,7.69,7.44,1993-10-18,2018-04-27
2007-01-23,600680,*ST上普,电子元件,9.83,10.62,9.67,10.6,9.67,5346340,56671204.00,14.6459,,,否,,,,,,否,304925337,36504000,3232208572.20,386942400.00,,,,9.79,9.38,9.02,8.93,8.28,7.70,7.45,1993-10-18,2018-04-27
2007-01-24,600680,*ST上普,电子元件,10.47,10.47,10.07,10.24,10.07,3090269,31644354.56,8.4656,,,否,,,,,,否,304925337,36504000,3122435450.88,373800960.00,,,,9.92,9.50,9.09,8.96,8.32,7.70,7.47,1993-10-18,2018-04-27
2007-01-25,600680,*ST上普,电子元件,10.18,10.18,9.37,9.38,9.37,2260504,21203527.52,6.1925,,,否,,,,,,否,304925337,36504000,2860199661.06,342407520.00,,,,9.93,9.52,9.12,9.00,8.36,7.69,7.48,1993-10-18,2018-04-27
2007-01-26,600680,*ST上普,电子元件,9.27,10.32,9.15,10.32,9.15,5583472,57621431.04,15.2955,,,否,,,,,,是,304925337,36504000,3146829477.84,376721280.00,,,,10.08,9.71,9.20,9.07,8.42,7.72,7.49,1993-10-18,2018-04-27
2007-01-29,600680,*ST上普,电子元件,10.47,10.85,10.28,10.73,10.28,4224773,45331814.29,11.5735,,,否,,,,,,否,304925337,36504000,3271848866.01,391687920.00,,,,10.25,9.88,9.29,9.15,8.48,7.75,7.51,1993-10-18,2018-04-27
2007-01-30,600680,*ST上普,电子元件,10.77,10.79,10.07,10.36,10.07,2259238,23405705.68,6.1890,,,否,,,,,,否,304925337,36504000,3159026491.32,378181440.00,,,,10.21,10.00,9.38,9.21,8.53,7.79,7.52,1993-10-18,2018-04-27
2007-01-31,600680,*ST上普,电子元件,10.38,11.17,10.02,10.41,10.02,4454352,46369804.32,12.2024,,,否,,,,,,否,304925337,36504000,3174272758.17,380006640.00,,,,10.24,10.08,9.47,9.28,8.58,7.82,7.54,1993-10-18,2018-04-27
2007-02-01,600680,*ST上普,电子元件,10.15,10.52,9.58,10.39,9.58,2527095,26256517.05,6.9228,,,否,,,,,,否,304925337,36504000,3168174251.43,379276560.00,,,,10.44,10.18,9.58,9.34,8.63,7.86,7.56,1993-10-18,2018-04-27
2007-02-02,600680,*ST上普,电子元件,10.37,10.37,9.65,9.67,9.65,1546152,14951289.84,4.2356,,,否,,,,,,否,304925337,36504000,2948628008.79,352993680.00,,,,10.31,10.20,9.64,9.35,8.67,7.88,7.58,1993-10-18,2018-04-27
2007-02-05,600680,*ST上普,电子元件,9.72,9.87,9.37,9.55,9.37,1815651,17339467.05,4.9738,,,否,,,,,,否,304925337,36504000,2912036968.35,348613200.00,,,,10.08,10.17,9.68,9.35,8.72,7.91,7.59,1993-10-18,2018-04-27
2007-02-06,600680,*ST上普,电子元件,9.49,9.92,9.49,9.82,9.49,1115909,10958226.38,3.0569,,,否,,,,,,否,304925337,36504000,2994366809.34,358469280.00,,,,9.97,10.09,9.73,9.38,8.76,7.95,7.60,1993-10-18,2018-04-27
2007-02-07,600680,*ST上普,电子元件,9.87,10.11,9.77,10.09,9.77,1838986,18555368.74,5.0378,,,否,,,,,,否,304925337,36504000,3076696650.33,368325360.00,,,,9.90,10.07,9.78,9.42,8.81,7.99,7.62,1993-10-18,2018-04-27
2007-02-08,600680,*ST上普,电子元件,10.33,10.46,9.88,10.36,9.88,1980759,20520663.24,5.4261,,,否,,,,,,否,304925337,36504000,3159026491.32,378181440.00,,,,9.90,10.17,9.85,9.47,8.87,8.02,7.63,1993-10-18,2018-04-27
2007-02-09,600680,*ST上普,电子元件,10.36,10.82,10.19,10.66,10.19,2710215,28890891.90,7.4244,,,否,,,,,,否,304925337,36504000,3250504092.42,389132640.00,,,,10.10,10.20,9.96,9.54,8.93,8.06,7.64,1993-10-18,2018-04-27
2007-02-12,600680,*ST上普,电子元件,10.77,11.06,10.67,11.05,10.67,3382157,37372834.85,9.2652,,,否,,,,,,否,304925337,36504000,3369424973.85,403369200.00,,,,10.40,10.24,10.06,9.61,9.00,8.10,7.66,1993-10-18,2018-04-27
2007-02-13,600680,*ST上普,电子元件,11.09,11.25,10.82,11.05,10.82,2318541,25619878.05,6.3515,,,否,,,,,,否,304925337,36504000,3369424973.85,403369200.00,,,,10.64,10.31,10.15,9.69,9.06,8.14,7.68,1993-10-18,2018-04-27
2007-02-14,600680,*ST上普,电子元件,11.22,11.22,10.85,10.95,10.85,2087289,22855814.55,5.7180,,,否,,,,,,否,304925337,36504000,3338932440.15,399718800.00,,,,10.81,10.36,10.22,9.77,9.13,8.18,7.69,1993-10-18,2018-04-27
2007-02-15,600680,*ST上普,电子元件,10.95,12.05,10.85,12.05,10.85,7096105,85508065.25,19.4393,,,否,,,,,,是,304925337,36504000,3674350310.85,439873200.00,,,,11.15,10.53,10.35,9.90,9.20,8.23,7.72,1993-10-18,2018-04-27
2007-02-16,600680,*ST上普,电子元件,12.08,12.33,11.77,11.88,11.77,3645573,43309407.24,9.9868,,,否,,,,,,否,304925337,36504000,3622513003.56,433667520.00,,,,11.40,10.75,10.47,10.01,9.27,8.27,7.74,1993-10-18,2018-04-27
2007-02-26,600680,*ST上普,电子元件,11.97,12.94,11.9,12.61,11.9,3021437,38100320.57,8.2770,,,否,,,,,,否,304925337,36504000,3845108499.57,460315440.00,,,,11.71,11.05,10.61,10.14,9.36,8.33,7.76,1993-10-18,2018-04-27
2007-02-27,600680,*ST上普,电子元件,12.74,13.88,11.83,11.93,11.83,4824894,57560985.42,13.2174,,,否,,,,,,否,304925337,36504000,3637759270.41,435492720.00,,,,11.88,11.26,10.68,10.24,9.43,8.37,7.78,1993-10-18,2018-04-27
2007-02-28,600680,*ST上普,电子元件,12.16,13.12,12.16,13.12,12.16,5240992,68761815.04,14.3573,,,否,,,,,,是,304925337,36504000,4000620421.44,478932480.00,,,,12.32,11.57,10.82,10.38,9.51,8.42,7.81,1993-10-18,2018-04-27
2007-03-01,600680,*ST上普,电子元件,13.36,13.76,12.66,13.39,12.66,4209045,56359112.55,11.5304,,,否,,,,,,否,304925337,36504000,4082950262.43,488788560.00,,,,12.59,11.87,11.02,10.52,9.60,8.48,7.83,1993-10-18,2018-04-27
2007-03-02,600680,*ST上普,电子元件,13.35,13.36,12.76,13.03,12.76,2144932,27948463.96,5.8759,,,否,,,,,,否,304925337,36504000,3973177141.11,475647120.00,,,,12.82,12.11,11.16,10.67,9.67,8.53,7.86,1993-10-18,2018-04-27
2007-03-05,600680,*ST上普,电子元件,12.96,12.98,11.97,12.27,11.97,2735080,33559431.60,7.4925,,,否,,,,,,否,304925337,36504000,3741433884.99,447904080.00,,,,12.75,12.23,11.23,10.78,9.74,8.58,7.88,1993-10-18,2018-04-27
2007-03-06,600680,*ST上普,电子元件,11.97,12.45,11.97,12.14,11.97,1380280,16756599.20,3.7812,,,否,,,,,,否,304925337,36504000,3701793591.18,443158560.00,,,,12.79,12.34,11.32,10.88,9.80,8.63,7.90,1993-10-18,2018-04-27
2007-03-07,600680,*ST上普,电子元件,12.14,12.6,12.03,12.31,12.03,1723895,21221147.45,4.7225,,,否,,,,,,否,304925337,36504000,3753630898.47,449364240.00,,,,12.63,12.47,11.42,10.97,9.87,8.67,7.92,1993-10-18,2018-04-27
2007-03-08,600680,*ST上普,电子元件,12.46,12.46,12.14,12.3,12.14,1362860,16763178.00,3.7335,,,否,,,,,,否,304925337,36504000,3750581645.10,448999200.00,,,,12.41,12.50,11.51,11.07,9.94,8.71,7.94,1993-10-18,2018-04-27
2007-03-09,600680,*ST上普,电子元件,12.27,12.41,12.03,12.14,12.03,1660064,20153176.96,4.5476,,,否,,,,,,否,304925337,36504000,3701793591.18,443158560.00,,,,12.23,12.52,11.64,11.16,10.01,8.76,7.96,1993-10-18,2018-04-27
2007-03-12,600680,*ST上普,电子元件,12.21,12.86,12.17,12.67,12.17,2199339,27865625.13,6.0249,,,否,,,,,,否,304925337,36504000,3863404019.79,462505680.00,,,,12.31,12.53,11.79,11.25,10.07,8.81,7.99,1993-10-18,2018-04-27
2007-03-13,600680,*ST上普,电子元件,12.84,12.94,12.6,12.91,12.6,1996573,25775757.43,5.4695,,,否,,,,,,否,304925337,36504000,3936586100.67,471266640.00,,,,12.47,12.63,11.95,11.33,10.13,8.85,8.02,1993-10-18,2018-04-27
2007-03-14,600680,*ST上普,电子元件,12.76,12.83,12.07,12.42,12.07,1954056,24269375.52,5.3530,,,否,,,,,,否,304925337,36504000,3787172685.54,453379680.00,,,,12.49,12.56,12.06,11.40,10.18,8.90,8.04,1993-10-18,2018-04-27
2007-03-15,600680,*ST上普,电子元件,12.46,12.91,12.32,12.84,12.32,2224965,28568550.60,6.0951,,,否,,,,,,否,304925337,36504000,3915241327.08,468711360.00,,,,12.60,12.50,12.19,11.51,10.26,8.95,8.07,1993-10-18,2018-04-27
2007-03-16,600680,*ST上普,电子元件,12.84,12.94,12.21,12.32,12.21,1749679,21556045.28,4.7931,,,否,,,,,,否,304925337,36504000,3756680151.84,449729280.00,,,,12.63,12.43,12.27,11.58,10.32,8.99,8.09,1993-10-18,2018-04-27
2007-03-19,600680,*ST上普,电子元件,11.91,12.82,11.28,12.64,11.28,1716732,21699492.48,4.7029,,,否,,,,,,否,304925337,36504000,3854256259.68,461410560.00,,,,12.63,12.47,12.35,11.64,10.40,9.04,8.12,1993-10-18,2018-04-27
2007-03-20,600680,*ST上普,电子元件,12.89,12.89,12.44,12.71,12.44,1609616,20458219.36,4.4094,,,否,,,,,,否,304925337,36504000,3875601033.27,463965840.00,,,,12.59,12.53,12.43,11.72,10.47,9.08,8.14,1993-10-18,2018-04-27
2007-03-21,600680,*ST上普,电子元件,12.81,13.26,12.66,13.04,12.66,2922046,38103479.84,8.0047,,,否,,,,,,否,304925337,36504000,3976226394.48,476012160.00,,,,12.71,12.60,12.54,11.81,10.54,9.13,8.17,1993-10-18,2018-04-27
2007-03-22,600680,*ST上普,电子元件,13.06,13.06,12.68,12.72,12.68,2258300,28725576.00,6.1864,,,否,,,,,,否,304925337,36504000,3878650286.64,464330880.00,,,,12.69,12.64,12.57,11.89,10.61,9.18,8.20,1993-10-18,2018-04-27
2007-03-23,600680,*ST上普,电子元件,12.64,12.66,12.23,12.48,12.23,1696303,21169861.44,4.6469,,,否,,,,,,否,304925337,36504000,3805468205.76,455569920.00,,,,12.72,12.68,12.60,11.98,10.66,9.22,8.22,1993-10-18,2018-04-27
2007-03-26,600680,*ST上普,电子元件,13.73,13.73,13.73,13.73,13.73,1623543,22291245.39,4.4476,,,否,,,,,,是,304925337,36504000,4186624877.01,501199920.00,,,,12.94,12.78,12.66,12.12,10.74,9.27,8.25,1993-10-18,2018-04-27
2007-03-27,600680,*ST上普,电子元件,13.73,14.96,13.66,14.25,13.66,8908197,126941807.25,24.4033,,,否,,,,,,否,304925337,36504000,4345186052.25,520182000.00,,,,13.24,12.92,12.77,12.27,10.82,9.33,8.28,1993-10-18,2018-04-27
2007-03-28,600680,*ST上普,电子元件,14.16,14.25,13.08,13.75,13.08,4411896,60663570.00,12.0861,,,否,,,,,,否,304925337,36504000,4192723383.75,501930000.00,,,,13.39,13.05,12.80,12.39,10.91,9.38,8.31,1993-10-18,2018-04-27
2007-03-29,600680,*ST上普,电子元件,13.66,13.85,13.09,13.13,13.09,2897430,38043255.90,7.9373,,,否,,,,,,否,304925337,36504000,4003669674.81,479297520.00,,,,13.47,13.08,12.79,12.48,10.98,9.43,8.34,1993-10-18,2018-04-27
2007-03-30,600680,*ST上普,电子元件,13.13,13.36,12.94,13.27,12.94,1634801,21693809.27,4.4784,,,否,,,,,,否,304925337,36504000,4046359221.99,484408080.00,,,,13.63,13.17,12.80,12.57,11.05,9.47,8.37,1993-10-18,2018-04-27
2007-04-02,600680,*ST上普,电子元件,13.27,13.36,13.01,13.34,13.01,1536399,20495562.66,4.2089,,,否,,,,,,否,304925337,36504000,4067703995.58,486963360.00,,,,13.55,13.24,12.86,12.65,11.13,9.52,8.40,1993-10-18,2018-04-27
2007-04-03,600680,*ST上普,电子元件,13.36,13.4,13.11,13.25,13.11,1445935,19158638.75,3.9610,,,否,,,,,,否,304925337,36504000,4040260715.25,483678000.00,,,,13.35,13.30,12.91,12.72,11.20,9.57,8.42,1993-10-18,2018-04-27
2007-04-04,600680,*ST上普,电子元件,13.26,13.81,13.06,13.6,13.06,2433379,33093954.40,6.6661,,,否,,,,,,否,304925337,36504000,4146984583.20,496454400.00,,,,13.32,13.35,12.98,12.81,11.29,9.62,8.45,1993-10-18,2018-04-27
2007-04-05,600680,*ST上普,电子元件,13.61,13.61,13.13,13.42,13.13,1925765,25843766.30,5.2755,,,否,,,,,,否,304925337,36504000,4092098022.54,489883680.00,,,,13.38,13.42,13.03,12.85,11.38,9.67,8.48,1993-10-18,2018-04-27
2007-04-06,600680,*ST上普,电子元件,13.26,13.42,13.13,13.35,13.13,1855907,24776358.45,5.0841,,,否,,,,,,否,304925337,36504000,4070753248.95,487328400.00,,,,13.39,13.51,13.09,12.90,11.46,9.71,8.51,1993-10-18,2018-04-27
2007-04-09,600680,*ST上普,电子元件,13.51,13.78,13.35,13.6,13.35,3041515,41364604.00,8.3320,,,否,,,,,,否,304925337,36504000,4146984583.20,496454400.00,,,,13.44,13.50,13.14,12.94,11.54,9.76,8.53,1993-10-18,2018-04-27
2007-04-10,600680,*ST上普,电子元件,13.62,13.76,13.04,13.56,13.04,2646612,35888058.72,7.2502,,,否,,,,,,否,304925337,36504000,4134787569.72,494994240.00,,,,13.51,13.43,13.17,12.99,11.62,9.81,8.56,1993-10-18,2018-04-27
2007-04-11,600680,*ST上普,电子元件,13.62,13.82,13.29,13.78,13.29,3262105,44951806.90,8.9363,,,否,,,,,,否,304925337,36504000,4201871143.86,503025120.00,,,,13.54,13.43,13.24,13.01,11.70,9.85,8.59,1993-10-18,2018-04-27
2007-04-12,600680,*ST上普,电子元件,13.76,14.26,13.64,14.12,13.64,4247529,59975109.48,11.6358,,,否,,,,,,否,304925337,36504000,4305545758.44,515436480.00,,,,13.68,13.53,13.30,13.04,11.78,9.90,8.62,1993-10-18,2018-04-27
2007-04-13,600680,*ST上普,电子元件,14.26,14.26,13.38,13.6,13.38,3042386,41376449.60,8.3344,,,否,,,,,,否,304925337,36504000,4146984583.20,496454400.00,,,,13.73,13.56,13.37,13.06,11.86,9.95,8.65,1993-10-18,2018-04-27
2007-04-16,600680,*ST上普,电子元件,13.56,14.16,13.46,13.85,13.46,2283210,31622458.50,6.2547,,,否,,,,,,否,304925337,36504000,4223215917.45,505580400.00,,,,13.78,13.61,13.43,13.11,11.94,10.00,8.67,1993-10-18,2018-04-27
2007-04-17,600680,*ST上普,电子元件,13.9,14.26,13.34,14.22,13.34,3366852,47876635.44,9.2232,,,否,,,,,,否,304925337,36504000,4336038292.14,519086880.00,,,,13.91,13.71,13.50,13.18,12.03,10.06,8.70,1993-10-18,2018-04-27
2007-04-18,600680,*ST上普,电子元件,14.16,14.74,13.96,14.56,13.96,4308104,62725994.24,11.8017,,,否,,,,,,否,304925337,36504000,4439712906.72,531498240.00,,,,14.07,13.81,13.58,13.25,12.11,10.11,8.73,1993-10-18,2018-04-27
2007-04-19,600680,*ST上普,电子元件,14.46,15.15,13.96,14.68,13.96,7185391,105481539.88,19.6838,,,否,,,,,,否,304925337,36504000,4476303947.16,535878720.00,,,,14.18,13.93,13.68,13.33,12.20,10.17,8.77,1993-10-18,2018-04-27
2007-04-20,600680,*ST上普,电子元件,14.84,15.81,14.44,15.53,14.44,7149271,111028178.63,19.5849,,,否,,,,,,否,304925337,36504000,4735490483.61,566907120.00,,,,14.57,14.15,13.83,13.44,12.30,10.24,8.80,1993-10-18,2018-04-27
2007-04-23,600680,*ST上普,电子元件,15.73,15.95,15.16,15.74,15.16,6520035,102625350.90,17.8612,,,否,,,,,,否,304925337,36504000,4799524804.38,574572960.00,,,,14.95,14.36,13.93,13.55,12.40,10.31,8.83,1993-10-18,2018-04-27
2007-04-24,600680,*ST上普,电子元件,15.7,15.85,15.24,15.28,15.24,4544269,69436430.32,12.4487,,,否,,,,,,否,304925337,36504000,4659259149.36,557781120.00,,,,15.16,14.54,13.98,13.63,12.48,10.38,8.87,1993-10-18,2018-04-27
2007-04-25,600680,*ST上普,电子元件,15.21,15.21,14.21,14.65,14.21,3745372,54869699.80,10.2602,,,否,,,,,,否,304925337,36504000,4467156187.05,534783600.00,,,,15.18,14.62,14.03,13.70,12.55,10.44,8.90,1993-10-18,2018-04-27
2007-04-26,600680,*ST上普,电子元件,14.7,15.09,14.27,14.93,14.27,3060934,45699744.62,8.3852,,,否,,,,,,否,304925337,36504000,4552535281.41,545004720.00,,,,15.23,14.70,14.12,13.77,12.64,10.50,8.93,1993-10-18,2018-04-27
2007-04-27,600680,*ST上普,电子元件,14.76,15.07,14.4,14.42,14.4,1929861,27828595.62,5.2867,,,否,,,,,,否,304925337,36504000,4397023359.54,526387680.00,,,,15.00,14.79,14.17,13.84,12.71,10.56,8.96,1993-10-18,2018-04-27
2007-04-30,600680,*ST上普,电子元件,14.38,14.46,13.94,14.17,13.94,2313655,32784491.35,6.3381,,,否,,,,,,否,304925337,36504000,4320792025.29,517261680.00,,,,14.69,14.82,14.22,13.89,12.77,10.62,8.99,1993-10-18,2018-04-27
2007-05-08,600680,*ST上普,电子元件,14.35,14.96,14.15,14.91,14.15,3064322,45689041.02,8.3945,,,否,,,,,,否,304925337,36504000,4546436774.67,544274640.00,,,,14.62,14.89,14.30,13.96,12.84,10.69,9.02,1993-10-18,2018-04-27
2007-05-09,600680,*ST上普,电子元件,14.86,15.51,14.46,15.31,14.46,4101283,62790642.73,11.2352,,,否,,,,,,否,304925337,36504000,4668406909.47,558876240.00,,,,14.75,14.96,14.38,14.04,12.93,10.75,9.05,1993-10-18,2018-04-27
2007-05-10,600680,*ST上普,电子元件,15.36,15.46,14.87,15.02,14.87,3004595,45129016.90,8.2309,,,否,,,,,,否,304925337,36504000,4579978561.74,548290080.00,,,,14.77,15.00,14.46,14.12,13.00,10.82,9.07,1993-10-18,2018-04-27
2007-05-11,600680,*ST上普,电子元件,14.95,14.95,14.29,14.46,14.29,2406240,34794230.40,6.5917,,,否,,,,,,否,304925337,36504000,4409220373.02,527847840.00,,,,14.77,14.89,14.52,14.18,13.08,10.88,9.10,1993-10-18,2018-04-27
2007-05-14,600680,*ST上普,电子元件,14.46,14.96,14.31,14.54,14.31,1769969,25735349.26,4.8487,,,否,,,,,,否,304925337,36504000,4433614399.98,530768160.00,,,,14.85,14.77,14.57,14.21,13.17,10.94,9.12,1993-10-18,2018-04-27
2007-05-15,600680,*ST上普,电子元件,14.61,14.66,13.66,13.77,13.66,2084185,28699227.45,5.7095,,,否,,,,,,否,304925337,36504000,4198821890.49,502660080.00,,,,14.62,14.62,14.58,14.19,13.23,11.00,9.15,1993-10-18,2018-04-27
2007-05-16,600680,*ST上普,电子元件,13.66,14.07,13.41,13.91,13.41,2340575,32557398.25,6.4118,,,否,,,,,,否,304925337,36504000,4241511437.67,507770640.00,,,,14.34,14.54,14.58,14.20,13.29,11.05,9.17,1993-10-18,2018-04-27
2007-05-17,600680,*ST上普,电子元件,14.14,14.66,13.97,14.54,13.97,2876616,41825996.64,7.8803,,,否,,,,,,否,304925337,36504000,4433614399.98,530768160.00,,,,14.24,14.51,14.60,14.25,13.36,11.12,9.20,1993-10-18,2018-04-27
2007-05-18,600680,*ST上普,电子元件,14.36,14.5,14.1,14.18,14.1,2223825,31533838.50,6.0920,,,否,,,,,,否,304925337,36504000,4323841278.66,517626720.00,,,,14.19,14.48,14.63,14.28,13.42,11.18,9.22,1993-10-18,2018-04-27
2007-05-21,600680,*ST上普,电子元件,13.41,14.21,13.41,14.06,13.41,2368960,33307577.60,6.4896,,,否,,,,,,否,304925337,36504000,4287250238.22,513246240.00,,,,14.09,14.47,14.64,14.30,13.47,11.24,9.24,1993-10-18,2018-04-27
2007-05-22,600680,*ST上普,电子元件,14.08,14.45,14.08,14.31,14.08,2792696,39963479.76,7.6504,,,否,,,,,,否,304925337,36504000,4363481572.47,522372240.00,,,,14.20,14.41,14.65,14.34,13.53,11.30,9.27,1993-10-18,2018-04-27
2007-05-23,600680,*ST上普,电子元件,14.31,14.96,14.31,14.92,14.31,4414251,65860624.92,12.0925,,,否,,,,,,否,304925337,36504000,4549486028.04,544639680.00,,,,14.40,14.37,14.67,14.38,13.59,11.36,9.30,1993-10-18,2018-04-27
2007-05-24,600680,*ST上普,电子元件,14.96,15.05,14.16,14.54,14.16,3377160,49103906.40,9.2515,,,否,,,,,,否,304925337,36504000,4433614399.98,530768160.00,,,,14.40,14.32,14.66,14.42,13.64,11.42,9.33,1993-10-18,2018-04-27
2007-05-25,600680,*ST上普,电子元件,14.51,14.99,14.42,14.87,14.42,3657259,54383441.33,10.0188,,,否,,,,,,否,304925337,36504000,4534239761.19,542814480.00,,,,14.54,14.36,14.63,14.47,13.69,11.48,9.36,1993-10-18,2018-04-27
2007-05-28,600680,*ST上普,电子元件,14.97,15.24,14.86,15.14,14.86,4477443,67788487.02,12.2656,,,否,,,,,,否,304925337,36504000,4616569602.18,552670560.00,,,,14.76,14.42,14.60,14.52,13.73,11.54,9.39,1993-10-18,2018-04-27
2007-05-29,600680,*ST上普,电子元件,15.22,15.48,14.66,15.21,14.66,4646730,70676763.30,12.7294,,,否,,,,,,否,304925337,36504000,4637914375.77,555225840.00,,,,14.94,14.57,14.59,14.57,13.78,11.61,9.42,1993-10-18,2018-04-27
2007-05-30,600680,*ST上普,电子元件,14.7,14.94,13.69,13.69,13.69,2931077,40126444.13,8.0295,,,否,,,,,,否,304925337,36504000,4174427863.53,499739760.00,,,,14.69,14.55,14.55,14.57,13.79,11.65,9.44,1993-10-18,2018-04-27
2007-05-31,600680,*ST上普,电子元件,13.41,13.44,12.32,12.32,12.32,3429724,42254199.68,9.3955,,,否,,,,,,否,304925337,36504000,3756680151.84,449729280.00,,,,14.25,14.32,14.41,14.51,13.77,11.69,9.46,1993-10-18,2018-04-27
2007-06-01,600680,*ST上普,电子元件,12.11,12.56,11.09,11.09,11.09,3414151,37862934.59,9.3528,,,否,,,,,,否,304925337,36504000,3381621987.33,404829360.00,,,,13.49,14.02,14.25,14.43,13.74,11.71,9.47,1993-10-18,2018-04-27
2007-06-04,600680,*ST上普,电子元件,11.09,11.47,9.98,9.98,9.98,3020844,30148023.12,8.2754,,,否,,,,,,否,304925337,36504000,3043154863.26,364309920.00,,,,12.46,13.61,14.04,14.30,13.70,11.72,9.48,1993-10-18,2018-04-27
2007-06-05,600680,*ST上普,电子元件,9.62,10.47,9.12,10.46,9.12,2733732,28594836.72,7.4889,,,否,,,,,,否,304925337,36504000,3189519025.02,381831840.00,,,,11.51,13.22,13.82,14.17,13.68,11.74,9.49,1993-10-18,2018-04-27
2007-06-06,600680,*ST上普,电子元件,10.57,10.77,10.06,10.37,10.06,2456740,25476393.80,6.7301,,,否,,,,,,否,304925337,36504000,3162075744.69,378546480.00,,,,10.84,12.77,13.57,14.03,13.64,11.76,9.50,1993-10-18,2018-04-27
2007-06-07,600680,*ST上普,电子元件,10.51,11.35,10.22,11.27,10.22,3577407,40317376.89,9.8000,,,否,,,,,,否,304925337,36504000,3436508547.99,411400080.00,,,,10.63,12.44,13.38,13.92,13.63,11.78,9.51,1993-10-18,2018-04-27
2007-06-08,600680,*ST上普,电子元件,11.27,11.61,10.97,11.55,10.97,3941087,45519554.85,10.7963,,,否,,,,,,否,304925337,36504000,3521887642.35,421621200.00,,,,10.73,12.11,13.24,13.79,13.62,11.81,9.53,1993-10-18,2018-04-27
2007-06-11,600680,*ST上普,电子元件,11.5,11.57,11.19,11.46,11.19,3381562,38752700.52,9.2635,,,否,,,,,,否,304925337,36504000,3494444362.02,418335840.00,,,,11.02,11.74,13.08,13.64,13.60,11.84,9.55,1993-10-18,2018-04-27
2007-06-12,600680,*ST上普,电子元件,11.47,11.95,10.32,11.71,10.32,3606781,42235405.51,9.8805,,,否,,,,,,否,304925337,36504000,3570675696.27,427461840.00,,,,11.27,11.39,12.98,13.53,13.58,11.85,9.56,1993-10-18,2018-04-27
2007-06-13,600680,*ST上普,电子元件,11.67,12.34,11.47,12.27,11.47,4278361,52495489.47,11.7203,,,否,,,,,,否,304925337,36504000,3741433884.99,447904080.00,,,,11.65,11.25,12.90,13.45,13.57,11.88,9.58,1993-10-18,2018-04-27
2007-06-14,600680,*ST上普,电子元件,12.26,12.46,11.92,12.04,11.92,5741478,69127395.12,15.7284,,,否,,,,,,否,304925337,36504000,3671301057.48,439508160.00,,,,11.81,11.22,12.77,13.35,13.56,11.91,9.60,1993-10-18,2018-04-27
2007-06-15,600680,*ST上普,电子元件,11.96,11.97,11.32,11.56,11.32,1882854,21765792.24,5.1579,,,否,,,,,,否,304925337,36504000,3524936895.72,421986240.00,,,,11.81,11.27,12.64,13.25,13.55,11.94,9.62,1993-10-18,2018-04-27
2007-06-18,600680,*ST上普,电子元件,11.68,12.01,11.55,11.73,11.55,1872773,21967627.29,5.1303,,,否,,,,,,否,304925337,36504000,3576774203.01,428191920.00,,,,11.86,11.44,12.52,13.17,13.53,11.96,9.63,1993-10-18,2018-04-27
2007-06-19,600680,*ST上普,电子元件,11.77,11.91,11.53,11.88,11.53,1871731,22236164.28,5.1275,,,否,,,,,,否,304925337,36504000,3622513003.56,433667520.00,,,,11.90,11.58,12.40,13.07,13.52,11.99,9.65,1993-10-18,2018-04-27
2007-06-20,600680,*ST上普,电子元件,11.92,12.14,11.27,11.38,11.27,2079380,23663344.40,5.6963,,,否,,,,,,否,304925337,36504000,3470050335.06,415415520.00,,,,11.72,11.69,12.23,12.94,13.49,12.02,9.67,1993-10-18,2018-04-27
2007-06-21,600680,*ST上普,电子元件,11.27,11.57,10.88,10.97,10.88,1554209,17049672.73,4.2576,,,否,,,,,,否,304925337,36504000,3345030946.89,400448880.00,,,,11.50,11.66,12.05,12.81,13.46,12.04,9.68,1993-10-18,2018-04-27
2007-06-22,600680,*ST上普,电子元件,10.97,11.15,9.95,10.15,9.95,1788142,18149641.30,4.8985,,,否,,,,,,否,304925337,36504000,3094992170.55,370515600.00,,,,11.22,11.52,11.81,12.66,13.42,12.04,9.69,1993-10-18,2018-04-27
2007-06-25,600680,*ST上普,电子元件,10.25,10.27,9.17,9.28,9.17,1374447,12754868.16,3.7652,,,否,,,,,,否,304925337,36504000,2829707127.36,338757120.00,,,,10.73,11.30,11.52,12.49,13.35,12.04,9.69,1993-10-18,2018-04-27
2007-06-26,600680,*ST上普,电子元件,9.25,9.76,9.08,9.75,9.08,1310013,12772626.75,3.5887,,,否,,,,,,否,304925337,36504000,2973022035.75,355914000.00,,,,10.31,11.10,11.25,12.35,13.27,12.05,9.70,1993-10-18,2018-04-27
2007-06-27,600680,*ST上普,电子元件,9.71,9.95,9.58,9.89,9.58,1076049,10642124.61,2.9478,,,否,,,,,,否,304925337,36504000,3015711582.93,361024560.00,,,,10.01,10.86,11.06,12.22,13.21,12.06,9.71,1993-10-18,2018-04-27
2007-06-29,600680,*ST上普,电子元件,9.07,9.39,8.9,8.9,8.9,1450453,12909031.70,3.9734,,,否,,,,,,否,304925337,36504000,2713835499.30,324885600.00,,,,9.59,10.55,10.88,12.03,13.14,12.06,9.72,1993-10-18,2018-04-27
2007-07-02,600680,*ST上普,电子元件,8.75,9.13,8.48,9.06,8.48,1170972,10609006.32,3.2078,,,否,,,,,,否,304925337,36504000,2762623553.22,330726240.00,,,,9.38,10.30,10.78,11.86,13.07,12.06,9.72,1993-10-18,2018-04-27
2007-07-03,600680,*ST上普,电子元件,9.15,9.15,8.78,9.05,8.78,717764,6495764.20,1.9663,,,否,,,,,,否,304925337,36504000,2759574299.85,330361200.00,,,,9.33,10.03,10.74,11.69,13.00,12.06,9.72,1993-10-18,2018-04-27
2007-07-04,600680,*ST上普,电子元件,9.08,9.09,8.62,8.65,8.62,744538,6440253.70,2.0396,,,否,,,,,,否,304925337,36504000,2637604165.05,315759600.00,,,,9.11,9.71,10.65,11.50,12.92,12.06,9.73,1993-10-18,2018-04-27
2007-07-05,600680,*ST上普,电子元件,8.58,8.82,8.45,8.58,8.45,1217782,10448569.56,3.3360,,,否,,,,,,否,304925337,36504000,2616259391.46,313204320.00,,,,8.85,9.43,10.56,11.29,12.84,12.06,9.73,1993-10-18,2018-04-27
2007-07-06,600680,*ST上普,电子元件,8.62,9.1,8.46,9.01,8.46,1243853,11207115.53,3.4074,,,否,,,,,,否,304925337,36504000,2747377286.37,328901040.00,,,,8.87,9.23,10.44,11.11,12.76,12.07,9.74,1993-10-18,2018-04-27
2007-07-09,600680,*ST上普,电子元件,9.02,9.25,8.97,9.2,8.97,1281733,11791943.60,3.5112,,,否,,,,,,否,304925337,36504000,2805313100.40,335836800.00,,,,8.90,9.14,10.33,10.92,12.69,12.08,9.74,1993-10-18,2018-04-27
2007-07-10,600680,*ST上普,电子元件,9.18,9.19,8.61,8.77,8.61,961566,8432933.82,2.6341,,,否,,,,,,否,304925337,36504000,2674195205.49,320140080.00,,,,8.84,9.09,10.19,10.71,12.61,12.08,9.75,1993-10-18,2018-04-27
2007-07-11,600680,*ST上普,电子元件,8.77,8.97,8.64,8.92,8.64,625132,5576177.44,1.7125,,,否,,,,,,否,304925337,36504000,2719934006.04,325615680.00,,,,8.90,9.00,10.05,10.50,12.54,12.08,9.75,1993-10-18,2018-04-27
2007-07-12,600680,*ST上普,电子元件,8.97,9.05,8.77,9.03,8.77,678264,6124723.92,1.8581,,,否,,,,,,否,304925337,36504000,2753475793.11,329631120.00,,,,8.99,8.92,9.89,10.34,12.46,12.08,9.75,1993-10-18,2018-04-27
2007-07-13,600680,*ST上普,电子元件,9.07,9.07,8.82,8.85,8.82,370642,3280181.70,1.0153,,,否,,,,,,否,304925337,36504000,2698589232.45,323060400.00,,,,8.95,8.91,9.73,10.23,12.37,12.07,9.76,1993-10-18,2018-04-27
2007-07-16,600680,*ST上普,电子元件,8.84,9.05,8.71,8.72,8.71,373897,3260381.84,1.0243,,,否,,,,,,否,304925337,36504000,2658948938.64,318314880.00,,,,8.86,8.88,9.59,10.15,12.29,12.08,9.76,1993-10-18,2018-04-27
2007-07-17,600680,*ST上普,电子元件,8.75,9.31,8.48,9.15,8.48,1577189,14431279.35,4.3206,,,否,,,,,,否,304925337,36504000,2790066833.55,334011600.00,,,,8.93,8.89,9.46,10.12,12.21,12.08,9.76,1993-10-18,2018-04-27
2007-07-18,600680,*ST上普,电子元件,9.14,9.24,9.0,9.12,9.0,974021,8883071.52,2.6683,,,否,,,,,,否,304925337,36504000,2780919073.44,332916480.00,,,,8.97,8.94,9.32,10.08,12.12,12.08,9.77,1993-10-18,2018-04-27
2007-07-19,600680,*ST上普,电子元件,9.17,9.58,9.12,9.5,9.12,1642328,15602116.00,4.4990,,,否,,,,,,否,304925337,36504000,2896790701.50,346788000.00,,,,9.07,9.03,9.23,10.05,12.04,12.08,9.77,1993-10-18,2018-04-27
2007-07-20,600680,*ST上普,电子元件,9.52,9.72,9.32,9.58,9.32,1710434,16385957.72,4.6856,,,否,,,,,,否,304925337,36504000,2921184728.46,349708320.00,,,,9.21,9.08,9.16,9.99,11.96,12.08,9.78,1993-10-18,2018-04-27
2007-07-23,600680,*ST上普,电子元件,9.48,10.06,9.48,9.97,9.48,2165536,21590393.92,5.9323,,,否,,,,,,否,304925337,36504000,3040105609.89,363944880.00,,,,9.46,9.16,9.15,9.94,11.86,12.08,9.79,1993-10-18,2018-04-27
2007-07-24,600680,*ST上普,电子元件,10.02,10.97,9.77,10.57,9.77,3784547,40002661.79,10.3675,,,否,,,,,,否,304925337,36504000,3223060812.09,385847280.00,,,,9.75,9.34,9.21,9.91,11.78,12.09,9.80,1993-10-18,2018-04-27
2007-07-25,600680,*ST上普,电子元件,10.49,10.97,10.48,10.71,10.48,2304062,24676504.02,6.3118,,,否,,,,,,否,304925337,36504000,3265750359.27,390957840.00,,,,10.07,9.52,9.26,9.87,11.70,12.09,9.81,1993-10-18,2018-04-27
2007-07-26,600680,*ST上普,电子元件,10.8,10.9,10.47,10.82,10.47,1926709,20846991.38,5.2781,,,否,,,,,,否,304925337,36504000,3299292146.34,394973280.00,,,,10.33,9.70,9.31,9.83,11.64,12.09,9.82,1993-10-18,2018-04-27
2007-07-27,600680,*ST上普,电子元件,10.52,11.91,10.37,11.91,10.37,7427680,88463668.80,9.7691,,,否,,,,,,是,304925337,76032187,3631660763.67,905543347.17,,,,10.80,10.01,9.46,9.82,11.59,12.11,9.84,1993-10-18,2018-04-27
2007-07-31,600680,*ST上普,电子元件,13.09,13.09,12.41,13.09,12.41,5010179,65583243.11,6.5896,,,否,,,,,,是,304925337,76032187,3991472661.33,995261327.83,,,,11.42,10.44,9.66,9.87,11.56,12.14,9.87,1993-10-18,2018-04-27
2007-08-01,600680,*ST上普,电子元件,12.96,13.38,11.79,11.8,11.79,9292873,109655901.40,12.2223,,,否,,,,,,否,304925337,76032187,3598118976.60,897179806.60,,,,11.67,10.71,9.80,9.88,11.52,12.15,9.88,1993-10-18,2018-04-27
2007-08-02,600680,*ST上普,电子元件,11.8,12.97,11.77,12.97,11.77,5598155,72608070.35,7.3629,,,否,,,,,,是,304925337,76032187,3954881620.89,986137465.39,,,,12.12,11.09,10.01,9.91,11.49,12.17,9.91,1993-10-18,2018-04-27
2007-08-03,600680,*ST上普,电子元件,13.76,13.76,12.82,13.03,12.82,5137536,66942094.08,6.7571,,,否,,,,,,否,304925337,76032187,3973177141.11,990699396.61,,,,12.56,11.45,10.24,9.97,11.45,12.19,9.93,1993-10-18,2018-04-27
2007-08-06,600680,*ST上普,电子元件,12.86,13.05,12.29,12.92,12.29,2767756,35759407.52,3.6402,,,否,,,,,,否,304925337,76032187,3939635354.04,982335856.04,,,,12.76,11.78,10.43,10.03,11.42,12.21,9.95,1993-10-18,2018-04-27
2007-08-07,600680,*ST上普,电子元件,12.77,12.91,12.16,12.81,12.16,3309687,42397090.47,4.3530,,,否,,,,,,否,304925337,76032187,3906093566.97,973972315.47,,,,12.71,12.06,10.61,10.12,11.39,12.24,9.97,1993-10-18,2018-04-27
2007-08-08,600680,*ST上普,电子元件,12.84,12.84,12.07,12.68,12.07,2290127,29038810.36,3.0120,,,否,,,,,,否,304925337,76032187,3866453273.16,964088131.16,,,,12.88,12.27,10.81,10.23,11.36,12.26,9.98,1993-10-18,2018-04-27
2007-08-09,600680,*ST上普,电子元件,12.67,13.51,12.52,12.73,12.52,2694062,34295409.26,3.5433,,,否,,,,,,否,304925337,76032187,3881699540.01,967889740.51,,,,12.83,12.48,11.00,10.33,11.34,12.29,10.00,1993-10-18,2018-04-27
2007-08-10,600680,*ST上普,电子元件,12.64,12.86,11.92,12.51,11.92,1777255,22233460.05,2.3375,,,否,,,,,,否,304925337,76032187,3814615965.87,951162659.37,,,,12.73,12.65,11.17,10.42,11.32,12.31,10.01,1993-10-18,2018-04-27
2007-08-13,600680,*ST上普,电子元件,12.26,12.53,11.77,12.0,11.77,1182673,14192076.00,1.5555,,,否,,,,,,否,304925337,76032187,3659104044.00,912386244.00,,,,12.55,12.65,11.33,10.52,11.28,12.32,10.01,1993-10-18,2018-04-27
2007-08-14,600680,*ST上普,电子元件,12.06,12.36,11.87,12.25,11.87,1324873,16229694.25,1.7425,,,否,,,,,,否,304925337,76032187,3735335378.25,931394290.75,,,,12.43,12.57,11.51,10.63,11.25,12.33,10.03,1993-10-18,2018-04-27
2007-08-15,600680,*ST上普,电子元件,12.26,12.31,11.07,12.21,11.07,1480546,18077466.66,1.9473,,,否,,,,,,否,304925337,76032187,3723138364.77,928353003.27,,,,12.34,12.61,11.66,10.74,11.21,12.34,10.06,1993-10-18,2018-04-27
2007-08-16,600680,*ST上普,电子元件,12.21,12.21,11.75,12.0,11.75,775087,9301044.00,1.0194,,,否,,,,,,否,304925337,76032187,3659104044.00,912386244.00,,,,12.19,12.51,11.80,10.85,11.18,12.35,10.08,1993-10-18,2018-04-27
2007-08-17,600680,*ST上普,电子元件,11.89,12.18,11.87,11.92,11.87,687381,8193581.52,0.9041,,,否,,,,,,否,304925337,76032187,3634710017.04,906303669.04,,,,12.08,12.40,11.92,10.96,11.13,12.36,10.10,1993-10-18,2018-04-27
2007-08-20,600680,*ST上普,电子元件,11.89,12.44,11.89,12.3,11.89,1533315,18859774.50,2.0167,,,否,,,,,,否,304925337,76032187,3750581645.10,935195900.10,,,,12.14,12.34,12.06,11.07,11.09,12.36,10.13,1993-10-18,2018-04-27
2007-08-21,600680,*ST上普,电子元件,12.28,12.29,12.09,12.2,12.09,1207183,14727632.60,1.5877,,,否,,,,,,否,304925337,76032187,3720089111.40,927592681.40,,,,12.13,12.28,12.17,11.17,11.04,12.36,10.15,1993-10-18,2018-04-27
2007-08-22,600680,*ST上普,电子元件,12.02,12.61,11.97,12.5,11.97,2038158,25476975.00,2.6807,,,否,,,,,,否,304925337,76032187,3811566712.50,950402337.50,,,,12.18,12.26,12.27,11.29,11.00,12.36,10.18,1993-10-18,2018-04-27
2007-08-23,600680,*ST上普,电子元件,12.57,12.74,12.28,12.58,12.28,1438281,18093574.98,1.8917,,,否,,,,,,否,304925337,76032187,3835960739.46,956484912.46,,,,12.30,12.25,12.36,11.41,10.96,12.37,10.20,1993-10-18,2018-04-27
2007-08-24,600680,*ST上普,电子元件,12.71,12.71,12.16,12.31,12.16,1644695,20246195.45,2.1632,,,否,,,,,,否,304925337,76032187,3753630898.47,935956221.97,,,,12.38,12.23,12.44,11.52,10.93,12.36,10.23,1993-10-18,2018-04-27
2007-08-27,600680,*ST上普,电子元件,12.34,12.37,11.97,12.07,11.97,1436644,17340293.08,1.8895,,,否,,,,,,否,304925337,76032187,3680448817.59,917708497.09,,,,12.33,12.23,12.44,11.63,10.93,12.35,10.25,1993-10-18,2018-04-27
2007-08-28,600680,*ST上普,电子元件,11.97,11.97,11.63,11.67,11.63,1665245,19433409.15,2.1902,,,否,,,,,,否,304925337,76032187,3558478682.79,887295622.29,,,,12.23,12.18,12.37,11.73,10.94,12.34,10.28,1993-10-18,2018-04-27
2007-08-29,600680,*ST上普,电子元件,11.7,11.92,11.45,11.49,11.45,1168298,13423744.02,1.5366,,,否,,,,,,否,304925337,76032187,3503592122.13,873609828.63,,,,12.02,12.10,12.36,11.81,10.96,12.33,10.30,1993-10-18,2018-04-27
2007-08-30,600680,*ST上普,电子元件,11.67,12.21,11.49,12.01,11.49,1447601,17385688.01,1.9039,,,否,,,,,,否,304925337,76032187,3662153297.37,913146565.87,,,,11.91,12.11,12.31,11.90,10.99,12.33,10.32,1993-10-18,2018-04-27
2007-08-31,600680,*ST上普,电子元件,12.06,12.44,11.93,12.25,11.93,1729001,21180262.25,2.2740,,,否,,,,,,否,304925337,76032187,3735335378.25,931394290.75,,,,11.90,12.14,12.27,12.00,11.02,12.33,10.34,1993-10-18,2018-04-27
2007-09-03,600680,*ST上普,电子元件,12.36,13.48,12.31,12.94,12.31,3972077,51398676.38,5.2242,,,否,,,,,,否,304925337,76032187,3945733860.78,983856499.78,,,,12.07,12.20,12.27,12.11,11.05,12.34,10.37,1993-10-18,2018-04-27
2007-09-04,600680,*ST上普,电子元件,12.86,13.44,12.53,12.86,12.53,2517683,32377403.38,3.3113,,,否,,,,,,否,304925337,76032187,3921339833.82,977773924.82,,,,12.31,12.27,12.27,12.20,11.07,12.34,10.40,1993-10-18,2018-04-27
2007-09-05,600680,*ST上普,电子元件,12.74,12.96,12.55,12.66,12.55,1408927,17837015.82,1.8531,,,否,,,,,,否,304925337,76032187,3860354766.42,962567487.42,,,,12.54,12.28,12.27,12.27,11.09,12.34,10.42,1993-10-18,2018-04-27
2007-09-06,600680,*ST上普,电子元件,12.71,12.95,12.59,12.71,12.59,1688551,21461483.21,2.2208,,,否,,,,,,否,304925337,76032187,3875601033.27,966369096.77,,,,12.68,12.30,12.27,12.34,11.11,12.34,10.45,1993-10-18,2018-04-27
2007-09-07,600680,*ST上普,电子元件,12.76,12.76,11.97,12.07,11.97,1642324,19822850.68,2.1600,,,否,,,,,,否,304925337,76032187,3680448817.59,917708497.09,,,,12.65,12.27,12.25,12.38,11.10,12.34,10.47,1993-10-18,2018-04-27
2007-09-10,600680,*ST上普,电子元件,11.97,12.63,11.87,12.51,11.87,3643172,45576081.72,4.7916,,,否,,,,,,否,304925337,76032187,3814615965.87,951162659.37,,,,12.56,12.32,12.28,12.40,11.11,12.34,10.49,1993-10-18,2018-04-27
2007-09-11,600680,*ST上普,电子元件,12.58,13.26,12.34,12.43,12.34,6599483,82031573.69,8.6799,,,否,,,,,,否,304925337,76032187,3790221938.91,945080084.41,,,,12.48,12.39,12.28,12.38,11.13,12.34,10.51,1993-10-18,2018-04-27
2007-09-12,600680,*ST上普,电子元件,12.26,12.46,11.57,12.14,11.57,2140347,25983812.58,2.8151,,,否,,,,,,否,304925337,76032187,3701793591.18,923030750.18,,,,12.37,12.46,12.28,12.39,11.13,12.33,10.54,1993-10-18,2018-04-27
2007-09-13,600680,*ST上普,电子元件,11.88,12.26,11.77,11.97,11.77,1591739,19053115.83,2.0935,,,否,,,,,,否,304925337,76032187,3649956283.89,910105278.39,,,,12.22,12.45,12.28,12.36,11.13,12.33,10.56,1993-10-18,2018-04-27
2007-09-14,600680,*ST上普,电子元件,11.97,13.16,11.97,13.16,11.97,4703866,61902876.56,6.1867,,,否,,,,,,是,304925337,76032187,4012817434.92,1000583580.92,,,,12.44,12.55,12.34,12.36,11.16,12.33,10.58,1993-10-18,2018-04-27
2007-09-18,600680,*ST上普,电子元件,13.35,13.61,12.61,12.84,12.61,3672727,47157814.68,4.8305,,,否,,,,,,否,304925337,76032187,3915241327.08,976253281.08,,,,12.51,12.54,12.37,12.36,11.20,12.33,10.61,1993-10-18,2018-04-27
2007-09-19,600680,*ST上普,电子元件,12.71,13.33,12.43,12.66,12.43,2446557,30973411.62,3.2178,,,否,,,,,,否,304925337,76032187,3860354766.42,962567487.42,,,,12.55,12.52,12.39,12.35,11.24,12.33,10.63,1993-10-18,2018-04-27
2007-09-20,600680,*ST上普,电子元件,12.71,13.06,12.62,12.9,12.62,2104285,27145276.50,2.7676,,,否,,,,,,否,304925337,76032187,3933536847.30,980815212.30,,,,12.71,12.54,12.41,12.36,11.30,12.32,10.65,1993-10-18,2018-04-27
2007-09-21,600680,*ST上普,电子元件,12.91,13.14,12.14,12.38,12.14,1953624,24185865.12,2.5695,,,否,,,,,,否,304925337,76032187,3774975672.06,941278475.06,,,,12.79,12.51,12.40,12.35,11.34,12.31,10.67,1993-10-18,2018-04-27
2007-09-24,600680,*ST上普,电子元件,12.41,12.64,11.97,12.16,11.97,1216311,14790341.76,1.5997,,,否,,,,,,否,304925337,76032187,3707892097.92,924551393.92,,,,12.59,12.52,12.39,12.34,11.38,12.29,10.69,1993-10-18,2018-04-27
2007-09-25,600680,*ST上普,电子元件,12.16,12.62,12.07,12.27,12.07,1039906,12759646.62,1.3677,,,否,,,,,,否,304925337,76032187,3741433884.99,932914934.49,,,,12.47,12.49,12.40,12.35,11.44,12.29,10.71,1993-10-18,2018-04-27
2007-09-26,600680,*ST上普,电子元件,12.31,12.52,11.79,11.89,11.79,980085,11653210.65,1.2890,,,否,,,,,,否,304925337,76032187,3625562256.93,904022703.43,,,,12.32,12.44,12.42,12.34,11.48,12.28,10.73,1993-10-18,2018-04-27
2007-09-27,600680,*ST上普,电子元件,11.87,12.07,11.78,11.95,11.78,979567,11705825.65,1.2884,,,否,,,,,,否,304925337,76032187,3643857777.15,908584634.65,,,,12.13,12.42,12.44,12.33,11.53,12.26,10.75,1993-10-18,2018-04-27
2007-09-28,600680,*ST上普,电子元件,12.0,12.56,12.0,12.28,12.0,1020449,12531113.72,1.3421,,,否,,,,,,否,304925337,76032187,3744483138.36,933675256.36,,,,12.11,12.45,12.45,12.34,11.59,12.26,10.78,1993-10-18,2018-04-27
2007-10-08,600680,*ST上普,电子元件,12.39,12.54,12.04,12.14,12.04,841142,10211463.88,1.1063,,,否,,,,,,否,304925337,76032187,3701793591.18,923030750.18,,,,12.11,12.35,12.45,12.34,11.65,12.24,10.79,1993-10-18,2018-04-27
2007-10-09,600680,*ST上普,电子元件,12.07,12.26,11.97,12.21,11.97,950406,11604457.26,1.2500,,,否,,,,,,否,304925337,76032187,3723138364.77,928353003.27,,,,12.09,12.28,12.41,12.34,11.70,12.23,10.81,1993-10-18,2018-04-27
2007-10-10,600680,*ST上普,电子元件,12.17,12.28,11.96,12.0,11.96,960076,11520912.00,1.2627,,,否,,,,,,否,304925337,76032187,3659104044.00,912386244.00,,,,12.12,12.22,12.37,12.33,11.75,12.22,10.83,1993-10-18,2018-04-27
2007-10-11,600680,*ST上普,电子元件,12.0,12.05,11.38,11.45,11.38,1658701,18992126.45,2.1816,,,否,,,,,,否,304925337,76032187,3491395108.65,870568541.15,,,,12.02,12.07,12.31,12.30,11.80,12.20,10.85,1993-10-18,2018-04-27
2007-10-12,600680,*ST上普,电子元件,11.42,11.42,10.3,10.91,10.3,1937390,21136924.90,2.5481,,,否,,,,,,否,304925337,76032187,3326735426.67,829511160.17,,,,11.74,11.93,12.22,12.24,11.83,12.18,10.86,1993-10-18,2018-04-27
2007-10-15,600680,*ST上普,电子元件,10.95,10.97,10.49,10.79,10.49,914203,9864250.37,1.2024,,,否,,,,,,否,304925337,76032187,3290144386.23,820387297.73,,,,11.47,11.79,12.15,12.19,11.86,12.16,10.87,1993-10-18,2018-04-27
2007-10-16,600680,*ST上普,电子元件,10.89,11.87,10.67,11.87,10.67,3041370,36101061.90,4.0001,,,否,,,,,,是,304925337,76032187,3619463750.19,902502059.69,,,,11.40,11.75,12.12,12.19,11.91,12.14,10.89,1993-10-18,2018-04-27
2007-10-18,600680,*ST上普,电子元件,11.48,11.77,11.28,11.44,11.28,1512419,17302073.36,1.9892,,,否,,,,,,否,304925337,76032187,3488345855.28,869808219.28,,,,11.29,11.70,12.07,12.18,11.95,12.12,10.91,1993-10-18,2018-04-27
2007-10-19,600680,*ST上普,电子元件,11.42,11.57,10.97,11.02,10.97,713610,7863982.20,0.9386,,,否,,,,,,否,304925337,76032187,3360277213.74,837874700.74,,,,11.21,11.61,12.01,12.16,11.98,12.10,10.92,1993-10-18,2018-04-27
2007-10-22,600680,*ST上普,电子元件,10.97,10.97,10.27,10.33,10.27,726790,7507740.70,0.9559,,,否,,,,,,否,304925337,76032187,3149878731.21,785412491.71,,,,11.09,11.42,11.93,12.11,12.01,12.06,10.93,1993-10-18,2018-04-27
2007-10-23,600680,*ST上普,电子元件,10.34,10.57,10.07,10.5,10.07,627471,6588445.50,0.8253,,,否,,,,,,否,304925337,76032187,3201716038.50,798337963.50,,,,11.03,11.25,11.80,12.05,12.02,12.03,10.94,1993-10-18,2018-04-27
2007-10-24,600680,*ST上普,电子元件,10.24,10.75,9.98,10.1,9.98,509207,5142990.70,0.6697,,,否,,,,,,否,304925337,76032187,3079745903.70,767925088.70,,,,10.68,11.04,11.66,11.95,12.03,11.99,10.95,1993-10-18,2018-04-27
2007-10-25,600680,*ST上普,电子元件,10.3,10.3,9.09,9.09,9.09,887624,8068502.16,1.1674,,,否,,,,,,否,304925337,76032187,2771771313.33,691132579.83,,,,10.21,10.75,11.48,11.83,12.02,11.94,10.96,1993-10-18,2018-04-27
2007-10-26,600680,*ST上普,电子元件,9.06,9.28,8.77,9.15,8.77,551137,5042903.55,0.7249,,,否,,,,,,否,304925337,76032187,2790066833.55,695694511.05,,,,9.83,10.52,11.30,11.71,11.99,11.88,10.96,1993-10-18,2018-04-27
2007-10-29,600680,*ST上普,电子元件,9.27,9.27,8.77,9.15,8.77,517393,4734145.95,0.6805,,,否,,,,,,否,304925337,76032187,2790066833.55,695694511.05,,,,9.60,10.34,11.14,11.59,11.97,11.83,10.97,1993-10-18,2018-04-27
2007-10-30,600680,*ST上普,电子元件,9.22,9.47,8.96,9.36,8.96,631723,5912927.28,0.8309,,,否,,,,,,否,304925337,76032187,2854101154.32,711661270.32,,,,9.37,10.20,11.00,11.50,11.94,11.79,10.97,1993-10-18,2018-04-27
2007-10-31,600680,*ST上普,电子元件,9.42,9.82,9.27,9.81,9.27,697058,6838138.98,0.9168,,,否,,,,,,否,304925337,76032187,2991317555.97,745875754.47,,,,9.31,10.00,10.87,11.41,11.91,11.75,10.98,1993-10-18,2018-04-27
2007-11-01,600680,*ST上普,电子元件,9.74,10.12,9.38,9.87,9.38,838127,8272313.49,1.1023,,,否,,,,,,否,304925337,76032187,3009613076.19,750437685.69,,,,9.47,9.84,10.77,11.33,11.85,11.71,10.99,1993-10-18,2018-04-27
2007-11-02,600680,*ST上普,电子元件,9.66,9.67,9.37,9.46,9.37,454065,4295454.90,0.5972,,,否,,,,,,否,304925337,76032187,2884593688.02,719264489.02,,,,9.53,9.68,10.65,11.24,11.81,11.67,11.00,1993-10-18,2018-04-27
2007-11-05,600680,*ST上普,电子元件,9.35,10.4,9.35,9.98,9.35,921807,9199633.86,1.2124,,,否,,,,,,否,304925337,76032187,3043154863.26,758801226.26,,,,9.70,9.65,10.53,11.17,11.76,11.63,11.00,1993-10-18,2018-04-27
2007-11-06,600680,*ST上普,电子元件,9.97,10.32,9.77,10.02,9.77,531554,5326171.08,0.6991,,,否,,,,,,否,304925337,76032187,3055351876.74,761842513.74,,,,9.83,9.60,10.43,11.07,11.71,11.58,11.01,1993-10-18,2018-04-27
2007-11-07,600680,*ST上普,电子元件,10.12,10.12,9.6,9.85,9.6,319446,3146543.10,0.4201,,,否,,,,,,否,304925337,76032187,3003514569.45,748917041.95,,,,9.84,9.57,10.31,10.97,11.66,11.54,11.02,1993-10-18,2018-04-27
2007-11-08,600680,*ST上普,电子元件,9.84,9.85,9.37,9.38,9.37,575848,5401454.24,0.7574,,,否,,,,,,否,304925337,76032187,2860199661.06,713181914.06,,,,9.74,9.60,10.18,10.86,11.61,11.50,11.03,1993-10-18,2018-04-27
2007-11-09,600680,*ST上普,电子元件,9.34,9.75,9.18,9.44,9.18,381475,3601124.00,0.5017,,,否,,,,,,否,304925337,76032187,2878495181.28,717743845.28,,,,9.73,9.63,10.08,10.74,11.55,11.46,11.04,1993-10-18,2018-04-27
2007-11-12,600680,*ST上普,电子元件,9.37,9.71,9.18,9.64,9.18,467105,4502892.20,0.6144,,,否,,,,,,否,304925337,76032187,2939480248.68,732950282.68,,,,9.67,9.68,10.01,10.65,11.50,11.42,11.05,1993-10-18,2018-04-27
2007-11-13,600680,*ST上普,电子元件,9.72,10.23,9.57,9.85,9.57,836170,8236274.50,1.0998,,,否,,,,,,否,304925337,76032187,3003514569.45,748917041.95,,,,9.63,9.73,9.97,10.57,11.46,11.39,11.06,1993-10-18,2018-04-27
2007-11-14,600680,*ST上普,电子元件,9.85,10.33,9.81,10.18,9.81,1125944,11462109.92,1.4809,,,否,,,,,,否,304925337,76032187,3104139930.66,774007663.66,,,,9.70,9.77,9.88,10.50,11.43,11.35,11.07,1993-10-18,2018-04-27
2007-11-15,600680,*ST上普,电子元件,10.3,10.35,9.88,10.2,9.88,770145,7855479.00,1.0129,,,否,,,,,,否,304925337,76032187,3110238437.40,775528307.40,,,,9.86,9.80,9.82,10.45,11.39,11.32,11.08,1993-10-18,2018-04-27
2007-11-16,600680,*ST上普,电子元件,9.98,10.19,9.9,10.01,9.9,385380,3857653.80,0.5069,,,否,,,,,,否,304925337,76032187,3052302623.37,761082191.87,,,,9.98,9.86,9.77,10.38,11.35,11.28,11.09,1993-10-18,2018-04-27
2007-11-19,600680,*ST上普,电子元件,10.24,10.4,9.93,10.28,9.93,583037,5993620.36,0.7668,,,否,,,,,,否,304925337,76032187,3134632464.36,781610882.36,,,,10.10,9.89,9.77,10.32,11.33,11.25,11.11,1993-10-18,2018-04-27
2007-11-20,600680,*ST上普,电子元件,10.24,11.17,10.11,10.83,10.11,2422340,26233942.20,3.1859,,,否,,,,,,否,304925337,76032187,3302341399.71,823428585.21,,,,10.30,9.97,9.78,10.27,11.31,11.22,11.12,1993-10-18,2018-04-27
2007-11-21,600680,*ST上普,电子元件,11.07,11.67,10.57,10.7,10.57,1853222,19829475.40,2.4374,,,否,,,,,,否,304925337,76032187,3262701105.90,813544400.90,,,,10.40,10.05,9.81,10.22,11.28,11.18,11.13,1993-10-18,2018-04-27
2007-11-22,600680,*ST上普,电子元件,10.47,10.7,9.95,9.99,9.95,656473,6558165.27,0.8634,,,否,,,,,,否,304925337,76032187,3046204116.63,759561548.13,,,,10.36,10.11,9.86,10.16,11.24,11.14,11.15,1993-10-18,2018-04-27
2007-11-23,600680,*ST上普,电子元件,10.57,10.57,10.12,10.24,10.12,1072239,10979727.36,1.4102,,,否,,,,,,否,304925337,76032187,3122435450.88,778569594.88,,,,10.41,10.19,9.91,10.11,11.21,11.10,11.16,1993-10-18,2018-04-27
2007-11-26,600680,*ST上普,电子元件,10.19,10.55,10.03,10.09,10.03,644208,6500058.72,0.8473,,,否,,,,,,否,304925337,76032187,3076696650.33,767164766.83,,,,10.37,10.24,9.96,10.09,11.17,11.06,11.17,1993-10-18,2018-04-27
2007-11-27,600680,*ST上普,电子元件,10.07,10.25,9.95,9.95,9.95,560084,5572835.80,0.7366,,,否,,,,,,否,304925337,76032187,3034007103.15,756520260.65,,,,10.19,10.25,9.99,10.06,11.13,11.03,11.18,1993-10-18,2018-04-27
2007-11-28,600680,*ST上普,电子元件,10.0,10.12,9.85,9.97,9.85,480030,4785899.10,0.6314,,,否,,,,,,否,304925337,76032187,3040105609.89,758040904.39,,,,10.05,10.23,10.00,10.00,11.09,11.01,11.19,1993-10-18,2018-04-27
2007-11-29,600680,*ST上普,电子元件,10.12,10.72,9.89,10.45,9.89,854644,8931029.80,1.1241,,,否,,,,,,否,304925337,76032187,3186469771.65,794536354.15,,,,10.14,10.25,10.03,9.96,11.07,11.00,11.21,1993-10-18,2018-04-27
2007-11-30,600680,*ST上普,电子元件,10.19,10.37,9.99,10.23,9.99,324683,3321507.09,0.4270,,,否,,,,,,否,304925337,76032187,3119386197.51,777809273.01,,,,10.14,10.27,10.06,9.94,11.05,11.01,11.22,1993-10-18,2018-04-27
2007-12-03,600680,*ST上普,电子元件,10.21,10.26,9.94,10.2,9.94,354374,3614614.80,0.4661,,,否,,,,,,否,304925337,76032187,3110238437.40,775528307.40,,,,10.16,10.27,10.08,9.93,11.02,11.00,11.23,1993-10-18,2018-04-27
2007-12-04,600680,*ST上普,电子元件,10.16,10.41,10.08,10.22,10.08,284810,2910758.20,0.3746,,,否,,,,,,否,304925337,76032187,3116336944.14,777048951.14,,,,10.21,10.20,10.09,9.92,10.99,11.00,11.25,1993-10-18,2018-04-27
2007-12-05,600680,*ST上普,电子元件,10.17,10.4,10.17,10.39,10.17,454134,4718452.26,0.5973,,,否,,,,,,否,304925337,76032187,3168174251.43,789974422.93,,,,10.30,10.17,10.11,9.93,10.94,11.00,11.26,1993-10-18,2018-04-27
2007-12-06,600680,*ST上普,电子元件,10.45,10.54,10.2,10.35,10.2,389236,4028592.60,0.5119,,,否,,,,,,否,304925337,76032187,3155977237.95,786933135.45,,,,10.28,10.21,10.16,9.97,10.90,10.99,11.27,1993-10-18,2018-04-27
2007-12-07,600680,*ST上普,电子元件,10.25,10.57,10.25,10.47,10.25,502332,5259416.04,0.6607,,,否,,,,,,否,304925337,76032187,3192568278.39,796056997.89,,,,10.33,10.23,10.21,10.02,10.86,10.98,11.28,1993-10-18,2018-04-27
2007-12-10,600680,*ST上普,电子元件,10.28,10.67,10.24,10.56,10.24,869155,9178276.80,1.1431,,,否,,,,,,否,304925337,76032187,3220011558.72,802899894.72,,,,10.40,10.28,10.26,10.07,10.83,10.97,11.29,1993-10-18,2018-04-27
2007-12-11,600680,*ST上普,电子元件,10.57,11.27,10.47,11.15,10.47,1857689,20713232.35,2.4433,,,否,,,,,,否,304925337,76032187,3399917507.55,847758885.05,,,,10.58,10.40,10.32,10.13,10.81,10.96,11.30,1993-10-18,2018-04-27
2007-12-12,600680,*ST上普,电子元件,11.15,11.57,10.77,11.08,10.77,1749023,19379174.84,2.3004,,,否,,,,,,否,304925337,76032187,3378572733.96,842436631.96,,,,10.72,10.51,10.37,10.17,10.79,10.95,11.31,1993-10-18,2018-04-27
2007-12-13,600680,*ST上普,电子元件,10.98,11.18,10.52,10.57,10.52,922727,9753224.39,1.2136,,,否,,,,,,否,304925337,76032187,3223060812.09,803660216.59,,,,10.77,10.52,10.39,10.19,10.76,10.94,11.32,1993-10-18,2018-04-27
2007-12-14,600680,*ST上普,电子元件,10.44,10.77,10.29,10.69,10.29,634659,6784504.71,0.8347,,,否,,,,,,否,304925337,76032187,3259651852.53,812784079.03,,,,10.81,10.57,10.42,10.23,10.73,10.93,11.33,1993-10-18,2018-04-27
2007-12-17,600680,*ST上普,电子元件,10.84,10.93,10.62,10.79,10.62,596607,6437389.53,0.7847,,,否,,,,,,否,304925337,76032187,3290144386.23,820387297.73,,,,10.86,10.63,10.45,10.26,10.71,10.92,11.34,1993-10-18,2018-04-27
2007-12-18,600680,*ST上普,电子元件,10.79,10.87,10.44,10.65,10.44,462264,4923111.60,0.6080,,,否,,,,,,否,304925337,76032187,3247454839.05,809742791.55,,,,10.76,10.67,10.44,10.28,10.67,10.92,11.35,1993-10-18,2018-04-27
2007-12-19,600680,*ST上普,电子元件,10.67,11.06,10.67,10.85,10.67,738309,8010652.65,0.9710,,,否,,,,,,否,304925337,76032187,3308439906.45,824949228.95,,,,10.71,10.72,10.44,10.31,10.64,10.92,11.36,1993-10-18,2018-04-27
2007-12-20,600680,*ST上普,电子元件,10.86,11.3,10.79,11.2,10.79,1315917,14738270.40,1.7307,,,否,,,,,,否,304925337,76032187,3415163774.40,851560494.40,,,,10.84,10.80,10.51,10.37,10.62,10.93,11.38,1993-10-18,2018-04-27
2007-12-21,600680,*ST上普,电子元件,11.0,11.37,10.97,11.34,10.97,1122853,12733153.02,1.4768,,,否,,,,,,否,304925337,76032187,3457853321.58,862205000.58,,,,10.97,10.89,10.56,10.44,10.59,10.94,11.39,1993-10-18,2018-04-27
2007-12-24,600680,*ST上普,电子元件,11.32,11.97,11.18,11.58,11.18,1990230,23046863.40,2.6176,,,否,,,,,,否,304925337,76032187,3531035402.46,880452725.46,,,,11.12,10.99,10.63,10.50,10.58,10.96,11.39,1993-10-18,2018-04-27
2007-12-25,600680,*ST上普,电子元件,11.48,11.6,11.36,11.56,11.36,721777,8343742.12,0.9493,,,否,,,,,,否,304925337,76032187,3524936895.72,878932081.72,,,,11.31,11.03,10.72,10.56,10.57,10.97,11.40,1993-10-18,2018-04-27
2007-12-26,600680,*ST上普,电子元件,11.83,12.33,11.58,12.27,11.58,2877556,35307612.12,3.7847,,,否,,,,,,否,304925337,76032187,3741433884.99,932914934.49,,,,11.59,11.15,10.83,10.63,10.57,11.00,11.42,1993-10-18,2018-04-27
2007-12-27,600680,*ST上普,电子元件,12.61,13.17,12.46,12.49,12.46,3037826,37942446.74,3.9954,,,否,,,,,,否,304925337,76032187,3808517459.13,949642015.63,,,,11.85,11.34,10.93,10.71,10.58,11.03,11.44,1993-10-18,2018-04-27
2007-12-28,600680,*ST上普,电子元件,12.69,12.69,12.27,12.49,12.27,1273629,15907626.21,1.6751,,,否,,,,,,否,304925337,76032187,3808517459.13,949642015.63,,,,12.08,11.52,11.05,10.79,10.59,11.06,11.45,1993-10-18,2018-04-27
2008-01-02,600680,*ST上普,电子元件,12.76,13.09,12.64,12.91,12.64,1615412,20854968.92,2.1246,,,否,,,,,,否,304925337,76032187,3936586100.67,981575534.17,,,,12.34,11.73,11.18,10.88,10.60,11.09,11.47,1993-10-18,2018-04-27
2008-01-03,600680,*ST上普,电子元件,12.91,13.06,12.64,13.04,12.64,1598898,20849629.92,2.1029,,,否,,,,,,否,304925337,76032187,3976226394.48,991459718.48,,,,12.64,11.97,11.32,10.95,10.61,11.13,11.49,1993-10-18,2018-04-27
2008-01-04,600680,*ST上普,电子元件,13.04,13.18,12.56,13.03,12.56,2128005,27727905.15,2.7988,,,否,,,,,,否,304925337,76032187,3973177141.11,990699396.61,,,,12.79,12.19,11.45,11.03,10.62,11.16,11.51,1993-10-18,2018-04-27
2008-01-07,600680,*ST上普,电子元件,12.96,13.15,12.69,13.1,12.69,1907836,24992651.60,2.5092,,,否,,,,,,否,304925337,76032187,3994521914.70,996021649.70,,,,12.91,12.38,11.59,11.13,10.64,11.20,11.52,1993-10-18,2018-04-27
2008-01-08,600680,*ST上普,电子元件,13.26,14.18,13.18,13.66,13.18,4659498,63648742.68,6.1283,,,否,,,,,,否,304925337,76032187,4165280103.42,1038599674.42,,,,13.15,12.61,11.75,11.24,10.68,11.24,11.54,1993-10-18,2018-04-27
2008-01-10,600680,*ST上普,电子元件,13.84,15.03,13.37,13.95,13.37,3404196,47488534.20,4.4773,,,否,,,,,,否,304925337,76032187,4253708451.15,1060649008.65,,,,13.36,12.85,11.92,11.37,10.73,11.28,11.56,1993-10-18,2018-04-27
2008-01-11,600680,*ST上普,电子元件,13.86,13.91,13.38,13.7,13.38,1251815,17149865.50,1.6464,,,否,,,,,,否,304925337,76032187,4177477116.90,1041640961.90,,,,13.49,13.06,12.05,11.50,10.78,11.32,11.58,1993-10-18,2018-04-27
2008-01-14,600680,*ST上普,电子元件,13.76,13.92,13.38,13.61,13.38,1062089,14455031.29,1.3969,,,否,,,,,,否,304925337,76032187,4150033836.57,1034798065.07,,,,13.60,13.20,12.17,11.62,10.81,11.36,11.60,1993-10-18,2018-04-27
2008-01-15,600680,*ST上普,电子元件,13.62,13.75,13.37,13.66,13.37,951665,12999743.90,1.2517,,,否,,,,,,否,304925337,76032187,4165280103.42,1038599674.42,,,,13.72,13.32,12.33,11.73,10.84,11.40,11.62,1993-10-18,2018-04-27
2008-01-16,600680,*ST上普,电子元件,13.44,13.69,12.76,13.63,12.76,1389359,18936963.17,1.8273,,,否,,,,,,否,304925337,76032187,4156132343.31,1036318708.81,,,,13.71,13.43,12.48,11.84,10.89,11.44,11.63,1993-10-18,2018-04-27
2008-01-17,600680,*ST上普,电子元件,13.39,14.16,13.14,13.81,13.14,3101171,42827171.51,4.0788,,,否,,,,,,否,304925337,76032187,4211018903.97,1050004502.47,,,,13.68,13.52,12.63,11.96,10.95,11.48,11.66,1993-10-18,2018-04-27
2008-01-18,600680,*ST上普,电子元件,13.85,14.41,13.46,14.05,13.46,2332306,32768899.30,3.0675,,,否,,,,,,否,304925337,76032187,4284200984.85,1068252227.35,,,,13.75,13.62,12.80,12.09,11.01,11.51,11.68,1993-10-18,2018-04-27
2008-01-21,600680,*ST上普,电子元件,14.11,14.11,13.32,13.78,13.32,1544511,21283361.58,2.0314,,,否,,,,,,否,304925337,76032187,4201871143.86,1047723536.86,,,,13.79,13.70,12.94,12.20,11.07,11.55,11.70,1993-10-18,2018-04-27
2008-01-22,600680,*ST上普,电子元件,13.47,14.61,12.4,12.5,12.4,1835632,22945400.00,2.4143,,,否,,,,,,否,304925337,76032187,3811566712.50,950402337.50,,,,13.55,13.64,13.01,12.27,11.12,11.57,11.72,1993-10-18,2018-04-27
2008-01-23,600680,*ST上普,电子元件,12.56,13.14,11.98,12.98,11.98,2106251,27339137.98,2.7702,,,否,,,,,,否,304925337,76032187,3957930874.26,986897787.26,,,,13.42,13.57,13.09,12.36,11.19,11.59,11.73,1993-10-18,2018-04-27
2008-01-24,600680,*ST上普,电子元件,13.24,13.86,12.87,13.67,12.87,1466219,20043213.73,1.9284,,,否,,,,,,否,304925337,76032187,4168329356.79,1039359996.29,,,,13.40,13.54,13.19,12.46,11.26,11.61,11.75,1993-10-18,2018-04-27
2008-01-25,600680,*ST上普,电子元件,13.02,13.57,12.97,13.43,12.97,1971804,26481327.72,2.5934,,,否,,,,,,否,304925337,76032187,4095147275.91,1021112271.41,,,,13.27,13.51,13.29,12.54,11.33,11.64,11.77,1993-10-18,2018-04-27
2008-01-28,600680,*ST上普,电子元件,13.44,13.44,12.09,12.85,12.09,1417934,18220451.90,1.8649,,,否,,,,,,否,304925337,76032187,3918290580.45,977013602.95,,,,13.09,13.44,13.32,12.59,11.38,11.64,11.78,1993-10-18,2018-04-27
2008-01-29,600680,*ST上普,电子元件,13.15,13.15,12.34,12.74,12.34,578913,7375351.62,0.7614,,,否,,,,,,否,304925337,76032187,3884748793.38,968650062.38,,,,13.13,13.34,13.33,12.67,11.43,11.64,11.80,1993-10-18,2018-04-27
2008-01-30,600680,*ST上普,电子元件,12.86,13.09,12.09,12.54,12.09,787216,9871688.64,1.0354,,,否,,,,,,否,304925337,76032187,3823763725.98,953443624.98,,,,13.05,13.24,13.33,12.73,11.48,11.65,11.82,1993-10-18,2018-04-27
2008-01-31,600680,*ST上普,电子元件,12.65,12.65,11.77,11.9,11.77,814180,9688742.00,1.0708,,,否,,,,,,否,304925337,76032187,3628611510.30,904783025.30,,,,12.69,13.04,13.28,12.77,11.51,11.64,11.83,1993-10-18,2018-04-27
2008-02-01,600680,*ST上普,电子元件,11.96,12.0,10.71,10.71,10.71,662600,7096446.00,0.8715,,,否,,,,,,否,304925337,76032187,3265750359.27,814304722.77,,,,12.15,12.71,13.17,12.77,11.52,11.62,11.83,1993-10-18,2018-04-27
2008-02-04,600680,*ST上普,电子元件,11.15,11.52,10.87,11.46,10.87,831785,9532256.10,1.0940,,,否,,,,,,否,304925337,76032187,3494444362.02,871328863.02,,,,11.87,12.48,13.09,12.79,11.55,11.61,11.84,1993-10-18,2018-04-27
2008-02-05,600680,*ST上普,电子元件,11.47,11.95,10.47,11.85,10.47,745540,8834649.00,0.9806,,,否,,,,,,否,304925337,76032187,3613365243.45,900981415.95,,,,11.69,12.41,13.02,12.81,11.59,11.60,11.85,1993-10-18,2018-04-27
2008-02-13,600680,*ST上普,电子元件,11.49,11.92,11.49,11.85,11.49,465933,5521306.05,0.6128,,,否,,,,,,否,304925337,76032187,3613365243.45,900981415.95,,,,11.55,12.30,12.93,12.83,11.63,11.59,11.86,1993-10-18,2018-04-27
2008-02-14,600680,*ST上普,电子元件,11.87,12.34,11.7,12.14,11.7,489679,5944703.06,0.6440,,,否,,,,,,否,304925337,76032187,3701793591.18,923030750.18,,,,11.60,12.15,12.84,12.85,11.67,11.59,11.86,1993-10-18,2018-04-27
2008-02-15,600680,*ST上普,电子元件,12.14,12.34,11.57,12.34,11.57,542285,6691796.90,0.7132,,,否,,,,,,否,304925337,76032187,3762778658.58,938237187.58,,,,11.93,12.04,12.78,12.87,11.72,11.59,11.87,1993-10-18,2018-04-27
2008-02-18,600680,*ST上普,电子元件,12.45,12.7,12.24,12.63,12.24,551248,6962262.24,0.7250,,,否,,,,,,否,304925337,76032187,3851207006.31,960286521.81,,,,12.16,12.02,12.73,12.88,11.76,11.59,11.88,1993-10-18,2018-04-27
2008-02-19,600680,*ST上普,电子元件,12.85,12.85,12.5,12.71,12.5,429057,5453314.47,0.5643,,,否,,,,,,否,304925337,76032187,3875601033.27,966369096.77,,,,12.33,12.01,12.68,12.89,11.80,11.59,11.89,1993-10-18,2018-04-27
2008-02-20,600680,*ST上普,电子元件,12.74,12.78,12.37,12.57,12.37,649385,8162769.45,0.8541,,,否,,,,,,否,304925337,76032187,3832911486.09,955724590.59,,,,12.48,12.02,12.63,12.89,11.84,11.60,11.90,1993-10-18,2018-04-27
2008-02-21,600680,*ST上普,电子元件,12.56,12.89,12.15,12.8,12.15,1024298,13111014.40,1.3472,,,否,,,,,,否,304925337,76032187,3903044313.60,973211993.60,,,,12.61,12.11,12.58,12.89,11.88,11.60,11.91,1993-10-18,2018-04-27
2008-02-25,600680,*ST上普,电子元件,12.66,12.68,12.07,12.32,12.07,811502,9997704.64,1.0673,,,否,,,,,,否,304925337,76032187,3756680151.84,936716543.84,,,,12.61,12.27,12.49,12.87,11.91,11.61,11.92,1993-10-18,2018-04-27
2008-02-26,600680,*ST上普,电子元件,12.62,12.69,12.11,12.5,12.11,551347,6891837.50,0.7251,,,否,,,,,,否,304925337,76032187,3811566712.50,950402337.50,,,,12.58,12.37,12.42,12.85,11.94,11.61,11.93,1993-10-18,2018-04-27
2008-02-27,600680,*ST上普,电子元件,12.61,12.77,12.46,12.71,12.46,482448,6131914.08,0.6345,,,否,,,,,,否,304925337,76032187,3875601033.27,966369096.77,,,,12.58,12.46,12.44,12.84,11.98,11.61,11.94,1993-10-18,2018-04-27
2008-02-28,600680,*ST上普,电子元件,12.87,13.21,12.6,13.06,12.6,965859,12614118.54,1.2703,,,否,,,,,,否,304925337,76032187,3982324901.22,992980362.22,,,,12.68,12.58,12.44,12.82,12.03,11.62,11.95,1993-10-18,2018-04-27
2008-02-29,600680,*ST上普,电子元件,12.96,13.45,12.96,13.33,12.96,1068053,14237146.49,1.4047,,,否,,,,,,否,304925337,76032187,4064654742.21,1013509052.71,,,,12.78,12.70,12.42,12.79,12.08,11.62,11.97,1993-10-18,2018-04-27
2008-03-03,600680,*ST上普,电子元件,13.41,14.49,13.26,14.4,13.26,4321138,62224387.20,5.6833,,,否,,,,,,否,304925337,76032187,4390924852.80,1094863492.80,,,,13.20,12.90,12.47,12.82,12.16,11.64,11.98,1993-10-18,2018-04-27
2008-03-04,600680,*ST上普,电子元件,14.71,15.04,14.41,14.48,14.41,3826152,55402680.96,5.0323,,,否,,,,,,否,304925337,76032187,4415318879.76,1100946067.76,,,,13.60,13.09,12.55,12.85,12.23,11.66,12.00,1993-10-18,2018-04-27
2008-03-05,600680,*ST上普,电子元件,14.46,14.66,13.98,14.32,13.98,1415497,20269917.04,1.8617,,,否,,,,,,否,304925337,76032187,4366530825.84,1088780917.84,,,,13.92,13.25,12.63,12.87,12.30,11.68,12.02,1993-10-18,2018-04-27
2008-03-06,600680,*ST上普,电子元件,14.36,15.75,14.36,15.75,14.36,5689467,89609105.25,7.4830,,,否,,,,,,是,304925337,76032187,4802574057.75,1197506945.25,,,,14.46,13.57,12.79,12.94,12.39,11.72,12.03,1993-10-18,2018-04-27
2008-03-07,600680,*ST上普,电子元件,15.78,15.8,14.94,15.22,14.94,2673124,40684947.28,3.5158,,,否,,,,,,否,304925337,76032187,4640963629.14,1157209886.14,,,,14.83,13.81,12.96,12.99,12.47,11.75,12.05,1993-10-18,2018-04-27
2008-03-10,600680,*ST上普,电子元件,15.5,16.0,14.96,15.4,14.96,2350860,36203244.00,3.0919,,,否,,,,,,否,304925337,76032187,4695850189.80,1170895679.80,,,,15.03,14.12,13.19,13.03,12.56,11.77,12.07,1993-10-18,2018-04-27
2008-03-11,600680,*ST上普,电子元件,14.86,15.53,14.46,15.52,14.46,1500367,23285695.84,1.9733,,,否,,,,,,否,304925337,76032187,4732441230.24,1180019542.24,,,,15.24,14.42,13.40,13.09,12.65,11.79,12.08,1993-10-18,2018-04-27
2008-03-12,600680,*ST上普,电子元件,15.72,15.82,14.82,14.86,14.82,983114,14609074.04,1.2930,,,否,,,,,,否,304925337,76032187,4531190507.82,1129838298.82,,,,15.35,14.63,13.55,13.17,12.72,11.81,12.09,1993-10-18,2018-04-27
2008-03-13,600680,*ST上普,电子元件,14.84,14.94,13.64,14.85,13.64,1622363,24092090.55,2.1338,,,否,,,,,,否,304925337,76032187,4528141254.45,1129077976.95,,,,15.17,14.81,13.70,13.23,12.79,11.83,12.10,1993-10-18,2018-04-27
2008-03-14,600680,*ST上普,电子元件,14.7,14.86,14.06,14.36,14.06,681783,9790403.88,0.8967,,,否,,,,,,否,304925337,76032187,4378727839.32,1091822205.32,,,,15.00,14.92,13.81,13.25,12.86,11.84,12.11,1993-10-18,2018-04-27
2008-03-17,600680,*ST上普,电子元件,14.16,14.51,12.92,13.01,12.92,1662284,21626314.84,2.1863,,,否,,,,,,否,304925337,76032187,3967078634.37,989178752.87,,,,14.52,14.78,13.84,13.24,12.89,11.85,12.11,1993-10-18,2018-04-27
2008-03-18,600680,*ST上普,电子元件,12.76,12.88,12.07,12.51,12.07,1118385,13990996.35,1.4709,,,否,,,,,,否,304925337,76032187,3814615965.87,951162659.37,,,,13.92,14.58,13.83,13.23,12.91,11.85,12.11,1993-10-18,2018-04-27
2008-03-19,600680,*ST上普,电子元件,12.51,13.77,12.51,13.43,12.51,1318193,17703331.99,1.7337,,,否,,,,,,否,304925337,76032187,4095147275.91,1021112271.41,,,,13.63,14.49,13.87,13.25,12.96,11.86,12.11,1993-10-18,2018-04-27
2008-03-20,600680,*ST上普,电子元件,12.95,14.15,12.67,13.59,12.67,1919380,26084374.20,2.5244,,,否,,,,,,否,304925337,76032187,4143935329.83,1033277421.33,,,,13.38,14.28,13.92,13.29,13.01,11.87,12.12,1993-10-18,2018-04-27
2008-03-21,600680,*ST上普,电子元件,13.56,13.93,13.26,13.55,13.26,1955962,26503285.10,2.5725,,,否,,,,,,否,304925337,76032187,4131738316.35,1030236133.85,,,,13.22,14.11,13.96,13.34,13.05,11.88,12.12,1993-10-18,2018-04-27
2008-03-24,600680,*ST上普,电子元件,13.56,13.71,12.86,12.97,12.86,2920635,37880635.95,3.8413,,,否,,,,,,否,304925337,76032187,3954881620.89,986137465.39,,,,13.21,13.87,13.99,13.42,13.09,11.88,12.12,1993-10-18,2018-04-27
2008-03-25,600680,*ST上普,电子元件,12.84,13.16,12.44,12.97,12.44,1448995,18793465.15,1.9058,,,否,,,,,,否,304925337,76032187,3954881620.89,986137465.39,,,,13.30,13.61,14.01,13.47,13.13,11.88,12.13,1993-10-18,2018-04-27
2008-03-26,600680,*ST上普,电子元件,12.99,13.76,12.96,12.98,12.96,1429645,18556792.10,1.8803,,,否,,,,,,否,304925337,76032187,3957930874.26,986897787.26,,,,13.21,13.42,14.03,13.50,13.16,11.89,12.13,1993-10-18,2018-04-27
2008-03-27,600680,*ST上普,电子元件,12.93,13.16,12.46,12.78,12.46,2502537,31982422.86,3.2914,,,否,,,,,,否,304925337,76032187,3896945806.86,971691349.86,,,,13.05,13.22,14.01,13.54,13.18,11.89,12.13,1993-10-18,2018-04-27
2008-03-28,600680,*ST上普,电子元件,12.76,13.66,12.22,13.24,12.22,2914427,38587013.48,3.8331,,,否,,,,,,否,304925337,76032187,4037211461.88,1006666155.88,,,,12.99,13.10,14.01,13.57,13.21,11.89,12.13,1993-10-18,2018-04-27
2008-03-31,600680,*ST上普,电子元件,13.05,13.52,12.86,13.32,12.86,2388151,31810171.32,3.1410,,,否,,,,,,否,304925337,76032187,4061605488.84,1012748730.84,,,,13.06,13.13,13.96,13.60,13.24,11.90,12.14,1993-10-18,2018-04-27
2008-04-01,600680,*ST上普,电子元件,13.1,13.3,11.99,12.22,11.99,2055911,25123232.42,2.7040,,,否,,,,,,否,304925337,76032187,3726187618.14,929113325.14,,,,12.91,13.11,13.84,13.59,13.24,11.90,12.13,1993-10-18,2018-04-27
2008-04-02,600680,*ST上普,电子元件,12.22,12.59,11.0,11.38,11.0,1366219,15547572.22,1.7969,,,否,,,,,,否,304925337,76032187,3470050335.06,865246288.06,,,,12.59,12.90,13.70,13.55,13.22,11.90,12.13,1993-10-18,2018-04-27
2008-04-03,600680,*ST上普,电子元件,11.48,11.79,10.59,11.71,10.59,864139,10119067.69,1.1365,,,否,,,,,,否,304925337,76032187,3570675696.27,890336909.77,,,,12.37,12.71,13.49,13.52,13.21,11.90,12.13,1993-10-18,2018-04-27
2008-04-07,600680,*ST上普,电子元件,11.64,12.35,11.27,12.25,11.27,683089,8367840.25,0.8984,,,否,,,,,,否,304925337,76032187,3735335378.25,931394290.75,,,,12.18,12.58,13.35,13.50,13.19,11.90,12.12,1993-10-18,2018-04-27
2008-04-08,600680,*ST上普,电子元件,12.26,12.63,12.03,12.49,12.03,737155,9207065.95,0.9695,,,否,,,,,,否,304925337,76032187,3808517459.13,949642015.63,,,,12.01,12.53,13.20,13.51,13.19,11.90,12.12,1993-10-18,2018-04-27
2008-04-09,600680,*ST上普,电子元件,12.49,12.49,11.62,11.83,11.62,612260,7243035.80,0.8053,,,否,,,,,,否,304925337,76032187,3607266736.71,899460772.21,,,,11.93,12.42,13.02,13.48,13.17,11.89,12.12,1993-10-18,2018-04-27
2008-04-10,600680,*ST上普,电子元件,11.65,13.01,11.65,12.27,11.65,686270,8420532.90,0.9026,,,否,,,,,,否,304925337,76032187,3741433884.99,932914934.49,,,,12.11,12.35,12.89,13.47,13.15,11.90,12.12,1993-10-18,2018-04-27
2008-04-11,600680,*ST上普,电子元件,12.16,12.74,12.16,12.45,12.16,560439,6977465.55,0.7371,,,否,,,,,,否,304925337,76032187,3796320445.65,946600728.15,,,,12.26,12.32,12.77,13.45,13.13,11.91,12.11,1993-10-18,2018-04-27
2008-04-14,600680,*ST上普,电子元件,12.05,12.46,11.87,12.13,11.87,565168,6855487.84,0.7433,,,否,,,,,,否,304925337,76032187,3698744337.81,922270428.31,,,,12.23,12.21,12.65,13.41,13.10,11.92,12.10,1993-10-18,2018-04-27
2008-04-15,600680,*ST上普,电子元件,12.31,12.5,11.97,12.45,11.97,702408,8744979.60,0.9238,,,否,,,,,,否,304925337,76032187,3796320445.65,946600728.15,,,,12.23,12.12,12.63,13.34,13.08,11.93,12.10,1993-10-18,2018-04-27
2008-04-16,600680,*ST上普,电子元件,12.76,12.76,12.08,12.34,12.08,390635,4820435.90,0.5138,,,否,,,,,,否,304925337,76032187,3762778658.58,938237187.58,,,,12.33,12.13,12.62,13.27,13.06,11.93,12.10,1993-10-18,2018-04-27
2008-04-17,600680,*ST上普,电子元件,12.34,12.56,11.37,11.85,11.37,740137,8770623.45,0.9735,,,否,,,,,,否,304925337,76032187,3613365243.45,900981415.95,,,,12.24,12.18,12.54,13.19,13.03,11.94,12.09,1993-10-18,2018-04-27
2008-04-18,600680,*ST上普,电子元件,11.85,11.97,11.17,11.37,11.17,325057,3695898.09,0.4275,,,否,,,,,,否,304925337,76032187,3467001081.69,864485966.19,,,,12.03,12.14,12.43,13.04,12.99,11.94,12.08,1993-10-18,2018-04-27
2008-04-21,600680,*ST上普,电子元件,12.26,12.31,11.18,11.6,11.18,625964,7261182.40,0.8233,,,否,,,,,,否,304925337,76032187,3537133909.20,881973369.20,,,,11.92,12.08,12.33,12.92,12.95,11.95,12.08,1993-10-18,2018-04-27
2008-04-22,600680,*ST上普,电子元件,11.57,11.82,10.77,11.73,10.77,608267,7134971.91,0.8000,,,否,,,,,,否,304925337,76032187,3576774203.01,891857553.51,,,,11.78,12.00,12.27,12.80,12.92,11.96,12.07,1993-10-18,2018-04-27
2008-04-23,600680,*ST上普,电子元件,11.32,12.26,11.32,12.11,11.32,750825,9092490.75,0.9875,,,否,,,,,,否,304925337,76032187,3692645831.07,920749784.57,,,,11.73,12.03,12.23,12.69,12.89,11.98,12.06,1993-10-18,2018-04-27
2008-04-24,600680,*ST上普,电子元件,13.16,13.23,12.56,13.07,12.56,2405837,31444289.59,3.1642,,,否,,,,,,否,304925337,76032187,3985374154.59,993740684.09,,,,11.98,12.11,12.23,12.63,12.90,12.01,12.06,1993-10-18,2018-04-27
2008-04-25,600680,*ST上普,电子元件,12.76,13.72,12.47,13.23,12.47,2327818,30797032.14,3.0616,,,否,,,,,,否,304925337,76032187,4034162208.51,1005905834.01,,,,12.35,12.19,12.25,12.57,12.90,12.04,12.06,1993-10-18,2018-04-27
2008-04-28,600680,*ST上普,电子元件,13.14,13.14,12.66,12.76,12.66,1131343,14435936.68,1.4880,,,否,,,,,,否,304925337,76032187,3890847300.12,970170706.12,,,,12.58,12.25,12.23,12.52,12.89,12.07,12.06,1993-10-18,2018-04-27
2008-04-29,600680,*ST上普,电子元件,12.69,13.06,12.61,12.75,12.61,599172,7639443.00,0.7881,,,否,,,,,,否,304925337,76032187,3887798046.75,969410384.25,,,,12.78,12.28,12.20,12.51,12.88,12.10,12.05,1993-10-18,2018-04-27
2008-04-30,600680,*ST上普,电子元件,12.81,13.31,12.71,13.25,12.71,1041429,13798934.25,1.3697,,,否,,,,,,否,304925337,76032187,4040260715.25,1007426477.75,,,,13.01,12.37,12.25,12.54,12.88,12.13,12.05,1993-10-18,2018-04-27
2008-05-05,600680,*ST上普,电子元件,13.33,13.76,12.96,13.61,12.96,1704661,23200436.21,2.2420,,,否,,,,,,否,304925337,76032187,4150033836.57,1034798065.07,,,,13.12,12.55,12.36,12.54,12.90,12.16,12.05,1993-10-18,2018-04-27
2008-05-06,600680,*ST上普,电子元件,13.53,14.53,13.32,14.01,13.32,2846951,39885783.51,3.7444,,,否,,,,,,否,304925337,76032187,4272003971.37,1065210939.87,,,,13.28,12.81,12.48,12.56,12.92,12.20,12.05,1993-10-18,2018-04-27
2008-05-07,600680,*ST上普,电子元件,14.13,14.56,13.51,13.57,13.51,1887936,25619291.52,2.4831,,,否,,,,,,否,304925337,76032187,4137836823.09,1031756777.59,,,,13.44,13.01,12.54,12.56,12.95,12.23,12.05,1993-10-18,2018-04-27
2008-05-08,600680,*ST上普,电子元件,13.55,14.86,13.46,14.84,13.46,2647306,39286021.04,3.4818,,,否,,,,,,否,304925337,76032187,4525092001.08,1128317655.08,,,,13.86,13.32,12.66,12.62,13.02,12.27,12.05,1993-10-18,2018-04-27
2008-05-09,600680,*ST上普,电子元件,14.84,14.96,14.26,14.72,14.26,2926126,43072574.72,3.8485,,,否,,,,,,否,304925337,76032187,4488500960.64,1119193792.64,,,,14.15,13.58,12.81,12.68,13.07,12.31,12.05,1993-10-18,2018-04-27
2008-05-12,600680,*ST上普,电子元件,14.26,14.85,13.96,14.39,13.96,1784228,25675040.92,2.3467,,,否,,,,,,否,304925337,76032187,4387875599.43,1094103170.93,,,,14.31,13.71,12.91,12.72,13.11,12.35,12.04,1993-10-18,2018-04-27
2008-05-13,600680,*ST上普,电子元件,13.88,14.24,13.44,13.73,13.44,2048635,28127758.55,2.6944,,,否,,,,,,否,304925337,76032187,4186624877.01,1043921927.51,,,,14.25,13.76,12.98,12.76,13.15,12.39,12.04,1993-10-18,2018-04-27
2008-05-14,600680,*ST上普,电子元件,13.79,14.16,13.66,13.93,13.66,1790834,24946317.62,2.3554,,,否,,,,,,否,304925337,76032187,4247609944.41,1059128364.91,,,,14.32,13.88,13.07,12.78,13.18,12.42,12.03,1993-10-18,2018-04-27
2008-05-15,600680,*ST上普,电子元件,13.96,14.56,13.74,13.96,13.74,2366018,33029611.28,3.1119,,,否,,,,,,否,304925337,76032187,4256757704.52,1061409330.52,,,,14.15,14.00,13.14,12.80,13.20,12.46,12.03,1993-10-18,2018-04-27
2008-05-16,600680,*ST上普,电子元件,13.96,14.06,13.01,13.48,13.01,1628653,21954242.44,2.1421,,,否,,,,,,否,304925337,76032187,4110393542.76,1024913880.76,,,,13.90,14.02,13.20,12.84,13.22,12.49,12.02,1993-10-18,2018-04-27
2008-05-19,600680,*ST上普,电子元件,13.51,13.56,12.99,13.37,12.99,776134,10376911.58,1.0208,,,否,,,,,,否,304925337,76032187,4076851755.69,1016550340.19,,,,13.69,14.00,13.27,12.91,13.23,12.51,12.02,1993-10-18,2018-04-27
2008-05-20,600680,*ST上普,电子元件,13.15,13.41,12.14,12.46,12.14,1215783,15148656.18,1.5990,,,否,,,,,,否,304925337,76032187,3799369699.02,947361050.02,,,,13.44,13.85,13.33,12.93,13.23,12.53,12.01,1993-10-18,2018-04-27
2008-05-21,600680,*ST上普,电子元件,12.27,12.46,11.85,12.08,11.85,1573640,19009571.20,2.0697,,,否,,,,,,否,304925337,76032187,3683498070.96,918468818.96,,,,13.07,13.70,13.35,12.93,13.21,12.55,12.00,1993-10-18,2018-04-27
2008-05-22,600680,*ST上普,电子元件,12.17,12.81,12.17,12.44,12.17,1293065,16085728.60,1.7007,,,否,,,,,,否,304925337,76032187,3793271192.28,945840406.28,,,,12.77,13.46,13.39,12.93,13.22,12.56,11.99,1993-10-18,2018-04-27
2008-05-23,600680,*ST上普,电子元件,12.36,13.69,11.98,13.69,11.98,4306416,58954835.04,5.6639,,,否,,,,,,是,304925337,76032187,4174427863.53,1040880640.03,,,,12.81,13.35,13.47,12.99,13.24,12.59,11.98,1993-10-18,2018-04-27
2008-05-26,600680,*ST上普,电子元件,14.04,14.54,13.28,13.42,13.28,6900382,92603126.44,9.0756,,,否,,,,,,否,304925337,76032187,4092098022.54,1020351949.54,,,,12.82,13.26,13.48,13.03,13.25,12.62,11.98,1993-10-18,2018-04-27
2008-05-27,600680,*ST上普,电子元件,13.09,13.09,12.07,12.45,12.07,4097504,51013924.80,5.3892,,,否,,,,,,否,304925337,76032187,3796320445.65,946600728.15,,,,12.82,13.13,13.45,13.03,13.24,12.63,11.97,1993-10-18,2018-04-27
2008-05-28,600680,*ST上普,电子元件,12.07,12.51,11.85,12.26,11.85,2571865,31531064.90,3.3826,,,否,,,,,,否,304925337,76032187,3738384631.62,932154612.62,,,,12.85,12.96,13.42,13.03,13.22,12.65,11.96,1993-10-18,2018-04-27
2008-05-29,600680,*ST上普,电子元件,12.12,12.6,11.87,12.02,11.87,2637670,31704793.40,3.4691,,,否,,,,,,否,304925337,76032187,3665202550.74,913906887.74,,,,12.77,12.77,13.38,13.02,13.18,12.67,11.96,1993-10-18,2018-04-27
2008-05-30,600680,*ST上普,电子元件,11.97,12.3,11.47,11.56,11.47,1721590,19901580.40,2.2643,,,否,,,,,,否,304925337,76032187,3524936895.72,878932081.72,,,,12.34,12.58,13.30,12.99,13.13,12.68,11.95,1993-10-18,2018-04-27
2008-06-02,600680,*ST上普,电子元件,11.48,12.07,11.17,11.98,11.17,1515365,18154072.70,1.9931,,,否,,,,,,否,304925337,76032187,3653005537.26,910865600.26,,,,12.05,12.44,13.22,12.99,13.09,12.69,11.94,1993-10-18,2018-04-27
2008-06-03,600680,*ST上普,电子元件,12.16,12.56,11.57,11.66,11.57,2867443,33434385.38,3.7714,,,否,,,,,,否,304925337,76032187,3555429429.42,886535300.42,,,,11.90,12.36,13.10,13.00,13.02,12.71,11.93,1993-10-18,2018-04-27
2008-06-04,600680,*ST上普,电子元件,11.37,11.75,11.22,11.48,11.22,1159713,13313505.24,1.5253,,,否,,,,,,否,304925337,76032187,3500542868.76,872849506.76,,,,11.74,12.30,13.00,13.00,12.96,12.72,11.92,1993-10-18,2018-04-27
2008-06-05,600680,*ST上普,电子元件,11.47,11.54,10.97,11.36,10.97,1012392,11500773.12,1.3315,,,否,,,,,,否,304925337,76032187,3463951828.32,863725644.32,,,,11.61,12.19,12.82,12.99,12.89,12.73,11.90,1993-10-18,2018-04-27
2008-06-06,600680,*ST上普,电子元件,11.65,12.26,11.5,11.94,11.5,2575349,30749667.06,3.3872,,,否,,,,,,否,304925337,76032187,3640808523.78,907824312.78,,,,11.68,12.01,12.68,12.98,12.83,12.74,11.89,1993-10-18,2018-04-27
2008-06-10,600680,*ST上普,电子元件,11.37,11.37,10.74,10.74,10.74,1428185,15338706.90,1.8784,,,否,,,,,,否,304925337,76032187,3274898119.38,816585688.38,,,,11.44,11.75,12.50,12.90,12.77,12.74,11.87,1993-10-18,2018-04-27
2008-06-11,600680,*ST上普,电子元件,10.85,11.82,10.41,10.98,10.41,1724295,18932759.10,2.2678,,,否,,,,,,否,304925337,76032187,3348080200.26,834833413.26,,,,11.30,11.60,12.36,12.83,12.70,12.75,11.86,1993-10-18,2018-04-27
2008-06-12,600680,*ST上普,电子元件,10.97,10.97,10.02,10.18,10.02,1659607,16894799.26,2.1828,,,否,,,,,,否,304925337,76032187,3104139930.66,774007663.66,,,,11.04,11.39,12.18,12.74,12.63,12.74,11.84,1993-10-18,2018-04-27
2008-06-13,600680,*ST上普,电子元件,9.96,10.39,9.16,9.3,9.16,1472147,13690967.10,1.9362,,,否,,,,,,否,304925337,76032187,2835805634.10,707099339.10,,,,10.63,11.12,11.94,12.63,12.57,12.73,11.82,1993-10-18,2018-04-27
2008-06-16,600680,*ST上普,电子元件,9.26,9.46,8.38,8.61,8.38,3309904,28498273.44,4.3533,,,否,,,,,,否,304925337,76032187,2625407151.57,654637130.07,,,,9.96,10.82,11.70,12.47,12.50,12.71,11.81,1993-10-18,2018-04-27
2008-06-17,600680,*ST上普,电子元件,8.45,8.47,7.75,7.75,7.75,2111650,16365287.50,2.7773,,,否,,,,,,否,304925337,76032187,2363171361.75,589249449.25,,,,9.36,10.40,11.42,12.28,12.41,12.68,11.79,1993-10-18,2018-04-27
2008-06-18,600680,*ST上普,电子元件,7.55,8.53,7.06,8.04,7.06,2770659,22276098.36,3.6441,,,否,,,,,,否,304925337,76032187,2451599709.48,611298783.48,,,,8.78,10.04,11.20,12.08,12.32,12.66,11.78,1993-10-18,2018-04-27
2008-06-20,600680,*ST上普,电子元件,7.23,8.19,7.23,7.48,7.23,4156550,31090994.00,5.4668,,,否,,,,,,否,304925337,76032187,2280841520.76,568720758.76,,,,8.24,9.64,10.97,11.88,12.22,12.63,11.77,1993-10-18,2018-04-27
2008-06-23,600680,*ST上普,电子元件,7.16,7.24,6.73,6.75,6.73,2057765,13889913.75,2.7064,,,否,,,,,,否,304925337,76032187,2058246024.75,513217262.25,,,,7.73,9.18,10.68,11.61,12.11,12.60,11.76,1993-10-18,2018-04-27
2008-06-24,600680,*ST上普,电子元件,6.68,7.12,6.54,6.94,6.54,2224106,15435295.64,2.9252,,,否,,,,,,否,304925337,76032187,2116181838.78,527663377.78,,,,7.39,8.68,10.35,11.35,12.01,12.57,11.74,1993-10-18,2018-04-27
2008-06-25,600680,*ST上普,电子元件,6.88,7.58,6.88,7.56,6.88,2450179,18523353.24,3.2226,,,否,,,,,,否,304925337,76032187,2305235547.72,574803333.72,,,,7.35,8.36,10.05,11.12,11.92,12.54,11.72,1993-10-18,2018-04-27
2008-06-26,600680,*ST上普,电子元件,7.43,7.81,7.34,7.71,7.34,2698244,20803461.24,3.5488,,,否,,,,,,否,304925337,76032187,2350974348.27,586208161.77,,,,7.29,8.03,9.82,10.92,11.84,12.51,11.71,1993-10-18,2018-04-27
2008-06-27,600680,*ST上普,电子元件,7.43,7.43,6.94,6.94,6.94,1632708,11330993.52,2.1474,,,否,,,,,,否,304925337,76032187,2116181838.78,527663377.78,,,,7.18,7.71,9.55,10.69,11.73,12.47,11.69,1993-10-18,2018-04-27
2008-06-30,600680,*ST上普,电子元件,6.78,7.33,6.7,7.23,6.7,1640577,11861371.71,2.1577,,,否,,,,,,否,304925337,76032187,2204610186.51,549712712.01,,,,7.28,7.50,9.31,10.46,11.63,12.43,11.67,1993-10-18,2018-04-27
2008-07-01,600680,*ST上普,电子元件,7.26,7.27,6.68,6.77,6.68,762051,5159085.27,1.0023,,,否,,,,,,否,304925337,76032187,2064344531.49,514737905.99,,,,7.24,7.32,9.07,10.24,11.54,12.39,11.65,1993-10-18,2018-04-27
2008-07-02,600680,*ST上普,电子元件,6.66,7.16,6.66,6.89,6.66,1243584,8568293.76,1.6356,,,否,,,,,,否,304925337,76032187,2100935571.93,523861768.43,,,,7.11,7.23,8.82,10.02,11.47,12.34,11.63,1993-10-18,2018-04-27
2008-07-03,600680,*ST上普,电子元件,6.83,7.37,6.69,7.26,6.69,1827037,13264288.62,2.4030,,,否,,,,,,否,304925337,76032187,2213757946.62,551993677.62,,,,7.02,7.15,8.60,9.85,11.39,12.30,11.61,1993-10-18,2018-04-27
2008-07-04,600680,*ST上普,电子元件,7.18,7.36,7.08,7.23,7.08,1385453,10016825.19,1.8222,,,否,,,,,,否,304925337,76032187,2204610186.51,549712712.01,,,,7.08,7.13,8.38,9.69,11.31,12.25,11.59,1993-10-18,2018-04-27
2008-07-07,600680,*ST上普,电子元件,7.24,7.73,7.24,7.69,7.24,2470475,18997952.75,3.2492,,,否,,,,,,否,304925337,76032187,2344875841.53,584687518.03,,,,7.17,7.22,8.20,9.53,11.23,12.21,11.58,1993-10-18,2018-04-27
2008-07-08,600680,*ST上普,电子元件,7.79,7.96,7.56,7.87,7.56,3481632,27400443.84,4.5792,,,否,,,,,,否,304925337,76032187,2399762402.19,598373311.69,,,,7.39,7.32,8.00,9.34,11.16,12.16,11.57,1993-10-18,2018-04-27
2008-07-09,600680,*ST上普,电子元件,7.87,8.45,7.74,8.43,7.74,5039801,42485522.43,6.6285,,,否,,,,,,否,304925337,76032187,2570520590.91,640951336.41,,,,7.70,7.40,7.88,9.17,11.10,12.12,11.56,1993-10-18,2018-04-27
2008-07-10,600680,*ST上普,电子元件,8.18,8.43,7.99,8.0,7.99,3533728,28269824.00,4.6477,,,否,,,,,,否,304925337,76032187,2439402696.00,608257496.00,,,,7.84,7.43,7.73,9.02,11.02,12.08,11.55,1993-10-18,2018-04-27
2008-07-11,600680,*ST上普,电子元件,7.88,8.01,7.6,7.74,7.6,1910525,14787463.50,2.5128,,,否,,,,,,否,304925337,76032187,2360122108.38,588489127.38,,,,7.95,7.51,7.61,8.87,10.95,12.03,11.55,1993-10-18,2018-04-27
2008-07-14,600680,*ST上普,电子元件,7.68,8.05,7.6,8.02,7.6,1774200,14229084.00,2.3335,,,否,,,,,,否,304925337,76032187,2445501202.74,609778139.74,,,,8.01,7.59,7.55,8.74,10.88,11.98,11.54,1993-10-18,2018-04-27
2008-07-15,600680,*ST上普,电子元件,8.02,8.22,7.61,7.62,7.61,2004603,15275074.86,2.6365,,,否,,,,,,否,304925337,76032187,2323531067.94,579365264.94,,,,7.96,7.68,7.50,8.61,10.80,11.93,11.53,1993-10-18,2018-04-27
2008-07-16,600680,*ST上普,电子元件,7.49,7.96,7.1,7.33,7.1,1888740,13844464.20,2.4841,,,否,,,,,,否,304925337,76032187,2235102720.21,557315930.71,,,,7.74,7.72,7.48,8.45,10.72,11.88,11.53,1993-10-18,2018-04-27
2008-07-17,600680,*ST上普,电子元件,7.43,7.68,7.22,7.54,7.22,2079737,15681216.98,2.7353,,,否,,,,,,否,304925337,76032187,2299137040.98,573282689.98,,,,7.65,7.75,7.45,8.31,10.66,11.82,11.52,1993-10-18,2018-04-27
2008-07-18,600680,*ST上普,电子元件,7.58,8.15,7.39,8.06,7.39,2353841,18971958.46,3.0958,,,否,,,,,,否,304925337,76032187,2457698216.22,612819427.22,,,,7.71,7.83,7.48,8.20,10.60,11.78,11.52,1993-10-18,2018-04-27
2008-07-21,600680,*ST上普,电子元件,8.08,8.85,7.81,8.75,7.81,5005721,43800058.75,6.5837,,,否,,,,,,否,304925337,76032187,2668096698.75,665281636.25,,,,7.86,7.94,7.58,8.11,10.55,11.73,11.52,1993-10-18,2018-04-27
2008-07-22,600680,*ST上普,电子元件,8.76,9.09,8.54,8.71,8.54,3789643,33007790.53,4.9843,,,否,,,,,,否,304925337,76032187,2655899685.27,662240348.77,,,,8.08,8.02,7.67,8.00,10.49,11.69,11.52,1993-10-18,2018-04-27
2008-07-23,600680,*ST上普,电子元件,8.71,9.15,8.57,8.89,8.57,4349753,38669304.17,5.7209,,,否,,,,,,否,304925337,76032187,2710786245.93,675926142.43,,,,8.39,8.07,7.73,7.94,10.42,11.66,11.52,1993-10-18,2018-04-27
2008-07-24,600680,*ST上普,电子元件,8.9,9.22,8.84,9.15,8.84,3303547,30227455.05,4.3449,,,否,,,,,,否,304925337,76032187,2790066833.55,695694511.05,,,,8.71,8.18,7.81,7.88,10.36,11.63,11.52,1993-10-18,2018-04-27
2008-07-25,600680,*ST上普,电子元件,8.99,9.12,8.69,8.81,8.69,2125765,18727989.65,2.7959,,,否,,,,,,否,304925337,76032187,2686392218.97,669843567.47,,,,8.86,8.29,7.90,7.84,10.29,11.59,11.52,1993-10-18,2018-04-27
2008-07-28,600680,*ST上普,电子元件,8.82,9.01,8.66,8.78,8.66,2020804,17742659.12,2.6578,,,否,,,,,,否,304925337,76032187,2677244458.86,667562601.86,,,,8.87,8.36,7.98,7.82,10.22,11.55,11.52,1993-10-18,2018-04-27
2008-07-29,600680,*ST上普,电子元件,8.65,8.78,8.47,8.49,8.47,1653367,14037085.83,2.1746,,,否,,,,,,否,304925337,76032187,2588816111.13,645513267.63,,,,8.82,8.45,8.06,7.81,10.14,11.51,11.52,1993-10-18,2018-04-27
2008-07-30,600680,*ST上普,电子元件,8.66,8.87,8.5,8.73,8.5,2281996,19921825.08,3.0014,,,否,,,,,,否,304925337,76032187,2661998192.01,663760992.51,,,,8.79,8.59,8.16,7.85,10.06,11.48,11.52,1993-10-18,2018-04-27
2008-07-31,600680,*ST上普,电子元件,8.77,9.15,8.63,9.02,8.63,4829135,43558797.70,6.3514,,,否,,,,,,否,304925337,76032187,2750426539.74,685810326.74,,,,8.77,8.74,8.24,7.88,9.98,11.45,11.52,1993-10-18,2018-04-27
2008-08-01,600680,*ST上普,电子元件,9.05,9.26,8.5,9.02,8.5,4010597,36175584.94,5.2749,,,否,,,,,,否,304925337,76032187,2750426539.74,685810326.74,,,,8.81,8.84,8.33,7.93,9.90,11.43,11.51,1993-10-18,2018-04-27
2008-08-04,600680,*ST上普,电子元件,8.85,8.87,8.36,8.51,8.36,1957368,16657201.68,2.5744,,,否,,,,,,否,304925337,76032187,2594914617.87,647033911.37,,,,8.75,8.81,8.37,7.99,9.80,11.41,11.51,1993-10-18,2018-04-27
2008-08-05,600680,*ST上普,电子元件,8.47,8.83,8.3,8.63,8.3,1727657,14909679.91,2.2723,,,否,,,,,,否,304925337,76032187,2631505658.31,656157773.81,,,,8.78,8.80,8.41,8.05,9.70,11.38,11.51,1993-10-18,2018-04-27
2008-08-06,600680,*ST上普,电子元件,8.63,8.76,8.36,8.66,8.36,1270911,11006089.26,1.6715,,,否,,,,,,否,304925337,76032187,2640653418.42,658438739.42,,,,8.77,8.78,8.42,8.08,9.60,11.36,11.50,1993-10-18,2018-04-27
2008-08-07,600680,*ST上普,电子元件,8.66,9.08,8.38,9.0,8.38,2686655,24179895.00,3.5336,,,否,,,,,,否,304925337,76032187,2744328033.00,684289683.00,,,,8.76,8.77,8.47,8.13,9.52,11.33,11.50,1993-10-18,2018-04-27
2008-08-08,600680,*ST上普,电子元件,9.0,9.0,8.11,8.11,8.11,1611880,13072346.80,2.1200,,,否,,,,,,否,304925337,76032187,2472944483.07,616621036.57,,,,8.58,8.70,8.49,8.16,9.43,11.30,11.48,1993-10-18,2018-04-27
2008-08-11,600680,*ST上普,电子元件,7.93,8.07,7.3,7.68,7.3,3195436,24540948.48,4.2027,,,否,,,,,,否,304925337,76032187,2341826588.16,583927196.16,,,,8.42,8.59,8.47,8.18,9.32,11.26,11.47,1993-10-18,2018-04-27
2008-08-12,600680,*ST上普,电子元件,7.63,7.8,6.91,7.18,6.91,1495752,10739499.36,1.9673,,,否,,,,,,否,304925337,76032187,2189363919.66,545911102.66,,,,8.13,8.45,8.45,8.19,9.22,11.22,11.45,1993-10-18,2018-04-27
2008-08-13,600680,*ST上普,电子元件,7.11,7.25,6.59,7.12,6.59,1079696,7687435.52,1.4201,,,否,,,,,,否,304925337,76032187,2171068399.44,541349171.44,,,,7.82,8.29,8.44,8.20,9.11,11.17,11.43,1993-10-18,2018-04-27
2008-08-14,600680,*ST上普,电子元件,7.04,7.22,6.98,7.21,6.98,928831,6696871.51,1.2216,,,否,,,,,,否,304925337,76032187,2198511679.77,548192068.27,,,,7.46,8.11,8.43,8.20,9.02,11.12,11.41,1993-10-18,2018-04-27
2008-08-15,600680,*ST上普,电子元件,7.25,7.4,7.08,7.17,7.08,888953,6373793.01,1.1692,,,否,,,,,,否,304925337,76032187,2186314666.29,545150780.79,,,,7.27,7.93,8.38,8.20,8.94,11.08,11.39,1993-10-18,2018-04-27
2008-08-18,600680,*ST上普,电子元件,7.09,7.32,6.45,6.45,6.45,782932,5049911.40,1.0297,,,否,,,,,,否,304925337,76032187,1966768423.65,490407606.15,,,,7.03,7.72,8.27,8.16,8.84,11.03,11.36,1993-10-18,2018-04-27
2008-08-19,600680,*ST上普,电子元件,6.26,6.57,6.09,6.33,6.09,689189,4362566.37,1.1338,,,否,,,,,,否,382225337,60785920,2419486383.21,384774873.60,,,,6.86,7.49,8.15,8.10,8.72,10.98,11.34,1993-10-18,2018-04-27
2008-08-20,600680,*ST上普,电子元件,6.33,6.97,6.21,6.96,6.21,1632312,11360891.52,2.6853,,,否,,,,,,否,382225337,60785920,2660288345.52,423070003.20,,,,6.82,7.32,8.05,8.06,8.61,10.93,11.31,1993-10-18,2018-04-27
2008-08-21,600680,*ST上普,电子元件,6.79,7.18,6.68,7.13,6.68,1903612,13572753.56,3.1317,,,否,,,,,,否,382225337,60785920,2725266652.81,433403609.60,,,,6.81,7.13,7.95,8.03,8.52,10.88,11.29,1993-10-18,2018-04-27
2008-08-22,600680,*ST上普,电子元件,7.29,7.85,7.18,7.85,7.18,5583435,43829964.75,9.1854,,,否,,,,,,是,382225337,60785920,3000468895.45,477169472.00,,,,6.94,7.11,7.90,8.03,8.45,10.83,11.27,1993-10-18,2018-04-27
2008-08-25,600680,*ST上普,电子元件,7.67,7.95,7.37,7.55,7.37,4506882,34026959.10,7.4144,,,否,,,,,,否,382225337,60785920,2885801294.35,458933696.00,,,,7.16,7.10,7.84,8.01,8.38,10.78,11.25,1993-10-18,2018-04-27
2008-08-26,600680,*ST上普,电子元件,7.27,7.44,6.79,6.81,6.79,3687852,25114272.12,6.0670,,,否,,,,,,否,382225337,60785920,2602954544.97,413952115.20,,,,7.26,7.06,7.76,7.99,8.30,10.71,11.23,1993-10-18,2018-04-27
2008-08-27,600680,*ST上普,电子元件,6.79,7.18,6.34,7.06,6.34,4096302,28919892.12,6.7389,,,否,,,,,,否,382225337,60785920,2698510879.22,429148595.20,,,,7.28,7.05,7.67,7.98,8.21,10.65,11.21,1993-10-18,2018-04-27
2008-08-28,600680,*ST上普,电子元件,7.04,7.15,6.8,6.85,6.8,2226605,15252244.25,3.6630,,,否,,,,,,否,382225337,60785920,2618243558.45,416383552.00,,,,7.22,7.02,7.56,7.96,8.13,10.58,11.19,1993-10-18,2018-04-27
2008-08-29,600680,*ST上普,电子元件,6.88,7.32,6.73,7.11,6.73,3270397,23252522.67,5.3802,,,否,,,,,,否,382225337,60785920,2717622146.07,432187891.20,,,,7.08,7.01,7.47,7.92,8.06,10.51,11.17,1993-10-18,2018-04-27
2008-09-01,600680,*ST上普,电子元件,7.0,7.15,6.81,6.98,6.81,1853464,12937178.72,3.0492,,,否,,,,,,否,382225337,60785920,2667932852.26,424285721.60,,,,6.96,7.06,7.39,7.87,7.99,10.44,11.15,1993-10-18,2018-04-27
2008-09-02,600680,*ST上普,电子元件,6.9,7.31,6.81,7.21,6.81,2856783,20597405.43,4.6997,,,否,,,,,,否,382225337,60785920,2755844679.77,438266483.20,,,,7.04,7.15,7.32,7.82,7.91,10.37,11.13,1993-10-18,2018-04-27
2008-09-03,600680,*ST上普,电子元件,7.12,7.2,6.74,6.83,6.74,1970139,13456049.37,3.2411,,,否,,,,,,否,382225337,60785920,2610599051.71,415167833.60,,,,7.00,7.14,7.23,7.75,7.84,10.31,11.11,1993-10-18,2018-04-27
2008-09-04,600680,*ST上普,电子元件,6.83,7.08,6.83,6.93,6.83,1136085,7873069.05,1.8690,,,否,,,,,,否,382225337,60785920,2648821585.41,421246425.60,,,,7.01,7.12,7.13,7.67,7.78,10.24,11.08,1993-10-18,2018-04-27
2008-09-05,600680,*ST上普,电子元件,6.93,6.93,6.48,6.58,6.48,1458281,9595488.98,2.3990,,,否,,,,,,否,382225337,60785920,2515042717.46,399971353.60,,,,6.91,6.99,7.05,7.60,7.72,10.17,11.06,1993-10-18,2018-04-27
2008-09-08,600680,*ST上普,电子元件,6.6,6.88,6.28,6.31,6.28,2580992,16286059.52,4.2460,,,否,,,,,,否,382225337,60785920,2411841876.47,383559155.20,,,,6.77,6.87,6.98,7.52,7.67,10.12,11.04,1993-10-18,2018-04-27
2008-09-09,600680,*ST上普,电子元件,6.38,6.61,6.33,6.57,6.33,1671213,10979869.41,2.7493,,,否,,,,,,否,382225337,60785920,2511220464.09,399363494.40,,,,6.64,6.84,6.95,7.45,7.63,10.07,11.01,1993-10-18,2018-04-27
2008-09-10,600680,*ST上普,电子元件,6.29,6.95,6.29,6.83,6.29,2561760,17496820.80,4.2144,,,否,,,,,,否,382225337,60785920,2610599051.71,415167833.60,,,,6.64,6.82,6.94,7.39,7.62,10.01,10.99,1993-10-18,2018-04-27
2008-09-11,600680,*ST上普,电子元件,6.74,6.89,6.52,6.6,6.52,1649118,10884178.80,2.7130,,,否,,,,,,否,382225337,60785920,2522687224.20,401187072.00,,,,6.58,6.80,6.91,7.31,7.59,9.96,10.98,1993-10-18,2018-04-27
2008-09-12,600680,*ST上普,电子元件,6.59,6.68,6.33,6.37,6.33,1491155,9498657.35,2.4531,,,否,,,,,,否,382225337,60785920,2434775396.69,387206310.40,,,,6.54,6.72,6.87,7.22,7.58,9.90,10.95,1993-10-18,2018-04-27
2008-09-16,600680,*ST上普,电子元件,6.36,6.47,5.73,5.73,5.73,2701821,15481434.33,4.4448,,,否,,,,,,否,382225337,60785920,2190151181.01,348303321.60,,,,6.42,6.60,6.83,7.13,7.56,9.84,10.93,1993-10-18,2018-04-27
2008-09-17,600680,*ST上普,电子元件,5.74,5.79,5.17,5.25,5.17,5631933,29567648.25,9.2652,,,否,,,,,,否,382225337,60785920,2006683019.25,319126080.00,,,,6.16,6.40,6.78,7.01,7.53,9.77,10.90,1993-10-18,2018-04-27
2008-09-18,600680,*ST上普,电子元件,5.04,5.23,4.74,5.11,4.74,3827027,19556107.97,6.2959,,,否,,,,,,否,382225337,60785920,1953171472.07,310616051.20,,,,5.81,6.23,6.68,6.90,7.49,9.71,10.86,1993-10-18,2018-04-27
2008-09-19,600680,*ST上普,电子元件,5.61,5.61,5.4,5.61,5.4,3004244,16853808.84,4.9423,,,否,,,,,,是,382225337,60785920,2144284140.57,341009011.20,,,,5.61,6.10,6.61,6.78,7.45,9.65,10.84,1993-10-18,2018-04-27
2008-09-22,600680,*ST上普,电子元件,5.92,6.15,5.48,5.81,5.48,5362310,31155021.10,8.8216,,,否,,,,,,否,382225337,60785920,2220729207.97,353166195.20,,,,5.50,6.02,6.51,6.71,7.44,9.58,10.81,1993-10-18,2018-04-27
2008-09-23,600680,*ST上普,电子元件,5.56,5.63,5.23,5.24,5.23,2804942,14697896.08,4.6145,,,否,,,,,,否,382225337,60785920,2002860765.88,318518220.80,,,,5.40,5.91,6.39,6.62,7.40,9.52,10.78,1993-10-18,2018-04-27
2008-09-24,600680,*ST上普,电子元件,5.17,5.6,5.05,5.58,5.05,3224385,17992068.30,5.3045,,,否,,,,,,否,382225337,60785920,2132817380.46,339185433.60,,,,5.47,5.81,6.33,6.57,7.38,9.46,10.75,1993-10-18,2018-04-27
2008-09-25,600680,*ST上普,电子元件,5.61,5.78,5.53,5.64,5.53,3804374,21456669.36,6.2586,,,否,,,,,,否,382225337,60785920,2155750900.68,342832588.80,,,,5.58,5.69,6.26,6.52,7.36,9.41,10.73,1993-10-18,2018-04-27
2008-09-26,600680,*ST上普,电子元件,5.65,5.78,5.61,5.72,5.61,3075486,17591779.92,5.0595,,,否,,,,,,否,382225337,60785920,2186328927.64,347695462.40,,,,5.60,5.61,6.20,6.47,7.34,9.36,10.70,1993-10-18,2018-04-27
2008-10-06,600680,*ST上普,电子元件,5.55,5.55,5.27,5.38,5.27,2185935,11760330.30,3.5961,,,否,,,,,,否,382225337,60785920,2056372313.06,327028249.60,,,,5.51,5.51,6.11,6.41,7.31,9.31,10.67,1993-10-18,2018-04-27
2008-10-07,600680,*ST上普,电子元件,5.17,5.47,5.12,5.38,5.12,1513322,8141672.36,2.4896,,,否,,,,,,否,382225337,60785920,2056372313.06,327028249.60,,,,5.54,5.47,6.03,6.38,7.27,9.25,10.64,1993-10-18,2018-04-27
2008-10-08,600680,*ST上普,电子元件,5.23,5.31,5.05,5.09,5.05,1464640,7455017.60,2.4095,,,否,,,,,,否,382225337,60785920,1945526965.33,309400332.80,,,,5.44,5.46,5.93,6.34,7.22,9.19,10.61,1993-10-18,2018-04-27
2008-10-09,600680,*ST上普,电子元件,5.23,5.23,5.0,5.01,5.0,1049276,5256872.76,1.7262,,,否,,,,,,否,382225337,60785920,1914948938.37,304537459.20,,,,5.32,5.45,5.84,6.27,7.16,9.13,10.58,1993-10-18,2018-04-27
2008-10-10,600680,*ST上普,电子元件,4.79,4.87,4.51,4.52,4.51,1499891,6779507.32,2.4675,,,否,,,,,,否,382225337,60785920,1727658523.24,274752358.40,,,,5.08,5.34,5.72,6.18,7.11,9.06,10.55,1993-10-18,2018-04-27
2008-10-13,600680,*ST上普,电子元件,4.49,4.63,4.22,4.61,4.22,1303097,6007277.17,2.1437,,,否,,,,,,否,382225337,60785920,1762058803.57,280223091.20,,,,4.92,5.22,5.62,6.08,7.05,9.00,10.52,1993-10-18,2018-04-27
2008-10-14,600680,*ST上普,电子元件,4.78,4.82,4.42,4.43,4.42,1378327,6105988.61,2.2675,,,否,,,,,,否,382225337,60785920,1693258242.91,269281625.60,,,,4.73,5.14,5.52,5.97,6.99,8.93,10.49,1993-10-18,2018-04-27
2008-10-15,600680,*ST上普,电子元件,4.43,4.52,4.31,4.49,4.31,956211,4293387.39,1.5731,,,否,,,,,,否,382225337,60785920,1716191763.13,272928780.80,,,,4.61,5.03,5.42,5.89,6.94,8.87,10.46,1993-10-18,2018-04-27
2008-10-16,600680,*ST上普,电子元件,4.31,4.68,4.19,4.36,4.19,2193742,9564715.12,3.6090,,,否,,,,,,否,382225337,60785920,1666502469.32,265026611.20,,,,4.48,4.90,5.30,5.80,6.89,8.81,10.43,1993-10-18,2018-04-27
2008-10-17,600680,*ST上普,电子元件,4.54,4.54,4.36,4.44,4.36,1315669,5841570.36,2.1644,,,否,,,,,,否,382225337,60785920,1697080496.28,269889484.80,,,,4.47,4.77,5.19,5.72,6.84,8.75,10.40,1993-10-18,2018-04-27
2008-10-20,600680,*ST上普,电子元件,4.44,4.61,4.25,4.6,4.25,1566776,7207169.60,2.5775,,,否,,,,,,否,382225337,60785920,1758236550.20,279615232.00,,,,4.46,4.69,5.10,5.64,6.78,8.69,10.36,1993-10-18,2018-04-27
2008-10-21,600680,*ST上普,电子元件,4.59,4.75,4.52,4.6,4.52,1880356,8649637.60,3.0934,,,否,,,,,,否,382225337,60785920,1758236550.20,279615232.00,,,,4.50,4.62,5.04,5.56,6.71,8.63,10.33,1993-10-18,2018-04-27
2008-10-22,600680,*ST上普,电子元件,4.57,4.62,4.42,4.43,4.42,1090949,4832904.07,1.7947,,,否,,,,,,否,382225337,60785920,1693258242.91,269281625.60,,,,4.49,4.55,5.00,5.47,6.64,8.57,10.30,1993-10-18,2018-04-27
2008-10-23,600680,*ST上普,电子元件,4.32,4.53,4.24,4.47,4.24,986673,4410428.31,1.6232,,,否,,,,,,否,382225337,60785920,1708547256.39,271713062.40,,,,4.51,4.50,4.97,5.39,6.57,8.50,10.27,1993-10-18,2018-04-27
2008-10-24,600680,*ST上普,电子元件,4.51,4.57,4.43,4.45,4.43,1025678,4564267.10,1.6874,,,否,,,,,,否,382225337,60785920,1700902749.65,270497344.00,,,,4.51,4.49,4.91,5.31,6.49,8.42,10.25,1993-10-18,2018-04-27
2008-10-27,600680,*ST上普,电子元件,4.29,4.46,4.06,4.35,4.06,2655955,11553404.25,4.3694,,,否,,,,,,否,382225337,60785920,1662680215.95,264418752.00,,,,4.46,4.46,4.84,5.23,6.42,8.35,10.22,1993-10-18,2018-04-27
2008-10-28,600680,*ST上普,电子元件,4.29,4.57,4.08,4.55,4.08,2933759,13348603.45,4.8264,,,否,,,,,,否,382225337,60785920,1739125283.35,276575936.00,,,,4.45,4.47,4.81,5.17,6.34,8.28,10.19,1993-10-18,2018-04-27
2008-10-29,600680,*ST上普,电子元件,4.55,5.01,4.47,4.78,4.47,10329636,49375660.08,16.9935,,,否,,,,,,否,382225337,60785920,1827037110.86,290556697.60,,,,4.52,4.50,4.77,5.11,6.28,8.21,10.17,1993-10-18,2018-04-27
2008-10-30,600680,*ST上普,电子元件,4.7,5.05,4.49,4.92,4.49,9357422,46038516.24,15.3941,,,否,,,,,,否,382225337,60785920,1880548658.04,299066726.40,,,,4.61,4.56,4.73,5.05,6.22,8.14,10.14,1993-10-18,2018-04-27
2008-10-31,600680,*ST上普,电子元件,4.89,4.9,4.43,4.44,4.43,5578325,24767763.00,9.1770,,,否,,,,,,否,382225337,60785920,1697080496.28,269889484.80,,,,4.61,4.56,4.67,4.98,6.14,8.06,10.11,1993-10-18,2018-04-27
2008-11-03,600680,*ST上普,电子元件,4.3,4.31,4.0,4.0,4.0,3857053,15428212.00,6.3453,,,否,,,,,,否,382225337,60785920,1528901348.00,243143680.00,,,,4.54,4.50,4.60,4.90,6.06,7.98,10.09,1993-10-18,2018-04-27
2008-11-04,600680,*ST上普,电子元件,3.94,4.07,3.74,3.83,3.74,2749253,10529638.99,4.5228,,,否,,,,,,否,382225337,60785920,1463923040.71,232810073.60,,,,4.39,4.42,4.52,4.84,5.98,7.89,10.06,1993-10-18,2018-04-27
2008-11-05,600680,*ST上普,电子元件,3.97,4.03,3.88,3.97,3.88,2752494,10927401.18,4.5282,,,否,,,,,,否,382225337,60785920,1517434587.89,241320102.40,,,,4.23,4.38,4.46,4.79,5.90,7.80,10.04,1993-10-18,2018-04-27
2008-11-06,600680,*ST上普,电子元件,3.88,3.92,3.7,3.78,3.7,2324693,8787339.54,3.8244,,,否,,,,,,否,382225337,60785920,1444811773.86,229770777.60,,,,4.00,4.31,4.40,4.75,5.82,7.71,10.02,1993-10-18,2018-04-27
2008-11-07,600680,*ST上普,电子元件,3.69,3.91,3.64,3.87,3.64,1940592,7510091.04,3.1925,,,否,,,,,,否,382225337,60785920,1479212054.19,235241510.40,,,,3.89,4.25,4.37,4.69,5.74,7.63,9.99,1993-10-18,2018-04-27
2008-11-10,600680,*ST上普,电子元件,3.93,4.2,3.93,4.18,3.93,3626083,15157026.94,5.9653,,,否,,,,,,否,382225337,60785920,1597701908.66,254085145.60,,,,3.93,4.23,4.35,4.64,5.67,7.55,9.97,1993-10-18,2018-04-27
2008-11-11,600680,*ST上普,电子元件,4.14,4.34,4.1,4.27,4.1,4006505,17107776.35,6.5912,,,否,,,,,,否,382225337,60785920,1632102188.99,259555878.40,,,,4.01,4.20,4.34,4.60,5.61,7.47,9.95,1993-10-18,2018-04-27
2008-11-12,600680,*ST上普,电子元件,4.25,4.46,4.21,4.44,4.21,3486957,15482089.08,5.7365,,,否,,,,,,否,382225337,60785920,1697080496.28,269889484.80,,,,4.11,4.17,4.34,4.57,5.57,7.39,9.93,1993-10-18,2018-04-27
2008-11-13,600680,*ST上普,电子元件,4.42,4.72,4.27,4.6,4.27,5160348,23737600.80,8.4894,,,否,,,,,,否,382225337,60785920,1758236550.20,279615232.00,,,,4.27,4.14,4.35,4.53,5.53,7.32,9.91,1993-10-18,2018-04-27
2008-11-14,600680,*ST上普,电子元件,4.62,4.81,4.5,4.78,4.5,4929671,23563827.38,8.1099,,,否,,,,,,否,382225337,60785920,1827037110.86,290556697.60,,,,4.45,4.17,4.37,4.50,5.49,7.26,9.89,1993-10-18,2018-04-27
2008-11-17,600680,*ST上普,电子元件,4.69,5.1,4.65,5.02,4.65,5038119,25291357.38,8.2883,,,否,,,,,,否,382225337,60785920,1918771191.74,305145318.40,,,,4.62,4.27,4.39,4.49,5.45,7.20,9.87,1993-10-18,2018-04-27
2008-11-18,600680,*ST上普,电子元件,4.99,5.01,4.52,4.52,4.52,4063610,18367517.20,6.6851,,,否,,,,,,否,382225337,60785920,1727658523.24,274752358.40,,,,4.67,4.34,4.38,4.46,5.42,7.13,9.85,1993-10-18,2018-04-27
2008-11-19,600680,*ST上普,电子元件,4.77,4.97,4.76,4.97,4.76,4438293,22058316.21,7.3015,,,否,,,,,,是,382225337,60785920,1899659924.89,302106022.40,,,,4.78,4.44,4.41,4.46,5.40,7.06,9.83,1993-10-18,2018-04-27
2008-11-20,600680,*ST上普,电子元件,5.37,5.46,5.18,5.46,5.18,9482683,51775449.18,15.6001,,,否,,,,,,是,382225337,60785920,2086950340.02,331891123.20,,,,4.95,4.61,4.46,4.47,5.37,6.99,9.82,1993-10-18,2018-04-27
2008-11-24,600680,*ST上普,电子元件,5.06,5.28,4.92,4.92,4.92,7965780,39191637.60,13.1046,,,否,,,,,,否,382225337,60785920,1880548658.04,299066726.40,,,,4.98,4.72,4.48,4.48,5.33,6.93,9.80,1993-10-18,2018-04-27
2008-11-25,600680,*ST上普,电子元件,4.95,5.09,4.65,5.05,4.65,4565249,23054507.45,7.5104,,,否,,,,,,否,382225337,60785920,1930237951.85,306968896.00,,,,4.98,4.80,4.52,4.50,5.29,6.87,9.78,1993-10-18,2018-04-27
2008-11-26,600680,*ST上普,电子元件,5.05,5.09,4.8,4.84,4.8,3196367,15470416.28,5.2584,,,否,,,,,,否,382225337,60785920,1849970631.08,294203852.80,,,,5.05,4.86,4.53,4.51,5.24,6.81,9.76,1993-10-18,2018-04-27
2008-11-27,600680,*ST上普,电子元件,5.13,5.26,4.89,4.96,4.89,5053602,25065865.92,8.3138,,,否,,,,,,否,382225337,60785920,1895837671.52,301498163.20,,,,5.05,4.91,4.54,4.53,5.21,6.75,9.74,1993-10-18,2018-04-27
2008-11-28,600680,*ST上普,电子元件,4.94,4.95,4.76,4.83,4.76,1968840,9509497.20,3.2390,,,否,,,,,,否,382225337,60785920,1846148377.71,293595993.60,,,,4.92,4.94,4.54,4.54,5.17,6.69,9.72,1993-10-18,2018-04-27
2008-12-01,600680,*ST上普,电子元件,4.87,5.17,4.79,5.13,4.79,4623664,23719396.32,7.6065,,,否,,,,,,否,382225337,60785920,1960815978.81,311831769.60,,,,4.96,4.97,4.57,4.57,5.15,6.64,9.70,1993-10-18,2018-04-27
2008-12-02,600680,*ST上普,电子元件,4.99,5.6,4.95,5.23,4.95,5417014,28330983.22,8.9116,,,否,,,,,,否,382225337,60785920,1999038512.51,317910361.60,,,,5.00,4.99,4.63,4.59,5.11,6.59,9.68,1993-10-18,2018-04-27
2008-12-03,600680,*ST上普,电子元件,5.26,5.64,5.25,5.58,5.25,5208459,29063201.22,8.5685,,,否,,,,,,否,382225337,60785920,2132817380.46,339185433.60,,,,5.15,5.10,4.72,4.62,5.09,6.54,9.66,1993-10-18,2018-04-27
2008-12-04,600680,*ST上普,电子元件,5.6,5.78,5.38,5.41,5.38,5468245,29583205.45,8.9959,,,否,,,,,,否,382225337,60785920,2067839073.17,328851827.20,,,,5.24,5.14,4.79,4.65,5.06,6.49,9.63,1993-10-18,2018-04-27
2008-12-05,600680,*ST上普,电子元件,5.53,5.95,5.53,5.95,5.53,6373166,37920337.70,10.4846,,,否,,,,,,是,382225337,60785920,2274240755.15,361676224.00,,,,5.46,5.19,4.90,4.70,5.05,6.45,9.62,1993-10-18,2018-04-27
2008-12-08,600680,*ST上普,电子元件,6.28,6.36,6.03,6.13,6.03,11601557,71117544.41,19.0859,,,否,,,,,,否,382225337,60785920,2343041315.81,372617689.60,,,,5.66,5.31,5.01,4.76,5.03,6.40,9.60,1993-10-18,2018-04-27
2008-12-09,600680,*ST上普,电子元件,6.13,6.46,6.0,6.36,6.0,6873511,43715529.96,11.3077,,,否,,,,,,否,382225337,60785920,2430953143.32,386598451.20,,,,5.89,5.44,5.12,4.83,5.03,6.37,9.59,1993-10-18,2018-04-27
2008-12-10,600680,*ST上普,电子元件,6.19,6.8,6.16,6.5,6.16,7772914,50523941.00,12.7874,,,否,,,,,,否,382225337,60785920,2484464690.50,395108480.00,,,,6.07,5.61,5.23,4.89,5.03,6.35,9.57,1993-10-18,2018-04-27
2008-12-11,600680,*ST上普,电子元件,6.5,6.51,6.08,6.1,6.08,5628174,34331861.40,9.2590,,,否,,,,,,否,382225337,60785920,2331574555.70,370794112.00,,,,6.21,5.72,5.32,4.93,5.02,6.33,9.56,1993-10-18,2018-04-27
2008-12-12,600680,*ST上普,电子元件,6.0,6.58,5.99,6.25,5.99,7814051,48837818.75,12.8550,,,否,,,,,,否,382225337,60785920,2388908356.25,379912000.00,,,,6.27,5.86,5.40,4.98,5.01,6.32,9.54,1993-10-18,2018-04-27
2008-12-15,600680,*ST上普,电子元件,6.18,6.62,6.13,6.3,6.13,5767662,36336270.60,9.4885,,,否,,,,,,否,382225337,60785920,2408019623.10,382951296.00,,,,6.30,5.98,5.48,5.04,5.01,6.30,9.53,1993-10-18,2018-04-27
2008-12-16,600680,*ST上普,电子元件,6.23,6.23,5.67,6.04,5.67,4171089,25193377.56,6.8619,,,否,,,,,,否,382225337,60785920,2308641035.48,367146956.80,,,,6.24,6.06,5.53,5.11,5.00,6.29,9.51,1993-10-18,2018-04-27
2008-12-17,600680,*ST上普,电子元件,6.06,6.28,5.98,6.12,5.98,3812897,23334929.64,6.2727,,,否,,,,,,否,382225337,60785920,2339219062.44,372009830.40,,,,6.16,6.12,5.61,5.19,5.01,6.28,9.49,1993-10-18,2018-04-27
2008-12-18,600680,*ST上普,电子元件,6.13,6.55,6.04,6.53,6.04,6166037,40264221.61,10.1439,,,否,,,,,,否,382225337,60785920,2495931450.61,396932057.60,,,,6.25,6.23,5.68,5.27,5.03,6.28,9.48,1993-10-18,2018-04-27
2008-12-19,600680,*ST上普,电子元件,6.53,6.55,6.34,6.37,6.34,5047366,32151721.42,8.3035,,,否,,,,,,否,382225337,60785920,2434775396.69,387206310.40,,,,6.27,6.27,5.73,5.36,5.05,6.27,9.46,1993-10-18,2018-04-27
2008-12-22,600680,*ST上普,电子元件,6.47,6.98,6.46,6.72,6.46,8508094,57174391.68,13.9968,,,否,,,,,,否,382225337,60785920,2568554264.64,408481382.40,,,,6.36,6.33,5.82,5.45,5.07,6.26,9.45,1993-10-18,2018-04-27
2008-12-23,600680,*ST上普,电子元件,6.56,6.64,6.05,6.12,6.05,5275832,32288091.84,8.6794,,,否,,,,,,否,382225337,60785920,2339219062.44,372009830.40,,,,6.37,6.31,5.87,5.52,5.08,6.26,9.43,1993-10-18,2018-04-27
2008-12-25,600680,*ST上普,电子元件,6.03,6.22,5.72,5.87,5.72,3550471,20841264.77,5.8409,,,否,,,,,,否,382225337,60785920,2243662728.19,356813350.40,,,,6.32,6.24,5.93,5.57,5.09,6.24,9.41,1993-10-18,2018-04-27
2008-12-26,600680,*ST上普,电子元件,5.78,6.07,5.67,5.88,5.67,2888176,16982474.88,4.7514,,,否,,,,,,否,382225337,60785920,2247484981.56,357421209.60,,,,6.19,6.22,5.97,5.62,5.09,6.24,9.39,1993-10-18,2018-04-27
2008-12-29,600680,*ST上普,电子元件,5.83,5.88,5.49,5.78,5.49,1647040,9519891.20,2.7096,,,否,,,,,,否,382225337,60785920,2209262447.86,351342617.60,,,,6.07,6.17,6.02,5.66,5.09,6.23,9.37,1993-10-18,2018-04-27
2008-12-30,600680,*ST上普,电子元件,5.77,5.91,5.71,5.78,5.71,1711451,9892186.78,2.8155,,,否,,,,,,否,382225337,60785920,2209262447.86,351342617.60,,,,5.89,6.12,6.05,5.69,5.10,6.22,9.35,1993-10-18,2018-04-27
2008-12-31,600680,*ST上普,电子元件,5.69,5.89,5.67,5.67,5.67,1644920,9326696.40,2.1635,,,否,,,,,,否,382225337,76032187,2167217660.79,431102500.29,,,,5.80,6.08,6.07,5.71,5.10,6.20,9.33,1993-10-18,2018-04-27
2009-01-05,600680,*ST上普,电子元件,5.88,6.08,5.74,5.87,5.74,2603795,15284276.65,3.4246,,,否,,,,,,否,382225337,76032187,2243662728.19,446308937.69,,,,5.80,6.06,6.09,5.76,5.11,6.19,9.31,1993-10-18,2018-04-27
2009-01-06,600680,*ST上普,电子元件,5.79,6.46,5.79,6.46,5.79,6620033,42765413.18,8.7069,,,否,,,,,,是,382225337,76032187,2469175677.02,491167928.02,,,,5.91,6.05,6.14,5.81,5.13,6.18,9.29,1993-10-18,2018-04-27
2009-01-07,600680,*ST上普,电子元件,6.44,6.8,6.26,6.39,6.26,8363553,53443103.67,11.0000,,,否,,,,,,否,382225337,76032187,2442419903.43,485845674.93,,,,6.03,6.05,6.16,5.84,5.15,6.16,9.27,1993-10-18,2018-04-27
2009-01-08,600680,*ST上普,电子元件,6.28,6.28,5.96,5.98,5.96,4999706,29898241.88,6.5758,,,否,,,,,,否,382225337,76032187,2285707515.26,454672478.26,,,,6.07,5.98,6.15,5.87,5.18,6.14,9.25,1993-10-18,2018-04-27
2009-01-09,600680,*ST上普,电子元件,5.98,6.19,5.93,6.14,5.93,2792155,17143831.70,3.6723,,,否,,,,,,否,382225337,76032187,2346863569.18,466837628.18,,,,6.17,5.98,6.14,5.91,5.20,6.13,9.23,1993-10-18,2018-04-27
2009-01-12,600680,*ST上普,电子元件,6.06,6.33,6.06,6.15,6.06,2812853,17299045.95,3.6996,,,否,,,,,,否,382225337,76032187,2350685822.55,467597950.05,,,,6.22,6.01,6.13,5.95,5.23,6.11,9.21,1993-10-18,2018-04-27
2009-01-13,600680,*ST上普,电子元件,6.12,6.23,5.99,6.01,5.99,2137983,12849277.83,2.8119,,,否,,,,,,否,382225337,76032187,2297174275.37,456953443.87,,,,6.13,6.02,6.12,5.99,5.26,6.10,9.18,1993-10-18,2018-04-27
2009-01-14,600680,*ST上普,电子元件,6.01,6.23,5.98,6.22,5.98,2770522,17232646.84,3.6439,,,否,,,,,,否,382225337,76032187,2377441596.14,472920203.14,,,,6.10,6.07,6.12,6.03,5.29,6.09,9.16,1993-10-18,2018-04-27
2009-01-15,600680,*ST上普,电子元件,6.18,6.54,6.14,6.35,6.14,5582885,35451319.75,7.3428,,,否,,,,,,否,382225337,76032187,2427130889.95,482804387.45,,,,6.17,6.12,6.12,6.08,5.32,6.08,9.13,1993-10-18,2018-04-27
2009-01-16,600680,*ST上普,电子元件,6.29,6.63,6.24,6.27,6.24,3754373,23539918.71,4.9379,,,否,,,,,,否,382225337,76032187,2396552862.99,476721812.49,,,,6.20,6.18,6.13,6.11,5.35,6.07,9.11,1993-10-18,2018-04-27
2009-01-19,600680,*ST上普,电子元件,6.37,6.54,6.25,6.51,6.25,4757863,30973688.13,6.2577,,,否,,,,,,否,382225337,76032187,2488286943.87,494969537.37,,,,6.27,6.25,6.15,6.14,5.38,6.05,9.08,1993-10-18,2018-04-27
2009-01-20,600680,*ST上普,电子元件,6.56,6.57,6.27,6.41,6.27,2477353,15879832.73,3.2583,,,否,,,,,,否,382225337,76032187,2450064410.17,487366318.67,,,,6.35,6.24,6.15,6.17,5.41,6.03,9.05,1993-10-18,2018-04-27
2009-01-21,600680,*ST上普,电子元件,6.37,6.44,6.28,6.31,6.28,1805349,11391752.19,2.3745,,,否,,,,,,否,382225337,76032187,2411841876.47,479763099.97,,,,6.37,6.24,6.14,6.19,5.44,6.01,9.03,1993-10-18,2018-04-27
2009-01-22,600680,*ST上普,电子元件,6.38,6.42,6.28,6.38,6.28,1761267,11236883.46,2.3165,,,否,,,,,,否,382225337,76032187,2438597650.06,485085353.06,,,,6.38,6.28,6.13,6.19,5.48,5.98,9.00,1993-10-18,2018-04-27
2009-01-23,600680,*ST上普,电子元件,6.38,6.53,6.31,6.32,6.31,2407514,15215488.48,3.1664,,,否,,,,,,否,382225337,76032187,2415664129.84,480523421.84,,,,6.39,6.29,6.14,6.19,5.51,5.96,8.97,1993-10-18,2018-04-27
2009-02-02,600680,*ST上普,电子元件,6.38,6.58,6.24,6.57,6.24,2997152,19691288.64,3.9420,,,否,,,,,,否,382225337,76032187,2511220464.09,499531468.59,,,,6.40,6.34,6.17,6.20,5.54,5.94,8.94,1993-10-18,2018-04-27
2009-02-03,600680,*ST上普,电子元件,6.5,6.8,6.5,6.78,6.5,6130732,41566362.96,8.0633,,,否,,,,,,否,382225337,76032187,2591487784.86,515498227.86,,,,6.47,6.41,6.22,6.22,5.58,5.93,8.91,1993-10-18,2018-04-27
2009-02-04,600680,*ST上普,电子元件,6.79,6.93,6.63,6.83,6.63,5957645,40690715.35,7.8357,,,否,,,,,,否,382225337,76032187,2610599051.71,519299837.21,,,,6.58,6.47,6.27,6.24,5.61,5.91,8.88,1993-10-18,2018-04-27
2009-02-05,600680,*ST上普,电子元件,6.78,6.87,6.54,6.63,6.54,4884458,32383956.54,6.4242,,,否,,,,,,否,382225337,76032187,2534153984.31,504093399.81,,,,6.63,6.50,6.31,6.25,5.64,5.89,8.85,1993-10-18,2018-04-27
2009-02-06,600680,*ST上普,电子元件,6.67,6.95,6.67,6.91,6.67,5749447,39728678.77,7.5619,,,否,,,,,,否,382225337,76032187,2641177078.67,525382412.17,,,,6.74,6.57,6.37,6.28,5.69,5.88,8.83,1993-10-18,2018-04-27
2009-02-09,600680,*ST上普,电子元件,7.0,7.11,6.84,7.06,6.84,5421599,38276488.94,7.1307,,,否,,,,,,否,382225337,76032187,2698510879.22,536787240.22,,,,6.84,6.62,6.43,6.31,5.75,5.86,8.80,1993-10-18,2018-04-27
2009-02-10,600680,*ST上普,电子元件,6.98,7.3,6.91,7.27,6.91,5247336,38148132.72,6.9015,,,否,,,,,,否,382225337,76032187,2778778199.99,552753999.49,,,,6.94,6.71,6.47,6.33,5.80,5.85,8.77,1993-10-18,2018-04-27
2009-02-11,600680,*ST上普,电子元件,7.11,7.54,7.04,7.25,7.04,6342018,45979630.50,8.3412,,,否,,,,,,否,382225337,76032187,2771133693.25,551233355.75,,,,7.02,6.80,6.52,6.36,5.86,5.84,8.75,1993-10-18,2018-04-27
2009-02-12,600680,*ST上普,电子元件,7.24,7.71,7.18,7.59,7.18,6421241,48737219.19,8.4454,,,否,,,,,,否,382225337,76032187,2901090307.83,577084299.33,,,,7.22,6.92,6.60,6.39,5.92,5.83,8.73,1993-10-18,2018-04-27
2009-02-13,600680,*ST上普,电子元件,7.6,7.77,7.4,7.68,7.4,6284573,48265520.64,8.2657,,,否,,,,,,否,382225337,76032187,2935490588.16,583927196.16,,,,7.37,7.06,6.68,6.44,5.98,5.83,8.71,1993-10-18,2018-04-27
2009-02-16,600680,*ST上普,电子元件,7.78,7.82,7.5,7.72,7.5,4928482,38047881.04,6.4821,,,否,,,,,,否,382225337,76032187,2950779601.64,586968483.64,,,,7.50,7.17,6.75,6.51,6.04,5.83,8.68,1993-10-18,2018-04-27
2009-02-17,600680,*ST上普,电子元件,7.68,7.71,7.23,7.27,7.23,4316758,31382830.66,5.6775,,,否,,,,,,否,382225337,76032187,2778778199.99,552753999.49,,,,7.50,7.22,6.82,6.55,6.09,5.83,8.66,1993-10-18,2018-04-27
2009-02-18,600680,*ST上普,电子元件,7.09,7.22,6.69,6.77,6.69,3732889,25271658.53,4.9096,,,否,,,,,,否,382225337,76032187,2587665531.49,514737905.99,,,,7.41,7.22,6.84,6.59,6.12,5.82,8.64,1993-10-18,2018-04-27
2009-02-19,600680,*ST上普,电子元件,6.97,7.07,6.77,7.05,6.77,3663979,25831051.95,4.8190,,,否,,,,,,否,382225337,76032187,2694688625.85,536026918.35,,,,7.30,7.26,6.88,6.63,6.16,5.82,8.62,1993-10-18,2018-04-27
2009-02-20,600680,*ST上普,电子元件,6.96,7.17,6.9,7.14,6.9,3553095,25369098.30,4.6731,,,否,,,,,,否,382225337,76032187,2729088906.18,542869815.18,,,,7.19,7.28,6.92,6.68,6.19,5.82,8.60,1993-10-18,2018-04-27
2009-02-23,600680,*ST上普,电子元件,7.12,7.47,7.06,7.44,7.06,4010026,29834593.44,5.2741,,,否,,,,,,否,382225337,76032187,2843756507.28,565679471.28,,,,7.13,7.32,6.97,6.73,6.24,5.83,8.58,1993-10-18,2018-04-27
2009-02-24,600680,*ST上普,电子元件,7.73,7.73,6.91,7.0,6.91,6228321,43598247.00,8.1917,,,否,,,,,,否,382225337,76032187,2675577359.00,532225309.00,,,,7.08,7.29,7.00,6.75,6.28,5.84,8.57,1993-10-18,2018-04-27
2009-02-25,600680,*ST上普,电子元件,7.03,7.66,6.85,7.59,6.85,7143079,54215969.61,9.3948,,,否,,,,,,否,382225337,76032187,2901090307.83,577084299.33,,,,7.24,7.33,7.06,6.79,6.31,5.84,8.55,1993-10-18,2018-04-27
2009-02-26,600680,*ST上普,电子元件,7.63,7.82,7.06,7.42,7.06,10457044,77591266.48,13.7534,,,否,,,,,,否,382225337,76032187,2836112000.54,564158827.54,,,,7.32,7.31,7.11,6.83,6.35,5.84,8.53,1993-10-18,2018-04-27
2009-02-27,600680,*ST上普,电子元件,7.48,7.97,6.78,7.82,6.78,14280820,111676012.40,18.7826,,,否,,,,,,否,382225337,76032187,2989002135.34,594571702.34,,,,7.45,7.32,7.19,6.89,6.40,5.84,8.51,1993-10-18,2018-04-27
2009-03-02,600680,*ST上普,电子元件,7.68,8.37,7.06,8.29,7.06,16574685,137404138.65,21.7996,,,否,,,,,,否,382225337,76032187,3168648043.73,630306830.23,,,,7.62,7.38,7.28,6.96,6.46,5.85,8.50,1993-10-18,2018-04-27
2009-03-03,600680,*ST上普,电子元件,7.9,8.66,7.78,7.92,7.78,12672762,100368275.04,16.6676,,,否,,,,,,否,382225337,76032187,3027224669.04,602174921.04,,,,7.81,7.44,7.33,7.03,6.51,5.86,8.48,1993-10-18,2018-04-27
2009-03-04,600680,*ST上普,电子元件,7.96,8.42,7.64,8.35,7.64,12210649,101958919.15,16.0598,,,否,,,,,,否,382225337,76032187,3191581563.95,634868761.45,,,,7.96,7.60,7.41,7.10,6.57,5.87,8.46,1993-10-18,2018-04-27
2009-03-05,600680,*ST上普,电子元件,8.35,9.18,8.19,9.02,8.19,17707059,159717672.18,23.2889,,,否,,,,,,否,382225337,76032187,3447672539.74,685810326.74,,,,8.28,7.80,7.53,7.19,6.63,5.89,8.45,1993-10-18,2018-04-27
2009-03-06,600680,*ST上普,电子元件,8.76,9.02,8.6,8.73,8.6,9528514,83183927.22,12.5322,,,否,,,,,,否,382225337,76032187,3336827192.01,663760992.51,,,,8.46,7.96,7.62,7.27,6.69,5.90,8.43,1993-10-18,2018-04-27
2009-03-09,600680,*ST上普,电子元件,8.72,8.83,7.86,7.86,7.86,7976416,62694629.76,10.4908,,,否,,,,,,否,382225337,76032187,3004291148.82,597612989.82,,,,8.38,8.00,7.66,7.31,6.73,5.91,8.41,1993-10-18,2018-04-27
2009-03-10,600680,*ST上普,电子元件,7.62,8.06,7.58,8.04,7.58,4507462,36239994.48,5.9284,,,否,,,,,,否,382225337,76032187,3073091709.48,611298783.48,,,,8.40,8.10,7.70,7.37,6.77,5.92,8.39,1993-10-18,2018-04-27
2009-03-11,600680,*ST上普,电子元件,8.11,8.19,7.73,7.76,7.73,4332520,33620355.20,5.6983,,,否,,,,,,否,382225337,76032187,2966068615.12,590009771.12,,,,8.28,8.12,7.72,7.42,6.80,5.92,8.38,1993-10-18,2018-04-27
2009-03-12,600680,*ST上普,电子元件,7.76,7.9,7.28,7.58,7.28,4058960,30766916.80,5.3385,,,否,,,,,,否,382225337,76032187,2897268054.46,576323977.46,,,,7.99,8.14,7.72,7.46,6.83,5.93,8.35,1993-10-18,2018-04-27
2009-03-13,600680,*ST上普,电子元件,7.6,7.83,7.54,7.65,7.54,3456163,26439646.95,4.5457,,,否,,,,,,否,382225337,76032187,2924023828.05,581646230.55,,,,7.78,8.12,7.72,7.50,6.85,5.94,8.33,1993-10-18,2018-04-27
2009-03-16,600680,*ST上普,电子元件,7.52,7.87,7.52,7.83,7.52,3175028,24860469.24,4.1759,,,否,,,,,,否,382225337,76032187,2992824388.71,595332024.21,,,,7.77,8.07,7.73,7.54,6.87,5.95,8.30,1993-10-18,2018-04-27
2009-03-17,600680,*ST上普,电子元件,7.83,8.13,7.75,8.08,7.75,4565489,36889151.12,6.0047,,,否,,,,,,否,382225337,76032187,3088380722.96,614340070.96,,,,7.78,8.09,7.77,7.59,6.90,5.96,8.28,1993-10-18,2018-04-27
2009-03-18,600680,*ST上普,电子元件,8.08,8.28,7.99,8.13,7.99,5469656,44468303.28,7.1939,,,否,,,,,,否,382225337,76032187,3107491989.81,618141680.31,,,,7.85,8.07,7.84,7.63,6.93,5.97,8.25,1993-10-18,2018-04-27
2009-03-19,600680,*ST上普,电子元件,8.1,8.38,8.1,8.3,8.1,4255958,35324451.40,5.5976,,,否,,,,,,否,382225337,76032187,3172470297.10,631067152.10,,,,8.00,8.00,7.90,7.68,6.97,5.99,8.22,1993-10-18,2018-04-27
2009-03-20,600680,*ST上普,电子元件,8.3,8.32,7.97,8.06,7.97,5017114,40437938.84,6.5987,,,否,,,,,,否,382225337,76032187,3080736216.22,612819427.22,,,,8.08,7.93,7.94,7.72,7.00,6.00,8.20,1993-10-18,2018-04-27
2009-03-23,600680,*ST上普,电子元件,8.05,8.26,8.02,8.12,8.02,3782934,30717424.08,4.9754,,,否,,,,,,否,382225337,76032187,3103669736.44,617381358.44,,,,8.14,7.96,7.98,7.76,7.03,6.02,8.17,1993-10-18,2018-04-27
2009-03-24,600680,*ST上普,电子元件,8.18,8.45,8.12,8.37,8.12,5357830,44845037.10,7.0468,,,否,,,,,,否,382225337,76032187,3199226070.69,636389405.19,,,,8.20,7.99,8.05,7.79,7.06,6.05,8.14,1993-10-18,2018-04-27
2009-03-25,600680,*ST上普,电子元件,8.29,8.47,8.08,8.09,8.08,4497494,36384726.46,5.9153,,,否,,,,,,否,382225337,76032187,3092202976.33,615100392.83,,,,8.19,8.02,8.07,7.82,7.09,6.07,8.11,1993-10-18,2018-04-27
2009-03-26,600680,*ST上普,电子元件,8.15,8.42,8.09,8.39,8.09,4842116,40625353.24,6.3685,,,否,,,,,,否,382225337,76032187,3206870577.43,637910048.93,,,,8.21,8.10,8.12,7.85,7.12,6.10,8.08,1993-10-18,2018-04-27
2009-03-27,600680,*ST上普,电子元件,8.46,8.52,8.28,8.37,8.28,4127372,34546103.64,5.4285,,,否,,,,,,否,382225337,76032187,3199226070.69,636389405.19,,,,8.27,8.17,8.15,7.87,7.16,6.12,8.06,1993-10-18,2018-04-27
2009-03-30,600680,*ST上普,电子元件,8.37,9.13,8.31,8.96,8.31,8033995,71984595.20,10.5666,,,否,,,,,,否,382225337,76032187,3424739019.52,681248395.52,,,,8.44,8.29,8.18,7.91,7.21,6.15,8.04,1993-10-18,2018-04-27
2009-03-31,600680,*ST上普,电子元件,8.74,9.81,8.64,9.49,8.64,11874853,112692354.97,15.6182,,,否,,,,,,否,382225337,76032187,3627318448.13,721545454.63,,,,8.66,8.43,8.26,7.99,7.27,6.18,8.03,1993-10-18,2018-04-27
2009-04-01,600680,*ST上普,电子元件,9.47,9.58,9.18,9.38,9.18,8595243,80623379.34,11.3047,,,否,,,,,,否,382225337,76032187,3585273661.06,713181914.06,,,,8.92,8.55,8.31,8.07,7.33,6.21,8.02,1993-10-18,2018-04-27
2009-04-02,600680,*ST上普,电子元件,9.27,9.38,9.1,9.14,9.1,5542953,50662590.42,7.2903,,,否,,,,,,否,382225337,76032187,3493539580.18,694934189.18,,,,9.07,8.64,8.32,8.14,7.39,6.24,8.00,1993-10-18,2018-04-27
2009-04-03,600680,*ST上普,电子元件,9.16,9.22,8.67,8.74,8.67,5615787,49081978.38,7.3861,,,否,,,,,,否,382225337,76032187,3340649445.38,664521314.38,,,,9.14,8.71,8.32,8.20,7.44,6.27,7.98,1993-10-18,2018-04-27
2009-04-07,600680,*ST上普,电子元件,8.75,8.95,8.74,8.9,8.74,2653632,23617324.80,3.4901,,,否,,,,,,否,382225337,76032187,3401805499.30,676686464.30,,,,9.13,8.78,8.37,8.25,7.49,6.30,7.96,1993-10-18,2018-04-27
2009-04-08,600680,*ST上普,电子元件,8.85,9.13,8.49,8.53,8.49,4490054,38300160.62,5.9055,,,否,,,,,,否,382225337,76032187,3260382124.61,648554555.11,,,,8.94,8.80,8.39,8.30,7.52,6.33,7.95,1993-10-18,2018-04-27
2009-04-09,600680,*ST上普,电子元件,8.5,8.67,8.33,8.63,8.33,3111513,26852357.19,4.0924,,,否,,,,,,否,382225337,76032187,3298604658.31,656157773.81,,,,8.79,8.85,8.44,8.33,7.56,6.36,7.93,1993-10-18,2018-04-27
2009-04-10,600680,*ST上普,电子元件,8.69,8.87,8.56,8.84,8.56,3969397,35089469.48,5.2207,,,否,,,,,,否,382225337,76032187,3378871979.08,672124533.08,,,,8.73,8.90,8.50,8.38,7.61,6.39,7.91,1993-10-18,2018-04-27
2009-04-13,600680,*ST上普,电子元件,8.84,9.66,8.58,9.47,8.58,11730366,111086566.02,15.4282,,,否,,,,,,否,382225337,76032187,3619673941.39,720024810.89,,,,8.87,9.01,8.59,8.43,7.66,6.43,7.90,1993-10-18,2018-04-27
2009-04-14,600680,*ST上普,电子元件,9.33,9.44,9.12,9.21,9.12,5589272,51477195.12,7.3512,,,否,,,,,,否,382225337,76032187,3520295353.77,700256442.27,,,,8.94,9.03,8.66,8.46,7.71,6.47,7.88,1993-10-18,2018-04-27
2009-04-15,600680,*ST上普,电子元件,9.08,9.64,8.94,9.53,8.94,9471691,90265215.23,12.4575,,,否,,,,,,否,382225337,76032187,3642607461.61,724586742.11,,,,9.14,9.04,8.73,8.52,7.77,6.52,7.87,1993-10-18,2018-04-27
2009-04-16,600680,*ST上普,电子元件,9.52,9.52,8.97,9.17,8.97,6291557,57693577.69,8.2749,,,否,,,,,,否,382225337,76032187,3505006340.29,697215154.79,,,,9.24,9.02,8.78,8.55,7.82,6.56,7.86,1993-10-18,2018-04-27
2009-04-17,600680,*ST上普,电子元件,9.12,9.21,8.95,8.97,8.95,3802506,34108478.82,5.0012,,,否,,,,,,否,382225337,76032187,3428561272.89,682008717.39,,,,9.27,9.00,8.82,8.54,7.86,6.59,7.85,1993-10-18,2018-04-27
2009-04-20,600680,*ST上普,电子元件,8.93,9.25,8.88,9.12,8.88,3263236,29760712.32,4.2919,,,否,,,,,,否,382225337,76032187,3485895073.44,693413545.44,,,,9.20,9.04,8.87,8.56,7.91,6.63,7.84,1993-10-18,2018-04-27
2009-04-21,600680,*ST上普,电子元件,9.06,9.27,8.96,9.2,8.96,3655466,33630287.20,4.8078,,,否,,,,,,否,382225337,76032187,3516473100.40,699496120.40,,,,9.20,9.07,8.93,8.60,7.96,6.67,7.82,1993-10-18,2018-04-27
2009-04-22,600680,*ST上普,电子元件,9.16,9.56,8.77,8.82,8.77,7069536,62353307.52,9.2981,,,否,,,,,,否,382225337,76032187,3371227472.34,670603889.34,,,,9.06,9.10,8.95,8.63,8.00,6.71,7.81,1993-10-18,2018-04-27
2009-04-23,600680,*ST上普,电子元件,8.69,8.92,8.17,8.5,8.17,4709111,40027443.50,6.1936,,,否,,,,,,否,382225337,76032187,3248915364.50,646273589.50,,,,8.92,9.08,8.97,8.65,8.03,6.74,7.80,1993-10-18,2018-04-27
2009-04-24,600680,*ST上普,电子元件,8.52,8.57,8.19,8.19,8.19,3015037,24693153.03,3.9655,,,否,,,,,,否,382225337,76032187,3130425510.03,622703611.53,,,,8.77,9.02,8.96,8.67,8.06,6.77,7.78,1993-10-18,2018-04-27
2009-04-27,600680,*ST上普,电子元件,8.19,8.37,7.86,8.0,7.86,2787929,22303432.00,3.6668,,,否,,,,,,否,382225337,76032187,3057802696.00,608257496.00,,,,8.54,8.87,8.94,8.68,8.09,6.80,7.76,1993-10-18,2018-04-27
2009-04-28,600680,*ST上普,电子元件,8.02,8.15,7.91,8.15,7.91,1992529,16239111.35,2.6206,,,否,,,,,,否,382225337,76032187,3115136496.55,619662324.05,,,,8.33,8.77,8.90,8.70,8.12,6.83,7.75,1993-10-18,2018-04-27
2009-04-29,600680,*ST上普,电子元件,8.18,8.43,8.08,8.35,8.08,2945158,24592069.30,3.8736,,,否,,,,,,否,382225337,76032187,3191581563.95,634868761.45,,,,8.24,8.65,8.84,8.70,8.14,6.86,7.73,1993-10-18,2018-04-27
2009-04-30,600680,*ST上普,电子元件,8.48,8.67,8.33,8.57,8.33,4948263,42406613.91,6.5081,,,否,,,,,,否,382225337,76032187,3275671138.09,651595842.59,,,,8.25,8.59,8.80,8.72,8.17,6.89,7.72,1993-10-18,2018-04-27
2009-05-04,600680,*ST上普,电子元件,8.5,8.73,8.45,8.68,8.45,4890117,42446215.56,6.4316,,,否,,,,,,否,382225337,76032187,3317715925.16,659959383.16,,,,8.35,8.56,8.78,8.73,8.21,6.93,7.71,1993-10-18,2018-04-27
2009-05-05,600680,*ST上普,电子元件,8.71,8.8,8.59,8.69,8.59,3927926,34133676.94,5.1661,,,否,,,,,,否,382225337,76032187,3321538178.53,660719705.03,,,,8.49,8.52,8.78,8.75,8.24,6.97,7.69,1993-10-18,2018-04-27
2009-05-06,600680,*ST上普,电子元件,8.72,8.94,8.62,8.87,8.62,4250028,37697748.36,5.5898,,,否,,,,,,否,382225337,76032187,3390338739.19,674405498.69,,,,8.63,8.48,8.77,8.78,8.27,7.01,7.68,1993-10-18,2018-04-27
2009-05-07,600680,*ST上普,电子元件,8.92,9.09,8.56,8.78,8.56,3777448,33165993.44,4.9682,,,否,,,,,,否,382225337,76032187,3355938458.86,667562601.86,,,,8.72,8.48,8.79,8.79,8.29,7.05,7.67,1993-10-18,2018-04-27
2009-05-08,600680,*ST上普,电子元件,8.79,9.37,8.72,9.3,8.72,8496294,79015534.20,11.1746,,,否,,,,,,否,382225337,76032187,3554695634.10,707099339.10,,,,8.86,8.56,8.82,8.83,8.33,7.09,7.66,1993-10-18,2018-04-27
2009-05-11,600680,*ST上普,电子元件,9.31,9.44,8.59,8.64,8.59,7764317,67083698.88,10.2119,,,否,,,,,,否,382225337,76032187,3302426911.68,656918095.68,,,,8.86,8.60,8.81,8.84,8.34,7.13,7.64,1993-10-18,2018-04-27
2009-05-12,600680,*ST上普,电子元件,8.46,8.75,8.26,8.74,8.26,3472254,30347499.96,4.5668,,,否,,,,,,否,382225337,76032187,3340649445.38,664521314.38,,,,8.87,8.68,8.77,8.85,8.36,7.17,7.62,1993-10-18,2018-04-27
2009-05-13,600680,*ST上普,电子元件,8.65,8.86,8.52,8.81,8.52,3739208,32942422.48,4.9179,,,否,,,,,,否,382225337,76032187,3367405218.97,669843567.47,,,,8.85,8.74,8.75,8.85,8.38,7.21,7.60,1993-10-18,2018-04-27
2009-05-14,600680,*ST上普,电子元件,8.78,9.14,8.63,9.01,8.63,4442149,40023762.49,5.8425,,,否,,,,,,否,382225337,76032187,3443850286.37,685050004.87,,,,8.90,8.81,8.73,8.83,8.41,7.25,7.59,1993-10-18,2018-04-27
2009-05-15,600680,*ST上普,电子元件,8.91,9.01,8.77,8.83,8.77,3529728,31167498.24,4.6424,,,否,,,,,,否,382225337,76032187,3375049725.71,671364211.21,,,,8.81,8.84,8.71,8.81,8.44,7.28,7.57,1993-10-18,2018-04-27
2009-05-18,600680,*ST上普,电子元件,8.84,8.86,8.55,8.74,8.55,2128905,18606629.70,2.8000,,,否,,,,,,否,382225337,76032187,3340649445.38,664521314.38,,,,8.83,8.84,8.70,8.80,8.47,7.32,7.55,1993-10-18,2018-04-27
2009-05-19,600680,*ST上普,电子元件,8.75,9.14,8.75,8.97,8.75,4879116,43765670.52,6.4172,,,否,,,,,,否,382225337,76032187,3428561272.89,682008717.39,,,,8.87,8.87,8.69,8.81,8.50,7.35,7.53,1993-10-18,2018-04-27
2009-05-20,600680,*ST上普,电子元件,9.04,9.04,8.72,8.72,8.72,2746867,23952680.24,3.6128,,,否,,,,,,否,382225337,76032187,3333004938.64,663000670.64,,,,8.85,8.85,8.67,8.80,8.52,7.38,7.50,1993-10-18,2018-04-27
2009-05-21,600680,*ST上普,电子元件,8.64,8.8,8.38,8.53,8.38,2847199,24286607.47,3.7447,,,否,,,,,,否,382225337,76032187,3260382124.61,648554555.11,,,,8.76,8.83,8.65,8.80,8.55,7.41,7.48,1993-10-18,2018-04-27
2009-05-22,600680,*ST上普,电子元件,8.31,8.66,8.31,8.6,8.31,2263757,19468310.20,2.9774,,,否,,,,,,否,382225337,76032187,3287137898.20,653876808.20,,,,8.71,8.76,8.66,8.80,8.57,7.44,7.46,1993-10-18,2018-04-27
2009-05-25,600680,*ST上普,电子元件,8.38,8.58,8.34,8.53,8.34,1764102,15047790.06,2.3202,,,否,,,,,,否,382225337,76032187,3260382124.61,648554555.11,,,,8.67,8.75,8.68,8.79,8.58,7.47,7.44,1993-10-18,2018-04-27
2009-05-26,600680,*ST上普,电子元件,8.74,8.93,8.63,8.66,8.63,3086768,26731410.88,4.0598,,,否,,,,,,否,382225337,76032187,3310071418.42,658438739.42,,,,8.61,8.74,8.71,8.76,8.60,7.50,7.42,1993-10-18,2018-04-27
2009-05-27,600680,*ST上普,电子元件,8.72,8.76,8.48,8.56,8.48,1838239,15735325.84,2.4177,,,否,,,,,,否,382225337,76032187,3271848884.72,650835520.72,,,,8.58,8.72,8.73,8.74,8.60,7.53,7.39,1993-10-18,2018-04-27
2009-06-01,600680,*ST上普,电子元件,8.59,8.87,8.59,8.83,8.59,3934049,34737652.67,5.1742,,,否,,,,,,否,382225337,76032187,3375049725.71,671364211.21,,,,8.64,8.70,8.75,8.72,8.62,7.56,7.37,1993-10-18,2018-04-27
2009-06-02,600680,*ST上普,电子元件,8.91,9.02,8.79,8.9,8.79,3781216,33652822.40,4.9732,,,否,,,,,,否,382225337,76032187,3401805499.30,676686464.30,,,,8.70,8.70,8.77,8.71,8.63,7.60,7.36,1993-10-18,2018-04-27
2009-06-03,600680,*ST上普,电子元件,8.87,9.42,8.82,9.28,8.82,9408075,87306936.00,12.3738,,,否,,,,,,否,382225337,76032187,3547051127.36,705578695.36,,,,8.85,8.76,8.80,8.72,8.63,7.63,7.34,1993-10-18,2018-04-27
2009-06-05,600680,*ST上普,电子元件,9.42,10.21,8.98,9.81,8.98,17647079,173117844.99,23.2100,,,否,,,,,,否,382225337,76032187,3749630555.97,745875754.47,,,,9.08,8.84,8.86,8.74,8.65,7.67,7.34,1993-10-18,2018-04-27
2009-06-08,600680,*ST上普,电子元件,9.57,10.07,9.49,9.67,9.49,8712129,84246287.43,11.4585,,,否,,,,,,否,382225337,76032187,3696119008.79,735231248.29,,,,9.30,8.94,8.90,8.76,8.68,7.70,7.32,1993-10-18,2018-04-27
2009-06-09,600680,*ST上普,电子元件,9.62,9.67,9.07,9.37,9.07,5289914,49566494.18,6.9575,,,否,,,,,,否,382225337,76032187,3581451407.69,712421592.19,,,,9.41,9.02,8.93,8.78,8.70,7.74,7.31,1993-10-18,2018-04-27
2009-06-10,600680,*ST上普,电子元件,9.45,9.51,9.28,9.44,9.28,3914171,36949774.24,5.1480,,,否,,,,,,否,382225337,76032187,3608207181.28,717743845.28,,,,9.51,9.11,8.93,8.81,8.73,7.77,7.29,1993-10-18,2018-04-27
2009-06-11,600680,*ST上普,电子元件,9.48,9.61,9.27,9.43,9.27,3738079,35250084.97,4.9164,,,否,,,,,,否,382225337,76032187,3604384927.91,716983523.41,,,,9.54,9.20,8.97,8.85,8.76,7.79,7.28,1993-10-18,2018-04-27
2009-06-12,600680,*ST上普,电子元件,9.37,9.45,9.0,9.07,9.0,3235229,29343527.03,4.2551,,,否,,,,,,否,382225337,76032187,3466783806.59,689611936.09,,,,9.40,9.24,8.99,8.88,8.78,7.82,7.27,1993-10-18,2018-04-27
2009-06-15,600680,*ST上普,电子元件,9.08,9.18,9.02,9.15,9.02,1865956,17073497.40,2.4542,,,否,,,,,,否,382225337,76032187,3497361833.55,695694511.05,,,,9.29,9.30,9.01,8.92,8.81,7.84,7.25,1993-10-18,2018-04-27
2009-06-16,600680,*ST上普,电子元件,9.12,9.21,8.94,9.2,8.94,3130893,28804215.60,4.1179,,,否,,,,,,否,382225337,76032187,3516473100.40,699496120.40,,,,9.26,9.33,9.01,8.95,8.83,7.86,7.25,1993-10-18,2018-04-27
2009-06-17,600680,*ST上普,电子元件,9.17,9.4,9.07,9.31,9.07,2709796,25228200.76,3.5640,,,否,,,,,,否,382225337,76032187,3558517887.47,707859660.97,,,,9.23,9.37,9.04,8.97,8.84,7.89,7.23,1993-10-18,2018-04-27
2009-06-18,600680,*ST上普,电子元件,9.32,9.37,9.1,9.22,9.1,2803128,25844840.16,3.6868,,,否,,,,,,否,382225337,76032187,3524117607.14,701016764.14,,,,9.19,9.37,9.06,8.99,8.86,7.91,7.22,1993-10-18,2018-04-27
2009-06-19,600680,*ST上普,电子元件,9.24,9.45,9.07,9.42,9.07,4081070,38443679.40,5.3676,,,否,,,,,,否,382225337,76032187,3600562674.54,716223201.54,,,,9.26,9.33,9.09,9.01,8.88,7.94,7.22,1993-10-18,2018-04-27
2009-06-22,600680,*ST上普,电子元件,9.47,9.57,9.22,9.32,9.22,3623787,33773694.84,4.7661,,,否,,,,,,否,382225337,76032187,3562340140.84,708619982.84,,,,9.29,9.29,9.12,9.03,8.90,7.97,7.21,1993-10-18,2018-04-27
2009-06-23,600680,*ST上普,电子元件,9.13,9.27,9.12,9.19,9.12,1876457,17244639.83,2.4680,,,否,,,,,,否,382225337,76032187,3512650847.03,698735798.53,,,,9.29,9.28,9.15,9.04,8.92,7.99,7.20,1993-10-18,2018-04-27
2009-06-24,600680,*ST上普,电子元件,9.24,9.26,9.13,9.23,9.13,1750740,16159330.20,2.3026,,,否,,,,,,否,382225337,76032187,3527939860.51,701777086.01,,,,9.28,9.25,9.18,9.04,8.94,8.01,7.19,1993-10-18,2018-04-27
2009-06-25,600680,*ST上普,电子元件,9.25,9.25,9.06,9.11,9.06,1829121,16663292.31,2.4057,,,否,,,,,,否,382225337,76032187,3482072820.07,692653223.57,,,,9.25,9.22,9.21,9.06,8.95,8.03,7.18,1993-10-18,2018-04-27
2009-06-26,600680,*ST上普,电子元件,9.16,9.22,9.07,9.17,9.07,1632320,14968374.40,2.1469,,,否,,,,,,否,382225337,76032187,3505006340.29,697215154.79,,,,9.20,9.23,9.23,9.07,8.96,8.06,7.18,1993-10-18,2018-04-27
2009-06-29,600680,*ST上普,电子元件,9.15,9.23,9.1,9.14,9.1,1859603,16996771.42,2.4458,,,否,,,,,,否,382225337,76032187,3493539580.18,694934189.18,,,,9.17,9.23,9.26,9.08,8.96,8.09,7.18,1993-10-18,2018-04-27
2009-06-30,600680,*ST上普,电子元件,9.14,9.3,9.13,9.17,9.13,1894406,17371703.02,2.4916,,,否,,,,,,否,382225337,76032187,3505006340.29,697215154.79,,,,9.16,9.23,9.28,9.09,8.96,8.11,7.18,1993-10-18,2018-04-27
2009-07-01,600680,*ST上普,电子元件,9.13,9.26,9.13,9.18,9.13,1882424,17280652.32,2.4758,,,否,,,,,,否,382225337,76032187,3508828593.66,697975476.66,,,,9.15,9.22,9.29,9.10,8.96,8.14,7.19,1993-10-18,2018-04-27
2009-07-02,600680,*ST上普,电子元件,9.18,9.42,9.15,9.4,9.15,4460242,41926274.80,5.8663,,,否,,,,,,否,382225337,76032187,3592918167.80,714702557.80,,,,9.21,9.23,9.30,9.12,8.96,8.17,7.19,1993-10-18,2018-04-27
2009-07-03,600680,*ST上普,电子元件,9.37,9.37,9.16,9.24,9.16,2909325,26882163.00,3.8264,,,否,,,,,,否,382225337,76032187,3531762113.88,702537407.88,,,,9.23,9.22,9.27,9.13,8.97,8.20,7.20,1993-10-18,2018-04-27
2009-07-06,600680,*ST上普,电子元件,9.18,9.52,9.18,9.51,9.18,5597014,53227603.14,7.3614,,,否,,,,,,否,382225337,76032187,3634962954.87,723066098.37,,,,9.30,9.23,9.26,9.15,8.98,8.23,7.21,1993-10-18,2018-04-27
2009-07-07,600680,*ST上普,电子元件,9.52,9.58,9.36,9.39,9.36,3664266,34407457.74,4.8194,,,否,,,,,,否,382225337,76032187,3589095914.43,713942235.93,,,,9.34,9.25,9.26,9.18,8.99,8.26,7.22,1993-10-18,2018-04-27
2009-07-08,600680,*ST上普,电子元件,9.37,9.45,9.17,9.32,9.17,2569033,23943387.56,3.3789,,,否,,,,,,否,382225337,76032187,3562340140.84,708619982.84,,,,9.37,9.26,9.26,9.21,9.00,8.28,7.23,1993-10-18,2018-04-27
2009-07-09,600680,*ST上普,电子元件,9.33,9.53,9.19,9.49,9.19,4102657,38934214.93,5.3959,,,否,,,,,,否,382225337,76032187,3627318448.13,721545454.63,,,,9.39,9.30,9.26,9.24,9.01,8.31,7.23,1993-10-18,2018-04-27
2009-07-10,600680,*ST上普,电子元件,9.48,9.84,9.43,9.67,9.43,6897415,66698003.05,9.0717,,,否,,,,,,否,382225337,76032187,3696119008.79,735231248.29,,,,9.48,9.35,9.29,9.27,9.02,8.34,7.25,1993-10-18,2018-04-27
2009-07-13,600680,*ST上普,电子元件,9.61,9.77,9.51,9.68,9.51,4029731,39007796.08,5.3000,,,否,,,,,,否,382225337,76032187,3699941262.16,735991570.16,,,,9.51,9.41,9.32,9.31,9.03,8.37,7.26,1993-10-18,2018-04-27
2009-07-14,600680,*ST上普,电子元件,9.57,9.82,9.42,9.73,9.42,6347582,61761972.86,8.3485,,,否,,,,,,否,382225337,76032187,3719052529.01,739793179.51,,,,9.58,9.46,9.34,9.34,9.03,8.40,7.27,1993-10-18,2018-04-27
2009-07-15,600680,*ST上普,电子元件,9.68,9.82,9.6,9.73,9.6,5110876,49728823.48,6.7220,,,否,,,,,,否,382225337,76032187,3719052529.01,739793179.51,,,,9.66,9.52,9.37,9.37,9.04,8.43,7.28,1993-10-18,2018-04-27
2009-07-16,600680,*ST上普,电子元件,9.74,10.2,9.59,10.01,9.59,8080159,80882391.59,10.6273,,,否,,,,,,否,382225337,76032187,3826075623.37,761082191.87,,,,9.76,9.58,9.41,9.39,9.06,8.46,7.29,1993-10-18,2018-04-27
2009-07-17,600680,*ST上普,电子元件,10.03,10.56,9.87,10.16,9.87,10581292,107505926.72,13.9169,,,否,,,,,,否,382225337,76032187,3883409423.92,772487019.92,,,,9.86,9.67,9.44,9.40,9.07,8.49,7.30,1993-10-18,2018-04-27
2009-07-20,600680,*ST上普,电子元件,10.14,10.56,10.08,10.2,10.08,6583058,67147191.60,8.6583,,,否,,,,,,否,382225337,76032187,3898698437.40,775528307.40,,,,9.97,9.74,9.49,9.42,9.09,8.52,7.31,1993-10-18,2018-04-27
2009-07-21,600680,*ST上普,电子元件,10.21,10.4,9.87,10.34,9.87,7456669,77101957.46,9.8073,,,否,,,,,,否,382225337,76032187,3952209984.58,786172813.58,,,,10.09,9.83,9.54,9.45,9.12,8.56,7.32,1993-10-18,2018-04-27
2009-07-22,600680,*ST上普,电子元件,10.3,10.55,10.18,10.32,10.18,5576424,57548695.68,7.3343,,,否,,,,,,否,382225337,76032187,3944565477.84,784652169.84,,,,10.21,9.93,9.60,9.48,9.15,8.59,7.33,1993-10-18,2018-04-27
2009-07-23,600680,*ST上普,电子元件,10.36,11.36,10.15,10.89,10.15,13474116,146733123.24,17.7216,,,否,,,,,,否,382225337,76032187,4162433919.93,827990516.43,,,,10.38,10.07,9.69,9.53,9.19,8.63,7.34,1993-10-18,2018-04-27
2009-07-24,600680,*ST上普,电子元件,10.71,11.19,10.52,11.05,10.52,11491184,126977583.20,15.1136,,,否,,,,,,否,382225337,76032187,4223589973.85,840155666.35,,,,10.56,10.21,9.78,9.60,9.24,8.67,7.35,1993-10-18,2018-04-27
2009-07-27,600680,*ST上普,电子元件,11.17,11.77,10.79,11.04,10.79,13605313,150202655.52,17.8941,,,否,,,,,,否,382225337,76032187,4219767720.48,839395344.48,,,,10.73,10.35,9.88,9.66,9.29,8.70,7.37,1993-10-18,2018-04-27
2009-07-28,600680,*ST上普,电子元件,10.87,10.87,10.42,10.71,10.42,7357083,78794358.93,9.6763,,,否,,,,,,否,382225337,76032187,4093633359.27,814304722.77,,,,10.80,10.45,9.95,9.71,9.33,8.74,7.38,1993-10-18,2018-04-27
2009-07-29,600680,*ST上普,电子元件,10.57,11.32,10.5,11.07,10.5,12464896,137986398.72,16.3942,,,否,,,,,,否,382225337,76032187,4231234480.59,841676310.09,,,,10.95,10.58,10.05,9.77,9.37,8.77,7.39,1993-10-18,2018-04-27
2009-07-30,600680,*ST上普,电子元件,11.14,12.05,10.82,11.86,10.82,15746033,186747951.38,20.7097,,,否,,,,,,否,382225337,76032187,4533192496.82,901741737.82,,,,11.15,10.76,10.17,9.86,9.42,8.82,7.41,1993-10-18,2018-04-27
2009-07-31,600680,*ST上普,电子元件,11.59,11.85,11.33,11.67,11.33,9166824,106976836.08,12.0565,,,否,,,,,,否,382225337,76032187,4460569682.79,887295622.29,,,,11.27,10.92,10.29,9.93,9.47,8.86,7.42,1993-10-18,2018-04-27
2009-08-03,600680,*ST上普,电子元件,11.66,11.96,11.37,11.82,11.37,7063512,83490711.84,9.2902,,,否,,,,,,否,382225337,76032187,4517903483.34,898700450.34,,,,11.43,11.08,10.41,10.02,9.52,8.89,7.44,1993-10-18,2018-04-27
2009-08-04,600680,*ST上普,电子元件,11.65,12.45,11.56,12.28,11.56,8808412,108167299.36,11.5851,,,否,,,,,,否,382225337,76032187,4693727138.36,933675256.36,,,,11.74,11.27,10.55,10.12,9.58,8.94,7.45,1993-10-18,2018-04-27
2009-08-05,600680,*ST上普,电子元件,12.3,12.3,11.43,11.65,11.43,6652501,77501636.65,8.7496,,,否,,,,,,否,382225337,76032187,4452925176.05,885774978.55,,,,11.86,11.40,10.67,10.20,9.62,8.97,7.46,1993-10-18,2018-04-27
2009-08-06,600680,*ST上普,电子元件,11.77,11.77,10.92,11.05,10.92,5725985,63272134.25,7.5310,,,否,,,,,,否,382225337,76032187,4223589973.85,840155666.35,,,,11.69,11.42,10.75,10.26,9.66,9.00,7.47,1993-10-18,2018-04-27
2009-08-07,600680,*ST上普,电子元件,11.12,11.32,10.84,10.94,10.84,3896838,42631407.72,5.1252,,,否,,,,,,否,382225337,76032187,4181545186.78,831792125.78,,,,11.55,11.41,10.81,10.32,9.70,9.03,7.48,1993-10-18,2018-04-27
2009-08-10,600680,*ST上普,电子元件,11.01,11.17,10.69,10.92,10.69,2713296,29629192.32,3.5686,,,否,,,,,,否,382225337,76032187,4173900680.04,830271482.04,,,,11.37,11.40,10.87,10.38,9.73,9.06,7.49,1993-10-18,2018-04-27
2009-08-11,600680,*ST上普,电子元件,11.02,11.17,10.93,11.08,10.93,2509160,27801492.80,3.3001,,,否,,,,,,否,382225337,76032187,4235056733.96,842436631.96,,,,11.13,11.43,10.94,10.45,9.77,9.09,7.50,1993-10-18,2018-04-27
2009-08-12,600680,*ST上普,电子元件,11.15,11.15,10.07,10.13,10.07,3640039,36873595.07,4.7875,,,否,,,,,,否,382225337,76032187,3871942663.81,770206054.31,,,,10.82,11.34,10.96,10.48,9.79,9.12,7.50,1993-10-18,2018-04-27
2009-08-13,600680,*ST上普,电子元件,10.17,10.32,9.93,10.17,9.93,2014835,20490871.95,2.6500,,,否,,,,,,否,382225337,76032187,3887231677.29,773247341.79,,,,10.65,11.17,10.97,10.50,9.81,9.14,7.51,1993-10-18,2018-04-27
2009-08-14,600680,*ST上普,电子元件,10.13,10.2,9.42,9.45,9.42,3000747,28357059.15,3.9467,,,否,,,,,,否,382225337,76032187,3612029434.65,718504167.15,,,,10.35,10.95,10.93,10.51,9.82,9.16,7.51,1993-10-18,2018-04-27
2009-08-17,600680,*ST上普,电子元件,9.35,9.77,8.99,9.11,8.99,2897104,26392617.44,3.8104,,,否,,,,,,否,382225337,76032187,3482072820.07,692653223.57,,,,9.99,10.68,10.88,10.50,9.83,9.17,7.51,1993-10-18,2018-04-27
2009-08-18,600680,*ST上普,电子元件,9.13,9.44,9.0,9.43,9.0,2124249,20031668.07,2.7939,,,否,,,,,,否,382225337,76032187,3604384927.91,716983523.41,,,,9.66,10.39,10.83,10.50,9.84,9.20,7.51,1993-10-18,2018-04-27
2009-08-19,600680,*ST上普,电子元件,9.44,9.44,8.49,8.56,8.49,2696222,23079660.32,3.5462,,,否,,,,,,否,382225337,76032187,3271848884.72,650835520.72,,,,9.34,10.08,10.74,10.47,9.84,9.20,7.51,1993-10-18,2018-04-27
2009-08-20,600680,*ST上普,电子元件,8.58,8.89,8.48,8.88,8.48,2421759,21505219.92,3.1852,,,否,,,,,,否,382225337,76032187,3394160992.56,675165820.56,,,,9.09,9.87,10.64,10.45,9.85,9.22,7.51,1993-10-18,2018-04-27
2009-08-21,600680,*ST上普,电子元件,8.76,9.13,8.65,9.04,8.65,2992706,27054062.24,3.9361,,,否,,,,,,否,382225337,76032187,3455317046.48,687330970.48,,,,9.00,9.68,10.54,10.43,9.85,9.23,7.52,1993-10-18,2018-04-27
2009-08-24,600680,*ST上普,电子元件,9.02,9.37,8.81,9.27,8.81,4051393,37556413.11,5.3285,,,否,,,,,,否,382225337,76032187,3543228873.99,704818373.49,,,,9.04,9.51,10.45,10.42,9.86,9.23,7.52,1993-10-18,2018-04-27
2009-08-25,600680,*ST上普,电子元件,9.17,9.21,8.35,8.68,8.35,3827468,33222422.24,5.0340,,,否,,,,,,否,382225337,76032187,3317715925.16,659959383.16,,,,8.89,9.27,10.35,10.38,9.86,9.24,7.53,1993-10-18,2018-04-27
2009-08-26,600680,*ST上普,电子元件,8.72,9.1,8.67,8.97,8.67,2722067,24416940.99,3.5802,,,否,,,,,,否,382225337,76032187,3428561272.89,682008717.39,,,,8.97,9.16,10.25,10.36,9.86,9.25,7.54,1993-10-18,2018-04-27
2009-08-27,600680,*ST上普,电子元件,8.97,9.76,8.92,9.59,8.92,5919359,56766652.81,7.7853,,,否,,,,,,否,382225337,76032187,3665540981.83,729148673.33,,,,9.11,9.10,10.13,10.34,9.87,9.25,7.55,1993-10-18,2018-04-27
2009-08-28,600680,*ST上普,电子元件,9.42,9.94,9.37,9.48,9.37,6631911,62870516.28,8.7225,,,否,,,,,,否,382225337,76032187,3623496194.76,720785132.76,,,,9.20,9.10,10.03,10.32,9.86,9.26,7.56,1993-10-18,2018-04-27
2009-08-31,600680,*ST上普,电子元件,9.27,9.32,8.54,8.71,8.54,3886580,33852111.80,5.1118,,,否,,,,,,否,382225337,76032187,3329182685.27,662240348.77,,,,9.09,9.06,9.87,10.27,9.85,9.26,7.57,1993-10-18,2018-04-27
2009-09-01,600680,*ST上普,电子元件,8.51,8.84,8.41,8.52,8.41,2468425,21030981.00,3.2466,,,否,,,,,,否,382225337,76032187,3256559871.24,647794233.24,,,,9.05,8.97,9.68,10.21,9.83,9.27,7.57,1993-10-18,2018-04-27
2009-09-02,600680,*ST上普,电子元件,8.43,8.66,8.14,8.4,8.14,1988939,16707087.60,2.6159,,,否,,,,,,否,382225337,76032187,3210692830.80,638670370.80,,,,8.94,8.95,9.52,10.15,9.82,9.27,7.58,1993-10-18,2018-04-27
2009-09-03,600680,*ST上普,电子元件,8.49,8.86,8.33,8.78,8.33,2414718,21201224.04,3.1759,,,否,,,,,,否,382225337,76032187,3355938458.86,667562601.86,,,,8.78,8.94,9.41,10.08,9.80,9.28,7.59,1993-10-18,2018-04-27
2009-09-04,600680,*ST上普,电子元件,8.77,9.15,8.67,9.05,8.67,2784576,25200412.80,3.6624,,,否,,,,,,否,382225337,76032187,3459139299.85,688091292.35,,,,8.69,8.95,9.31,10.01,9.80,9.29,7.59,1993-10-18,2018-04-27
2009-09-07,600680,*ST上普,电子元件,8.99,9.15,8.87,8.99,8.87,3194114,28715084.86,4.2010,,,否,,,,,,否,382225337,76032187,3436205779.63,683529361.13,,,,8.75,8.92,9.21,9.94,9.80,9.30,7.60,1993-10-18,2018-04-27
2009-09-08,600680,*ST上普,电子元件,8.96,9.14,8.82,9.13,8.82,2555796,23334417.48,3.3615,,,否,,,,,,否,382225337,76032187,3489717326.81,694173867.31,,,,8.87,8.96,9.12,9.89,9.80,9.31,7.61,1993-10-18,2018-04-27
2009-09-09,600680,*ST上普,电子元件,9.13,9.3,9.05,9.26,9.05,2764634,25600510.84,3.6361,,,否,,,,,,否,382225337,76032187,3539406620.62,704058051.62,,,,9.04,8.99,9.07,9.83,9.80,9.32,7.61,1993-10-18,2018-04-27
2009-09-10,600680,*ST上普,电子元件,9.17,9.51,9.05,9.29,9.05,3454377,32091162.33,4.5433,,,否,,,,,,否,382225337,76032187,3550873380.73,706339017.23,,,,9.14,8.96,9.03,9.74,9.80,9.33,7.62,1993-10-18,2018-04-27
2009-09-11,600680,*ST上普,电子元件,9.27,9.52,9.18,9.36,9.18,3249625,30416490.00,4.2740,,,否,,,,,,否,382225337,76032187,3577629154.32,711661270.32,,,,9.21,8.95,9.03,9.67,9.80,9.34,7.63,1993-10-18,2018-04-27
2009-09-14,600680,*ST上普,电子元件,9.36,9.71,9.27,9.58,9.27,4138543,39647241.94,5.4431,,,否,,,,,,否,382225337,76032187,3661718728.46,728388351.46,,,,9.32,9.04,9.05,9.59,9.80,9.35,7.64,1993-10-18,2018-04-27
2009-09-15,600680,*ST上普,电子元件,9.58,10.15,9.48,9.93,9.48,6364490,63199385.70,8.3708,,,否,,,,,,否,382225337,76032187,3795497596.41,754999616.91,,,,9.48,9.18,9.07,9.51,9.82,9.37,7.65,1993-10-18,2018-04-27
2009-09-16,600680,*ST上普,电子元件,9.85,10.43,9.77,10.16,9.77,7843560,79690569.60,10.3161,,,否,,,,,,否,382225337,76032187,3883409423.92,772487019.92,,,,9.66,9.35,9.15,9.46,9.83,9.38,7.67,1993-10-18,2018-04-27
2009-09-17,600680,*ST上普,电子元件,10.09,11.12,10.09,10.89,10.09,9532687,103810961.43,12.5377,,,否,,,,,,否,382225337,76032187,4162433919.93,827990516.43,,,,9.98,9.56,9.25,9.46,9.86,9.40,7.68,1993-10-18,2018-04-27
2009-09-18,600680,*ST上普,电子元件,10.74,10.95,9.95,10.09,9.95,6439612,64975685.08,8.4696,,,否,,,,,,否,382225337,76032187,3856653650.33,767164766.83,,,,10.13,9.67,9.31,9.43,9.88,9.42,7.70,1993-10-18,2018-04-27
2009-09-21,600680,*ST上普,电子元件,9.88,10.37,9.72,10.35,9.72,3597514,37234269.90,4.7316,,,否,,,,,,否,382225337,76032187,3956032237.95,786933135.45,,,,10.28,9.80,9.36,9.41,9.90,9.43,7.71,1993-10-18,2018-04-27
2009-09-22,600680,*ST上普,电子元件,10.22,10.47,9.63,9.67,9.63,3242235,31352412.45,4.2643,,,否,,,,,,否,382225337,76032187,3696119008.79,735231248.29,,,,10.23,9.86,9.41,9.36,9.91,9.43,7.73,1993-10-18,2018-04-27
2009-09-23,600680,*ST上普,电子元件,9.67,9.92,9.38,9.79,9.38,3041760,29778830.40,4.0006,,,否,,,,,,否,382225337,76032187,3741986049.23,744355110.73,,,,10.16,9.91,9.45,9.35,9.92,9.44,7.74,1993-10-18,2018-04-27
2009-09-24,600680,*ST上普,电子元件,9.67,9.82,8.97,9.34,8.97,2309283,21568703.22,3.0372,,,否,,,,,,否,382225337,76032187,3569984647.58,710140626.58,,,,9.85,9.92,9.44,9.33,9.91,9.44,7.75,1993-10-18,2018-04-27
2009-09-25,600680,*ST上普,电子元件,9.34,9.43,8.85,9.0,8.85,1701438,15312942.00,2.2378,,,否,,,,,,否,382225337,76032187,3440028033.00,684289683.00,,,,9.63,9.88,9.41,9.31,9.91,9.44,7.76,1993-10-18,2018-04-27
2009-09-28,600680,*ST上普,电子元件,9.07,9.17,8.24,8.46,8.24,1780527,15063258.42,2.3418,,,否,,,,,,否,382225337,76032187,3233626351.02,643232302.02,,,,9.25,9.77,9.40,9.29,9.89,9.44,7.77,1993-10-18,2018-04-27
2009-09-29,600680,*ST上普,电子元件,8.58,8.62,8.24,8.55,8.24,1699714,14532554.70,2.2355,,,否,,,,,,否,382225337,76032187,3268026631.35,650075198.85,,,,9.03,9.63,9.40,9.26,9.88,9.44,7.78,1993-10-18,2018-04-27
2009-09-30,600680,*ST上普,电子元件,8.67,8.81,8.29,8.57,8.29,1287345,11032546.65,1.6932,,,否,,,,,,否,382225337,76032187,3275671138.09,651595842.59,,,,8.78,9.47,9.41,9.26,9.87,9.44,7.80,1993-10-18,2018-04-27
2009-10-09,600680,*ST上普,电子元件,8.72,9.04,8.69,9.03,8.69,1681102,15180351.06,2.2110,,,否,,,,,,否,382225337,76032187,3451494793.11,686570648.61,,,,8.72,9.29,9.42,9.26,9.86,9.44,7.81,1993-10-18,2018-04-27
2009-10-12,600680,*ST上普,电子元件,9.11,9.26,8.92,9.13,8.92,1510289,13788938.57,1.9864,,,否,,,,,,否,382225337,76032187,3489717326.81,694173867.31,,,,8.75,9.19,9.43,9.27,9.85,9.43,7.82,1993-10-18,2018-04-27
2009-10-13,600680,*ST上普,电子元件,9.07,9.17,8.95,9.16,8.95,1208554,11070354.64,1.5895,,,否,,,,,,否,382225337,76032187,3501184086.92,696454832.92,,,,8.89,9.07,9.44,9.26,9.84,9.43,7.84,1993-10-18,2018-04-27
2009-10-14,600680,*ST上普,电子元件,9.2,9.41,8.97,9.2,8.97,2106351,19378429.20,2.7703,,,否,,,,,,否,382225337,76032187,3516473100.40,699496120.40,,,,9.02,9.02,9.44,9.28,9.83,9.43,7.86,1993-10-18,2018-04-27
2009-10-15,600680,*ST上普,电子元件,9.21,9.36,9.17,9.33,9.17,2028415,18925111.95,2.6678,,,否,,,,,,否,382225337,76032187,3566162394.21,709380304.71,,,,9.17,8.98,9.44,9.29,9.83,9.43,7.87,1993-10-18,2018-04-27
2009-10-16,600680,*ST上普,电子元件,9.33,9.33,9.07,9.29,9.07,2111211,19613150.19,2.7767,,,否,,,,,,否,382225337,76032187,3550873380.73,706339017.23,,,,9.22,8.97,9.44,9.28,9.81,9.43,7.88,1993-10-18,2018-04-27
2009-10-19,600680,*ST上普,电子元件,9.11,9.67,9.1,9.57,9.1,3314390,31718712.30,4.3592,,,否,,,,,,否,382225337,76032187,3657896475.09,727628029.59,,,,9.31,9.03,9.45,9.29,9.80,9.44,7.90,1993-10-18,2018-04-27
2009-10-20,600680,*ST上普,电子元件,9.53,9.72,9.45,9.7,9.45,3244895,31475481.50,4.2678,,,否,,,,,,否,382225337,76032187,3707585768.90,737512213.90,,,,9.42,9.15,9.46,9.32,9.80,9.44,7.92,1993-10-18,2018-04-27
2009-10-21,600680,*ST上普,电子元件,9.62,9.67,9.47,9.48,9.47,2281641,21629956.68,3.0009,,,否,,,,,,否,382225337,76032187,3623496194.76,720785132.76,,,,9.47,9.25,9.44,9.35,9.78,9.45,7.94,1993-10-18,2018-04-27
2009-10-22,600680,*ST上普,电子元件,9.42,9.61,9.32,9.54,9.32,2048450,19542213.00,2.6942,,,否,,,,,,否,382225337,76032187,3646429714.98,725347063.98,,,,9.52,9.34,9.41,9.39,9.77,9.46,7.95,1993-10-18,2018-04-27
2009-10-23,600680,*ST上普,电子元件,9.46,9.72,9.46,9.7,9.46,3222496,31258211.20,4.2383,,,否,,,,,,否,382225337,76032187,3707585768.90,737512213.90,,,,9.60,9.41,9.35,9.42,9.75,9.47,7.97,1993-10-18,2018-04-27
2009-10-26,600680,*ST上普,电子元件,9.72,9.73,9.52,9.57,9.52,2077636,19882976.52,2.7326,,,否,,,,,,否,382225337,76032187,3657896475.09,727628029.59,,,,9.60,9.45,9.32,9.44,9.72,9.48,7.99,1993-10-18,2018-04-27
2009-10-27,600680,*ST上普,电子元件,9.57,9.57,9.17,9.18,9.17,2373826,21791722.68,3.1221,,,否,,,,,,否,382225337,76032187,3508828593.66,697975476.66,,,,9.49,9.46,9.26,9.44,9.69,9.49,8.01,1993-10-18,2018-04-27
2009-10-28,600680,*ST上普,电子元件,9.18,9.26,8.96,9.16,8.96,1985092,18183442.72,2.6109,,,否,,,,,,否,382225337,76032187,3501184086.92,696454832.92,,,,9.43,9.45,9.24,9.44,9.67,9.50,8.03,1993-10-18,2018-04-27
2009-10-29,600680,*ST上普,电子元件,8.98,9.11,8.84,8.88,8.84,1736604,15421043.52,2.2840,,,否,,,,,,否,382225337,76032187,3394160992.56,675165820.56,,,,9.30,9.41,9.19,9.43,9.63,9.50,8.05,1993-10-18,2018-04-27
2009-10-30,600680,*ST上普,电子元件,8.95,9.14,8.92,8.93,8.92,1609474,14372602.82,2.1168,,,否,,,,,,否,382225337,76032187,3413272259.41,678967429.91,,,,9.14,9.37,9.17,9.42,9.58,9.50,8.07,1993-10-18,2018-04-27
2009-11-02,600680,*ST上普,电子元件,8.68,9.42,8.68,9.39,8.68,2592188,24340645.32,3.4093,,,否,,,,,,否,382225337,76032187,3589095914.43,713942235.93,,,,9.11,9.35,9.19,9.42,9.54,9.51,8.09,1993-10-18,2018-04-27
2009-11-03,600680,*ST上普,电子元件,9.39,9.77,9.37,9.69,9.37,4471202,43325947.38,5.8807,,,否,,,,,,否,382225337,76032187,3703763515.53,736751892.03,,,,9.21,9.35,9.25,9.42,9.51,9.52,8.11,1993-10-18,2018-04-27
2009-11-04,600680,*ST上普,电子元件,9.69,9.83,9.57,9.77,9.57,3445606,33663570.62,4.5318,,,否,,,,,,否,382225337,76032187,3734341542.49,742834466.99,,,,9.33,9.38,9.31,9.42,9.47,9.52,8.13,1993-10-18,2018-04-27
2009-11-05,600680,*ST上普,电子元件,9.75,10.05,9.68,9.92,9.68,3768347,37382002.24,4.9563,,,否,,,,,,否,382225337,76032187,3791675343.04,754239295.04,,,,9.54,9.42,9.38,9.41,9.44,9.53,8.15,1993-10-18,2018-04-27
2009-11-06,600680,*ST上普,电子元件,9.93,9.93,9.73,9.84,9.73,3564501,35074689.84,4.6881,,,否,,,,,,否,382225337,76032187,3761097316.08,748156720.08,,,,9.72,9.43,9.42,9.38,9.42,9.54,8.17,1993-10-18,2018-04-27
2009-11-09,600680,*ST上普,电子元件,9.83,10.12,9.68,10.1,9.68,3882576,39214017.60,5.1065,,,否,,,,,,否,382225337,76032187,3860475903.70,767925088.70,,,,9.86,9.49,9.47,9.38,9.40,9.55,8.20,1993-10-18,2018-04-27
2009-11-10,600680,*ST上普,电子元件,10.12,10.15,9.87,9.9,9.87,2686104,26592429.60,3.5329,,,否,,,,,,否,382225337,76032187,3784030836.30,752718651.30,,,,9.91,9.56,9.51,9.36,9.39,9.56,8.22,1993-10-18,2018-04-27
2009-11-11,600680,*ST上普,电子元件,9.92,9.98,9.72,9.9,9.72,2009046,19889555.40,2.6424,,,否,,,,,,否,382225337,76032187,3784030836.30,752718651.30,,,,9.93,9.63,9.54,9.37,9.37,9.57,8.24,1993-10-18,2018-04-27
2009-11-12,600680,*ST上普,电子元件,9.96,10.22,9.88,10.05,9.88,4176976,41978608.80,5.4937,,,否,,,,,,否,382225337,76032187,3841364636.85,764123479.35,,,,9.96,9.75,9.58,9.38,9.37,9.58,8.26,1993-10-18,2018-04-27
2009-11-13,600680,*ST上普,电子元件,10.03,10.28,9.89,10.22,9.89,3927905,40143189.10,5.1661,,,否,,,,,,否,382225337,76032187,3906342944.14,777048951.14,,,,10.03,9.88,9.62,9.41,9.37,9.59,8.28,1993-10-18,2018-04-27
2009-11-17,600680,*ST上普,电子元件,10.44,10.46,10.18,10.23,10.18,4155734,42513158.82,5.4658,,,否,,,,,,否,382225337,76032187,3910165197.51,777809273.01,,,,10.06,9.96,9.66,9.45,9.38,9.60,8.31,1993-10-18,2018-04-27
2009-11-18,600680,*ST上普,电子元件,10.23,10.47,10.13,10.42,10.13,3683574,38382841.08,4.8448,,,否,,,,,,否,382225337,76032187,3982788011.54,792255388.54,,,,10.16,10.04,9.69,9.51,9.40,9.61,8.33,1993-10-18,2018-04-27
2009-11-19,600680,*ST上普,电子元件,10.37,10.7,10.34,10.64,10.34,4395658,46769801.12,5.7813,,,否,,,,,,否,382225337,76032187,4066877585.68,808982469.68,,,,10.31,10.12,9.75,9.58,9.42,9.63,8.36,1993-10-18,2018-04-27
2009-11-20,600680,*ST上普,电子元件,10.57,10.97,10.5,10.74,10.5,5406839,58069450.86,7.1113,,,否,,,,,,否,382225337,76032187,4105100119.38,816585688.38,,,,10.45,10.20,9.81,9.66,9.46,9.65,8.39,1993-10-18,2018-04-27
2009-11-23,600680,*ST上普,电子元件,10.87,10.87,10.59,10.81,10.59,3776945,40828775.45,4.9676,,,否,,,,,,否,382225337,76032187,4131855892.97,821907941.47,,,,10.57,10.30,9.87,9.71,9.49,9.67,8.41,1993-10-18,2018-04-27
2009-11-24,600680,*ST上普,电子元件,10.81,10.92,10.0,10.03,10.0,4651654,46656089.62,6.1180,,,否,,,,,,否,382225337,76032187,3833720130.11,762602835.61,,,,10.53,10.29,9.89,9.74,9.51,9.68,8.44,1993-10-18,2018-04-27
2009-11-25,600680,*ST上普,电子元件,10.07,10.51,9.9,10.45,9.9,3382258,35344596.10,4.4485,,,否,,,,,,否,382225337,76032187,3994254771.65,794536354.15,,,,10.53,10.35,9.95,9.79,9.53,9.70,8.46,1993-10-18,2018-04-27
2009-11-26,600680,*ST上普,电子元件,10.36,10.56,9.98,10.15,9.98,3926675,39855751.25,5.1645,,,否,,,,,,否,382225337,76032187,3879587170.55,771726698.05,,,,10.44,10.37,10.00,9.82,9.55,9.71,8.49,1993-10-18,2018-04-27
2009-11-27,600680,*ST上普,电子元件,11.17,11.17,10.77,11.17,10.77,22725178,253840238.26,29.8889,,,否,,,,,,是,382225337,76032187,4269457014.29,849279528.79,,,,10.52,10.49,10.12,9.88,9.59,9.73,8.51,1993-10-18,2018-04-27
2009-11-30,600680,*ST上普,电子元件,10.85,11.97,10.35,11.72,10.35,22385364,262356466.08,29.4420,,,否,,,,,,否,382225337,76032187,4479680949.64,891097231.64,,,,10.70,10.64,10.26,9.96,9.62,9.75,8.54,1993-10-18,2018-04-27
2009-12-01,600680,*ST上普,电子元件,11.37,11.85,11.17,11.74,11.17,14215887,166894513.38,18.6972,,,否,,,,,,否,382225337,76032187,4487325456.38,892617875.38,,,,11.05,10.79,10.37,10.03,9.66,9.76,8.57,1993-10-18,2018-04-27
2009-12-02,600680,*ST上普,电子元件,11.52,12.34,11.4,11.88,11.4,13035833,154865696.04,17.1452,,,否,,,,,,否,382225337,76032187,4540837003.56,903262381.56,,,,11.33,10.93,10.48,10.11,9.71,9.78,8.60,1993-10-18,2018-04-27
2009-12-03,600680,*ST上普,电子元件,11.79,12.25,11.58,12.01,11.58,9376274,112609050.74,12.3320,,,否,,,,,,否,382225337,76032187,4590526297.37,913146565.87,,,,11.70,11.07,10.60,10.19,9.77,9.80,8.62,1993-10-18,2018-04-27
2009-12-04,600680,*ST上普,电子元件,12.01,12.55,11.5,11.68,11.5,13079945,152773757.60,17.2032,,,否,,,,,,否,382225337,76032187,4464391936.16,888055944.16,,,,11.81,11.16,10.68,10.26,9.83,9.82,8.65,1993-10-18,2018-04-27
2009-12-07,600680,*ST上普,电子元件,11.69,11.96,11.32,11.86,11.32,6501364,77106177.04,8.5508,,,否,,,,,,否,382225337,76032187,4533192496.82,901741737.82,,,,11.83,11.27,10.79,10.33,9.88,9.84,8.68,1993-10-18,2018-04-27
2009-12-08,600680,*ST上普,电子元件,11.73,12.22,11.43,12.02,11.43,7698000,92529960.00,10.1247,,,否,,,,,,否,382225337,76032187,4594348550.74,913906887.74,,,,11.89,11.47,10.88,10.42,9.93,9.87,8.70,1993-10-18,2018-04-27
2009-12-09,600680,*ST上普,电子元件,11.92,12.29,11.72,12.07,11.72,7661713,92476875.91,10.0769,,,否,,,,,,否,382225337,76032187,4613459817.59,917708497.09,,,,11.93,11.63,10.99,10.51,9.98,9.89,8.73,1993-10-18,2018-04-27
2009-12-10,600680,*ST上普,电子元件,12.06,12.26,11.71,11.84,11.71,4467686,52897402.24,5.8760,,,否,,,,,,否,382225337,76032187,4525547990.08,900221094.08,,,,11.89,11.80,11.09,10.60,10.02,9.91,8.76,1993-10-18,2018-04-27
2009-12-11,600680,*ST上普,电子元件,11.95,11.95,11.42,11.49,11.42,4368494,50193996.06,5.7456,,,否,,,,,,否,382225337,76032187,4391769122.13,873609828.63,,,,11.86,11.83,11.16,10.69,10.06,9.93,8.79,1993-10-18,2018-04-27
2009-12-14,600680,*ST上普,电子元件,11.52,11.57,10.99,11.21,10.99,3771769,42281530.49,4.9608,,,否,,,,,,否,382225337,76032187,4284746027.77,852320816.27,,,,11.73,11.78,11.21,10.76,10.09,9.95,8.81,1993-10-18,2018-04-27
2009-12-15,600680,*ST上普,电子元件,11.21,11.49,11.17,11.36,11.17,2240397,25450909.92,2.9466,,,否,,,,,,否,382225337,76032187,4342079828.32,863725644.32,,,,11.59,11.74,11.26,10.83,10.13,9.96,8.84,1993-10-18,2018-04-27
2009-12-16,600680,*ST上普,电子元件,11.32,11.53,11.17,11.31,11.17,2534785,28668418.35,3.3338,,,否,,,,,,否,382225337,76032187,4322968561.47,859924034.97,,,,11.44,11.69,11.31,10.88,10.15,9.98,8.86,1993-10-18,2018-04-27
2009-12-17,600680,*ST上普,电子元件,11.21,11.34,10.85,10.92,10.85,2391960,26120203.20,3.1460,,,否,,,,,,否,382225337,76032187,4173900680.04,830271482.04,,,,11.26,11.58,11.32,10.92,10.17,9.99,8.88,1993-10-18,2018-04-27
2009-12-18,600680,*ST上普,电子元件,10.79,10.85,10.23,10.29,10.23,2570204,26447399.16,3.3804,,,否,,,,,,否,382225337,76032187,3933098717.73,782371204.23,,,,11.02,11.44,11.30,10.94,10.17,10.00,8.90,1993-10-18,2018-04-27
2009-12-21,600680,*ST上普,电子元件,10.38,10.65,10.38,10.6,10.38,2510243,26608575.80,3.3016,,,否,,,,,,否,382225337,76032187,4051588572.20,805941182.20,,,,10.90,11.31,11.29,10.96,10.17,10.01,8.92,1993-10-18,2018-04-27
2009-12-22,600680,*ST上普,电子元件,10.6,10.92,10.24,10.88,10.24,3922371,42675396.48,5.1588,,,否,,,,,,否,382225337,76032187,4158611666.56,827230194.56,,,,10.80,11.20,11.33,10.99,10.18,10.03,8.93,1993-10-18,2018-04-27
2009-12-23,600680,*ST上普,电子元件,10.78,11.43,10.72,11.27,10.72,5481767,61779514.09,7.2098,,,否,,,,,,否,382225337,76032187,4307679547.99,856882747.49,,,,10.79,11.12,11.37,11.03,10.20,10.05,8.95,1993-10-18,2018-04-27
2009-12-24,600680,*ST上普,电子元件,11.29,11.42,11.09,11.35,11.09,4374766,49653594.10,5.7538,,,否,,,,,,否,382225337,76032187,4338257574.95,862965322.45,,,,10.88,11.07,11.43,11.08,10.22,10.07,8.97,1993-10-18,2018-04-27
2009-12-25,600680,*ST上普,电子元件,11.24,11.56,11.12,11.24,11.12,3226805,36269288.20,4.2440,,,否,,,,,,否,382225337,76032187,4296212787.88,854601781.88,,,,11.07,11.04,11.44,11.12,10.25,10.08,8.99,1993-10-18,2018-04-27
2009-12-28,600680,*ST上普,电子元件,11.24,11.39,11.16,11.36,11.16,2983709,33894934.24,3.9243,,,否,,,,,,否,382225337,76032187,4342079828.32,863725644.32,,,,11.22,11.06,11.42,11.16,10.28,10.10,9.01,1993-10-18,2018-04-27
2009-12-29,600680,*ST上普,电子元件,11.32,11.65,11.23,11.58,11.23,4330639,50148799.62,5.6958,,,否,,,,,,否,382225337,76032187,4426169402.46,880452725.46,,,,11.36,11.08,11.41,11.20,10.33,10.12,9.04,1993-10-18,2018-04-27
2009-12-30,600680,*ST上普,电子元件,11.61,11.64,11.1,11.12,11.1,4854919,53986699.28,6.3853,,,否,,,,,,否,382225337,76032187,4250345747.44,845477919.44,,,,11.33,11.06,11.37,11.23,10.37,10.13,9.06,1993-10-18,2018-04-27
2009-12-31,600680,*ST上普,电子元件,11.13,11.61,11.13,11.43,11.13,3068446,35072337.78,4.0357,,,否,,,,,,否,382225337,76032187,4368835601.91,869047897.41,,,,11.35,11.11,11.34,11.25,10.42,10.15,9.08,1993-10-18,2018-04-27
2010-01-04,600680,*ST上普,电子元件,11.5,11.89,11.37,11.71,11.37,5690012,66630040.52,7.4837,,,否,,,,,,否,382225337,76032187,4475858696.27,890336909.77,,,,11.44,11.25,11.35,11.29,10.47,10.17,9.10,1993-10-18,2018-04-27
2010-01-05,600680,*ST上普,电子元件,11.71,11.97,11.57,11.81,11.57,5420761,64019187.41,7.1296,,,否,,,,,,否,382225337,76032187,4514081229.97,897940128.47,,,,11.53,11.38,11.34,11.32,10.52,10.19,9.12,1993-10-18,2018-04-27
2010-01-06,600680,*ST上普,电子元件,11.95,11.95,11.57,11.59,11.57,4092902,47436734.18,5.3831,,,否,,,,,,否,382225337,76032187,4429991655.83,881213047.33,,,,11.53,11.45,11.32,11.37,10.56,10.20,9.14,1993-10-18,2018-04-27
2010-01-07,600680,*ST上普,电子元件,11.5,11.61,10.97,11.02,10.97,3983341,43896417.82,5.2390,,,否,,,,,,否,382225337,76032187,4212123213.74,837874700.74,,,,11.51,11.42,11.27,11.39,10.59,10.21,9.16,1993-10-18,2018-04-27
2010-01-08,600680,*ST上普,电子元件,11.02,11.22,10.97,11.16,10.97,2042743,22797011.88,2.6867,,,否,,,,,,否,382225337,76032187,4265634760.92,848519206.92,,,,11.46,11.40,11.24,11.42,10.62,10.23,9.18,1993-10-18,2018-04-27
2010-01-11,600680,*ST上普,电子元件,11.1,11.67,11.09,11.63,11.09,4205273,48907324.99,5.5309,,,否,,,,,,否,382225337,76032187,4445280669.31,884254334.81,,,,11.44,11.44,11.24,11.44,10.66,10.24,9.21,1993-10-18,2018-04-27
2010-01-12,600680,*ST上普,电子元件,11.64,11.78,11.49,11.68,11.49,5413647,63231396.96,7.1202,,,否,,,,,,否,382225337,76032187,4464391936.16,888055944.16,,,,11.42,11.47,11.27,11.44,10.70,10.26,9.23,1993-10-18,2018-04-27
2010-01-13,600680,*ST上普,电子元件,11.47,12.08,11.35,11.88,11.35,7993122,94958289.36,10.5128,,,否,,,,,,否,382225337,76032187,4540837003.56,903262381.56,,,,11.47,11.50,11.29,11.44,10.74,10.27,9.25,1993-10-18,2018-04-27
2010-01-14,600680,*ST上普,电子元件,11.96,12.78,11.96,12.37,11.96,11614727,143674172.99,15.2761,,,否,,,,,,否,382225337,76032187,4728127418.69,940518153.19,,,,11.74,11.63,11.34,11.46,10.78,10.29,9.28,1993-10-18,2018-04-27
2010-01-15,600680,*ST上普,电子元件,12.19,12.35,12.02,12.13,12.02,5353898,64942782.74,7.0416,,,否,,,,,,否,382225337,76032187,4636393337.81,922270428.31,,,,11.94,11.70,11.41,11.46,10.83,10.30,9.30,1993-10-18,2018-04-27
2010-01-18,600680,*ST上普,电子元件,12.13,12.32,11.75,12.32,11.75,5007628,61693976.96,6.5862,,,否,,,,,,否,382225337,76032187,4709016151.84,936716543.84,,,,12.08,11.76,11.51,11.48,10.87,10.32,9.33,1993-10-18,2018-04-27
2010-01-19,600680,*ST上普,电子元件,12.28,12.62,12.08,12.5,12.08,6113478,76418475.00,8.0406,,,否,,,,,,否,382225337,76032187,4777816712.50,950402337.50,,,,12.24,11.83,11.60,11.50,10.92,10.33,9.35,1993-10-18,2018-04-27
2010-01-20,600680,*ST上普,电子元件,12.46,12.46,11.65,11.67,11.65,5490493,64074053.31,7.2213,,,否,,,,,,否,382225337,76032187,4460569682.79,887295622.29,,,,12.20,11.84,11.64,11.49,10.95,10.34,9.37,1993-10-18,2018-04-27
2010-01-21,600680,*ST上普,电子元件,11.57,11.95,11.57,11.84,11.57,3032262,35901982.08,3.9881,,,否,,,,,,否,382225337,76032187,4525547990.08,900221094.08,,,,12.09,11.92,11.67,11.49,11.00,10.35,9.40,1993-10-18,2018-04-27
2010-01-22,600680,*ST上普,电子元件,11.67,12.07,11.48,11.87,11.48,3489463,41419925.81,4.5895,,,否,,,,,,否,382225337,76032187,4537014750.19,902502059.69,,,,12.04,11.99,11.70,11.49,11.04,10.36,9.42,1993-10-18,2018-04-27
2010-01-25,600680,*ST上普,电子元件,11.78,12.05,11.52,11.54,11.52,2205109,25446957.86,2.9002,,,否,,,,,,否,382225337,76032187,4410880388.98,877411437.98,,,,11.88,11.98,11.71,11.49,11.09,10.36,9.44,1993-10-18,2018-04-27
2010-01-26,600680,*ST上普,电子元件,11.55,11.75,10.67,10.95,10.67,2081883,22796618.85,2.7382,,,否,,,,,,否,382225337,76032187,4185367440.15,832552447.65,,,,11.57,11.91,11.69,11.48,11.12,10.35,9.46,1993-10-18,2018-04-27
2010-01-27,600680,*ST上普,电子元件,11.05,11.15,10.31,10.51,10.31,2389851,25117334.01,3.1432,,,否,,,,,,否,382225337,76032187,4017188291.87,799098285.37,,,,11.34,11.77,11.64,11.45,11.14,10.34,9.48,1993-10-18,2018-04-27
2010-01-28,600680,*ST上普,电子元件,10.57,10.69,10.39,10.62,10.39,1436526,15255906.12,1.8894,,,否,,,,,,否,382225337,76032187,4059233078.94,807461825.94,,,,11.10,11.60,11.61,11.43,11.16,10.33,9.49,1993-10-18,2018-04-27
2010-01-29,600680,*ST上普,电子元件,10.57,10.8,10.39,10.64,10.39,1496289,15920514.96,1.9680,,,否,,,,,,否,382225337,76032187,4066877585.68,808982469.68,,,,10.85,11.45,11.57,11.42,11.17,10.32,9.51,1993-10-18,2018-04-27
2010-02-01,600680,*ST上普,电子元件,10.63,10.72,10.1,10.28,10.1,1551122,15945534.16,2.0401,,,否,,,,,,否,382225337,76032187,3929276464.36,781610882.36,,,,10.60,11.24,11.50,11.42,11.18,10.31,9.53,1993-10-18,2018-04-27
2010-02-02,600680,*ST上普,电子元件,10.41,10.55,10.28,10.35,10.28,1333340,13800069.00,1.7537,,,否,,,,,,否,382225337,76032187,3956032237.95,786933135.45,,,,10.48,11.03,11.43,11.41,11.19,10.30,9.54,1993-10-18,2018-04-27
2010-02-03,600680,*ST上普,电子元件,10.36,10.56,9.88,10.53,9.88,1758650,18518584.50,2.3130,,,否,,,,,,否,382225337,76032187,4024832798.61,800618929.11,,,,10.48,10.91,11.37,11.40,11.19,10.30,9.56,1993-10-18,2018-04-27
2010-02-04,600680,*ST上普,电子元件,10.46,10.85,10.35,10.64,10.35,2001747,21298588.08,2.6328,,,否,,,,,,否,382225337,76032187,4066877585.68,808982469.68,,,,10.49,10.79,11.36,11.38,11.20,10.30,9.58,1993-10-18,2018-04-27
2010-02-05,600680,*ST上普,电子元件,10.26,10.53,10.12,10.25,10.12,1905861,19535075.25,2.5067,,,否,,,,,,否,382225337,76032187,3917809704.25,779329916.75,,,,10.41,10.63,11.31,11.34,11.21,10.29,9.59,1993-10-18,2018-04-27
2010-02-08,600680,*ST上普,电子元件,10.25,10.52,10.17,10.41,10.17,1342140,13971677.40,1.7652,,,否,,,,,,否,382225337,76032187,3978965758.17,791495066.67,,,,10.44,10.52,11.25,11.31,11.22,10.29,9.60,1993-10-18,2018-04-27
2010-02-09,600680,*ST上普,电子元件,10.41,10.55,10.35,10.53,10.35,1206231,12701612.43,1.5865,,,否,,,,,,否,382225337,76032187,4024832798.61,800618929.11,,,,10.47,10.48,11.19,11.29,11.22,10.29,9.62,1993-10-18,2018-04-27
2010-02-10,600680,*ST上普,电子元件,10.56,10.68,10.5,10.66,10.5,1405473,14982342.18,1.8485,,,否,,,,,,否,382225337,76032187,4074522092.42,810503113.42,,,,10.50,10.49,11.13,11.25,11.23,10.30,9.63,1993-10-18,2018-04-27
2010-02-11,600680,*ST上普,电子元件,10.65,10.71,10.47,10.49,10.47,1013758,10634321.42,1.3333,,,否,,,,,,否,382225337,76032187,4009543785.13,797577641.63,,,,10.47,10.48,11.04,11.23,11.23,10.32,9.65,1993-10-18,2018-04-27
2010-02-12,600680,*ST上普,电子元件,10.49,10.8,10.49,10.68,10.49,1350038,14418405.84,1.7756,,,否,,,,,,否,382225337,76032187,4082166599.16,812023757.16,,,,10.55,10.48,10.96,11.21,11.23,10.33,9.66,1993-10-18,2018-04-27
2010-02-22,600680,*ST上普,电子元件,10.6,10.75,10.57,10.67,10.57,1382947,14756044.49,1.8189,,,否,,,,,,否,382225337,76032187,4078344345.79,811263435.29,,,,10.61,10.52,10.88,11.17,11.23,10.34,9.68,1993-10-18,2018-04-27
2010-02-23,600680,*ST上普,电子元件,10.67,10.92,10.55,10.91,10.55,2088011,22780200.01,2.7462,,,否,,,,,,否,382225337,76032187,4170078426.67,829511160.17,,,,10.68,10.58,10.80,11.14,11.23,10.36,9.69,1993-10-18,2018-04-27
2010-02-24,600680,*ST上普,电子元件,10.82,11.11,10.77,11.07,10.77,2351003,26025603.21,3.0921,,,否,,,,,,否,382225337,76032187,4231234480.59,841676310.09,,,,10.76,10.63,10.77,11.13,11.25,10.38,9.70,1993-10-18,2018-04-27
2010-02-25,600680,*ST上普,电子元件,11.1,11.21,10.98,11.12,10.98,2219496,24680795.52,2.9192,,,否,,,,,,否,382225337,76032187,4250345747.44,845477919.44,,,,10.89,10.68,10.74,11.13,11.26,10.39,9.72,1993-10-18,2018-04-27
2010-02-26,600680,*ST上普,电子元件,11.12,11.28,11.07,11.13,11.07,1897331,21117294.03,2.4954,,,否,,,,,,否,382225337,76032187,4254168000.81,846238241.31,,,,10.98,10.77,10.70,11.13,11.28,10.41,9.73,1993-10-18,2018-04-27
2010-03-01,600680,*ST上普,电子元件,11.13,11.46,11.05,11.41,11.05,2875933,32814395.53,3.7825,,,否,,,,,,否,382225337,76032187,4361191095.17,867527253.67,,,,11.13,10.87,10.69,11.12,11.28,10.43,9.75,1993-10-18,2018-04-27
2010-03-02,600680,*ST上普,电子元件,11.38,11.63,11.23,11.5,11.23,3665831,42157056.50,4.8214,,,否,,,,,,否,382225337,76032187,4395591375.50,874370150.50,,,,11.25,10.96,10.72,11.12,11.28,10.45,9.77,1993-10-18,2018-04-27
2010-03-03,600680,*ST上普,电子元件,11.5,12.13,11.41,11.92,11.41,5465971,65154374.32,7.1890,,,否,,,,,,否,382225337,76032187,4556126017.04,906303669.04,,,,11.42,11.09,10.79,11.12,11.28,10.47,9.79,1993-10-18,2018-04-27
2010-03-04,600680,*ST上普,电子元件,11.93,11.93,11.11,11.23,11.11,3975779,44647998.17,5.2291,,,否,,,,,,否,382225337,76032187,4292390534.51,853841460.01,,,,11.44,11.16,10.82,11.08,11.27,10.49,9.80,1993-10-18,2018-04-27
2010-03-05,600680,*ST上普,电子元件,11.32,12.35,11.31,12.35,11.31,6230473,76946341.55,8.1945,,,否,,,,,,是,382225337,76032187,4720482911.95,938997509.45,,,,11.68,11.33,10.91,11.09,11.27,10.52,9.82,1993-10-18,2018-04-27
2010-03-08,600680,*ST上普,电子元件,12.96,13.59,12.76,13.59,12.76,7352079,99914753.61,9.6697,,,否,,,,,,是,382225337,76032187,5194442329.83,1033277421.33,,,,12.12,11.62,11.07,11.13,11.31,10.57,9.85,1993-10-18,2018-04-27
2010-03-09,600680,*ST上普,电子元件,14.45,14.95,14.37,14.95,14.37,28347350,423792882.50,37.2834,,,否,,,,,,是,382225337,76032187,5714268788.15,1136681195.65,,,,12.81,12.03,11.30,11.21,11.36,10.62,9.88,1993-10-18,2018-04-27
2010-03-10,600680,*ST上普,电子元件,14.91,15.34,14.51,15.13,14.51,24394967,369095850.71,32.0851,,,否,,,,,,否,382225337,76032187,5783069348.81,1150366989.31,,,,13.45,12.43,11.53,11.33,11.41,10.67,9.91,1993-10-18,2018-04-27
2010-03-11,600680,*ST上普,电子元件,14.86,15.43,14.66,14.78,14.66,21258520,314200925.60,27.9599,,,否,,,,,,否,382225337,76032187,5649290480.86,1123755723.86,,,,14.16,12.80,11.74,11.42,11.45,10.72,9.93,1993-10-18,2018-04-27
2010-03-12,600680,*ST上普,电子元件,14.86,15.72,14.62,14.65,14.62,20813794,304922082.10,27.3750,,,否,,,,,,否,382225337,76032187,5599601187.05,1113871539.55,,,,14.62,13.15,11.96,11.52,11.50,10.76,9.96,1993-10-18,2018-04-27
2010-03-15,600680,*ST上普,电子元件,14.56,15.01,14.41,14.95,14.41,11026423,164845023.85,14.5023,,,否,,,,,,否,382225337,76032187,5714268788.15,1136681195.65,,,,14.89,13.51,12.19,11.63,11.56,10.81,9.99,1993-10-18,2018-04-27
2010-03-16,600680,*ST上普,电子元件,14.76,14.94,14.19,14.52,14.19,12605053,183025369.56,16.5786,,,否,,,,,,否,382225337,76032187,5549911893.24,1103987355.24,,,,14.81,13.81,12.39,11.75,11.61,10.85,10.01,1993-10-18,2018-04-27
2010-03-17,600680,*ST上普,电子元件,14.46,15.41,14.37,14.95,14.37,14005719,209385499.05,18.4208,,,否,,,,,,否,382225337,76032187,5714268788.15,1136681195.65,,,,14.77,14.11,12.60,11.90,11.67,10.90,10.03,1993-10-18,2018-04-27
2010-03-18,600680,*ST上普,电子元件,14.88,16.44,14.71,16.14,14.71,22162040,357695325.60,29.1482,,,否,,,,,,否,382225337,76032187,6169116939.18,1227159498.18,,,,15.04,14.60,12.88,12.08,11.75,10.95,10.07,1993-10-18,2018-04-27
2010-03-19,600680,*ST上普,电子元件,15.64,15.75,15.18,15.44,15.18,17396819,268606885.36,22.8809,,,否,,,,,,否,382225337,76032187,5901559203.28,1173936967.28,,,,15.20,14.91,13.12,12.24,11.83,11.00,10.10,1993-10-18,2018-04-27
2010-03-22,600680,*ST上普,电子元件,15.16,15.46,14.82,15.34,14.82,10607779,162723329.86,13.9517,,,否,,,,,,否,382225337,76032187,5863336669.58,1166333748.58,,,,15.28,15.09,13.35,12.41,11.91,11.04,10.13,1993-10-18,2018-04-27
2010-03-23,600680,*ST上普,电子元件,15.16,15.21,14.85,15.04,14.85,6968690,104809097.60,9.1654,,,否,,,,,,否,382225337,76032187,5748669068.48,1143524092.48,,,,15.38,15.09,13.56,12.57,11.99,11.08,10.16,1993-10-18,2018-04-27
2010-03-24,600680,*ST上普,电子元件,15.07,15.2,14.84,14.95,14.84,7208584,107768330.80,9.4810,,,否,,,,,,否,382225337,76032187,5714268788.15,1136681195.65,,,,15.38,15.08,13.75,12.71,12.06,11.12,10.18,1993-10-18,2018-04-27
2010-03-25,600680,*ST上普,电子元件,14.74,14.9,14.35,14.37,14.35,7971531,114550900.47,10.4844,,,否,,,,,,否,382225337,76032187,5492578092.69,1092582527.19,,,,15.03,15.04,13.92,12.84,12.11,11.15,10.21,1993-10-18,2018-04-27
2010-03-26,600680,*ST上普,电子元件,14.16,14.93,14.16,14.61,14.16,8844793,129222425.73,11.6330,,,否,,,,,,否,382225337,76032187,5584312173.57,1110830252.07,,,,14.86,15.03,14.09,12.98,12.16,11.19,10.24,1993-10-18,2018-04-27
2010-03-29,600680,*ST上普,电子元件,14.61,14.66,14.37,14.55,14.37,5612969,81668698.95,7.3824,,,否,,,,,,否,382225337,76032187,5561378653.35,1106268320.85,,,,14.70,14.99,14.25,13.12,12.22,11.23,10.26,1993-10-18,2018-04-27
2010-03-30,600680,*ST上普,电子元件,14.46,14.82,14.42,14.79,14.42,6173143,91300784.97,8.1191,,,否,,,,,,否,382225337,76032187,5653112734.23,1124516045.73,,,,14.65,15.02,14.41,13.26,12.27,11.28,10.29,1993-10-18,2018-04-27
2010-03-31,600680,*ST上普,电子元件,14.81,14.93,14.69,14.86,14.69,5774736,85812576.96,7.5951,,,否,,,,,,否,382225337,76032187,5679868507.82,1129838298.82,,,,14.64,15.01,14.56,13.40,12.33,11.33,10.32,1993-10-18,2018-04-27
2010-04-01,600680,*ST上普,电子元件,14.64,14.87,14.54,14.75,14.54,7285567,107462113.25,9.5822,,,否,,,,,,否,382225337,76032187,5637823720.75,1121474758.25,,,,14.71,14.87,14.74,13.55,12.39,11.38,10.34,1993-10-18,2018-04-27
2010-04-06,600680,*ST上普,电子元件,14.58,14.83,14.57,14.62,14.57,4312594,63050124.28,5.6721,,,否,,,,,,否,382225337,76032187,5588134426.94,1111590573.94,,,,14.71,14.79,14.85,13.68,12.44,11.43,10.37,1993-10-18,2018-04-27
2010-04-07,600680,*ST上普,电子元件,14.56,14.71,14.28,14.39,14.28,5591655,80463915.45,7.3543,,,否,,,,,,否,382225337,76032187,5500222599.43,1094103170.93,,,,14.68,14.69,14.89,13.80,12.49,11.48,10.39,1993-10-18,2018-04-27
2010-04-08,600680,*ST上普,电子元件,14.39,14.65,14.18,14.63,14.18,5991800,87660034.00,7.8806,,,否,,,,,,否,382225337,76032187,5591956680.31,1112350895.81,,,,14.65,14.65,14.87,13.92,12.53,11.53,10.42,1993-10-18,2018-04-27
2010-04-09,600680,*ST上普,电子元件,14.73,15.94,14.73,15.36,14.73,20323007,312161387.52,26.7295,,,否,,,,,,否,382225337,76032187,5870981176.32,1167854392.32,,,,14.75,14.69,14.88,14.07,12.60,11.58,10.45,1993-10-18,2018-04-27
2010-04-12,600680,*ST上普,电子元件,15.06,15.53,14.97,15.46,14.97,9934568,153588421.28,13.0663,,,否,,,,,,否,382225337,76032187,5909203710.02,1175457611.02,,,,14.89,14.80,14.92,14.21,12.67,11.63,10.47,1993-10-18,2018-04-27
2010-04-13,600680,*ST上普,电子元件,15.46,15.51,13.91,14.78,13.91,6956207,102812739.46,9.1490,,,否,,,,,,否,382225337,76032187,5649290480.86,1123755723.86,,,,14.92,14.82,14.93,14.33,12.73,11.68,10.49,1993-10-18,2018-04-27
2010-04-14,600680,*ST上普,电子元件,14.78,14.78,14.34,14.49,14.34,4707889,68217311.61,6.1920,,,否,,,,,,否,382225337,76032187,5538445133.13,1101706389.63,,,,14.94,14.81,14.90,14.44,12.78,11.72,10.51,1993-10-18,2018-04-27
2010-04-15,600680,*ST上普,电子元件,14.52,14.64,14.03,14.12,14.03,4027667,56870658.04,5.2973,,,否,,,,,,否,382225337,76032187,5397021758.44,1073574480.44,,,,14.84,14.75,14.88,14.52,12.82,11.76,10.53,1993-10-18,2018-04-27
2010-04-16,600680,*ST上普,电子元件,14.1,14.26,13.96,14.24,13.96,2496976,35556938.24,3.2841,,,否,,,,,,否,382225337,76032187,5442888798.88,1082698342.88,,,,14.62,14.68,14.85,14.60,12.86,11.80,10.56,1993-10-18,2018-04-27
2010-04-19,600680,*ST上普,电子元件,14.2,14.46,13.86,13.93,13.86,3224274,44914136.82,4.2407,,,否,,,,,,否,382225337,76032187,5324398944.41,1059128364.91,,,,14.31,14.60,14.74,14.69,12.89,11.83,10.58,1993-10-18,2018-04-27
2010-04-20,600680,*ST上普,电子元件,13.93,14.08,12.97,13.49,12.97,3707484,50013959.16,4.8762,,,否,,,,,,否,382225337,76032187,5156219796.13,1025674202.63,,,,14.05,14.49,14.64,14.73,12.91,11.87,10.60,1993-10-18,2018-04-27
2010-04-21,600680,*ST上普,电子元件,13.61,13.96,13.26,13.87,13.26,4264501,59148628.87,5.6088,,,否,,,,,,否,382225337,76032187,5301465424.19,1054566433.69,,,,13.93,14.44,14.57,14.74,12.93,11.90,10.62,1993-10-18,2018-04-27
2010-04-22,600680,*ST上普,电子元件,13.66,14.14,13.54,14.02,13.54,4203927,58939056.54,5.5291,,,否,,,,,,否,382225337,76032187,5358799224.74,1065971261.74,,,,13.91,14.38,14.51,14.71,12.96,11.94,10.64,1993-10-18,2018-04-27
2010-04-23,600680,*ST上普,电子元件,13.94,14.38,13.85,14.04,13.85,3619606,50819268.24,4.7606,,,否,,,,,,否,382225337,76032187,5366443731.48,1067491905.48,,,,13.87,14.24,14.47,14.67,13.00,11.98,10.66,1993-10-18,2018-04-27
2010-04-26,600680,*ST上普,电子元件,13.96,14.82,13.91,14.75,13.91,7533592,111120482.00,9.9084,,,否,,,,,,否,382225337,76032187,5637823720.75,1121474758.25,,,,14.03,14.17,14.49,14.67,13.05,12.02,10.68,1993-10-18,2018-04-27
2010-04-27,600680,*ST上普,电子元件,14.78,14.78,13.72,14.13,13.72,4857118,68631077.34,6.3882,,,否,,,,,,否,382225337,76032187,5400844011.81,1074334802.31,,,,14.16,14.11,14.46,14.65,13.08,12.06,10.70,1993-10-18,2018-04-27
2010-04-28,600680,*ST上普,电子元件,13.96,14.11,12.94,12.98,12.94,4808951,62420183.98,6.3249,,,否,,,,,,否,382225337,76032187,4961284874.26,986897787.26,,,,13.98,13.96,14.39,14.59,13.11,12.10,10.71,1993-10-18,2018-04-27
2010-04-29,600680,*ST上普,电子元件,12.96,13.34,12.76,12.78,12.76,2820223,36042449.94,3.7092,,,否,,,,,,否,382225337,76032187,4884839806.86,971691349.86,,,,13.74,13.82,14.28,14.53,13.14,12.13,10.73,1993-10-18,2018-04-27
2010-04-30,600680,*ST上普,电子元件,12.56,12.85,11.52,11.96,11.52,2930037,35043242.52,3.8537,,,否,,,,,,否,382225337,76032187,4571415030.52,909344956.52,,,,13.32,13.60,14.14,14.43,13.16,12.15,10.74,1993-10-18,2018-04-27
2010-05-04,600680,*ST上普,电子元件,11.73,11.85,11.19,11.41,11.19,2128571,24286995.11,2.7996,,,否,,,,,,否,382225337,76032187,4361191095.17,867527253.67,,,,12.65,13.34,13.97,14.27,13.18,12.17,10.75,1993-10-18,2018-04-27
2010-05-05,600680,*ST上普,电子元件,11.45,12.54,11.27,12.54,11.27,3978922,49895681.88,5.2332,,,否,,,,,,是,382225337,76032187,4793105725.98,953443624.98,,,,12.33,13.25,13.87,14.18,13.21,12.19,10.76,1993-10-18,2018-04-27
2010-05-06,600680,*ST上普,电子元件,12.6,12.79,11.98,12.03,11.98,3951812,47540298.36,5.1976,,,否,,,,,,否,382225337,76032187,4598170804.11,914667209.61,,,,12.14,13.06,13.75,14.06,13.24,12.21,10.78,1993-10-18,2018-04-27
2010-05-07,600680,*ST上普,电子元件,11.67,12.2,11.45,11.79,11.45,2203907,25984063.53,2.8987,,,否,,,,,,否,382225337,76032187,4506436723.23,896419484.73,,,,11.95,12.84,13.61,13.96,13.26,12.22,10.79,1993-10-18,2018-04-27
2010-05-10,600680,*ST上普,电子元件,11.81,12.08,11.17,11.46,11.17,2082295,23863100.70,2.7387,,,否,,,,,,否,382225337,76032187,4380302362.02,871328863.02,,,,11.85,12.58,13.41,13.84,13.28,12.23,10.80,1993-10-18,2018-04-27
2010-05-11,600680,*ST上普,电子元件,11.85,12.45,11.75,11.8,11.75,4745869,56001254.20,6.2419,,,否,,,,,,否,382225337,76032187,4510258976.60,897179806.60,,,,11.92,12.29,13.23,13.75,13.30,12.25,10.82,1993-10-18,2018-04-27
2010-05-12,600680,*ST上普,电子元件,11.27,11.82,11.27,11.54,11.27,2405264,27756746.56,3.1635,,,否,,,,,,否,382225337,76032187,4410880388.98,877411437.98,,,,11.72,12.03,13.07,13.65,13.32,12.26,10.83,1993-10-18,2018-04-27
2010-05-13,600680,*ST上普,电子元件,11.55,12.25,11.38,12.14,11.38,3056289,37103348.46,4.0197,,,否,,,,,,否,382225337,76032187,4640215591.18,923030750.18,,,,11.75,11.95,12.95,13.57,13.35,12.28,10.85,1993-10-18,2018-04-27
2010-05-14,600680,*ST上普,电子元件,11.93,12.41,11.87,12.15,11.87,3853453,46819453.95,5.0682,,,否,,,,,,否,382225337,76032187,4644037844.55,923791072.05,,,,11.82,11.88,12.85,13.48,13.37,12.30,10.86,1993-10-18,2018-04-27
2010-05-17,600680,*ST上普,电子元件,11.97,11.97,10.94,11.0,10.94,2869588,31565468.00,3.7742,,,否,,,,,,否,382225337,76032187,4204478707.00,836354057.00,,,,11.73,11.79,12.69,13.36,13.38,12.30,10.87,1993-10-18,2018-04-27
2010-05-18,600680,*ST上普,电子元件,10.97,11.19,10.27,10.97,10.27,3131954,34357535.38,4.1192,,,否,,,,,,否,382225337,76032187,4193011946.89,834073091.39,,,,11.56,11.74,12.54,13.23,13.39,12.31,10.88,1993-10-18,2018-04-27
2010-05-19,600680,*ST上普,电子元件,10.91,11.38,10.37,11.07,10.37,3156299,34940229.93,4.1513,,,否,,,,,,否,382225337,76032187,4231234480.59,841676310.09,,,,11.47,11.60,12.42,13.11,13.39,12.31,10.89,1993-10-18,2018-04-27
2010-05-20,600680,*ST上普,电子元件,10.85,11.11,10.5,10.61,10.5,2165144,22972177.84,2.8477,,,否,,,,,,否,382225337,76032187,4055410825.57,806701504.07,,,,11.16,11.45,12.26,12.98,13.39,12.31,10.89,1993-10-18,2018-04-27
2010-05-21,600680,*ST上普,电子元件,10.28,10.82,10.12,10.61,10.12,2207515,23421734.15,2.9034,,,否,,,,,,否,382225337,76032187,4055410825.57,806701504.07,,,,10.85,11.34,12.09,12.85,13.39,12.31,10.90,1993-10-18,2018-04-27
2010-05-24,600680,*ST上普,电子元件,10.7,11.45,10.7,11.36,10.7,4097409,46546566.24,5.3890,,,否,,,,,,否,382225337,76032187,4342079828.32,863725644.32,,,,10.92,11.33,11.95,12.72,13.39,12.32,10.91,1993-10-18,2018-04-27
2010-05-25,600680,*ST上普,电子元件,11.29,11.67,11.12,11.46,11.12,3914175,44856445.50,5.1480,,,否,,,,,,否,382225337,76032187,4380302362.02,871328863.02,,,,11.02,11.29,11.79,12.58,13.40,12.33,10.92,1993-10-18,2018-04-27
2010-05-26,600680,*ST上普,电子元件,11.44,11.69,11.27,11.63,11.27,3173171,36903978.73,4.1735,,,否,,,,,,否,382225337,76032187,4445280669.31,884254334.81,,,,11.13,11.30,11.66,12.48,13.41,12.34,10.93,1993-10-18,2018-04-27
2010-05-27,600680,*ST上普,电子元件,11.65,11.86,11.27,11.75,11.27,3429384,40295262.00,4.5104,,,否,,,,,,否,382225337,76032187,4491147709.75,893378197.25,,,,11.36,11.26,11.60,12.39,13.41,12.35,10.94,1993-10-18,2018-04-27
2010-05-28,600680,*ST上普,电子元件,11.87,11.94,11.47,11.58,11.47,2788591,32291883.78,3.6676,,,否,,,,,,否,382225337,76032187,4426169402.46,880452725.46,,,,11.56,11.20,11.54,12.30,13.41,12.34,10.95,1993-10-18,2018-04-27
2010-05-31,600680,*ST上普,电子元件,11.5,11.68,11.12,11.16,11.12,2145911,23948366.76,2.8224,,,否,,,,,,否,382225337,76032187,4265634760.92,848519206.92,,,,11.52,11.22,11.50,12.20,13.40,12.34,10.96,1993-10-18,2018-04-27
2010-06-01,600680,*ST上普,电子元件,11.02,11.24,10.75,10.97,10.75,1816486,19926851.42,2.3891,,,否,,,,,,否,382225337,76032187,4193011946.89,834073091.39,,,,11.42,11.22,11.48,12.10,13.40,12.33,10.97,1993-10-18,2018-04-27
2010-06-02,600680,*ST上普,电子元件,10.97,11.28,10.92,11.27,10.92,2124617,23944433.59,2.7944,,,否,,,,,,否,382225337,76032187,4307679547.99,856882747.49,,,,11.35,11.24,11.42,12.03,13.38,12.33,10.98,1993-10-18,2018-04-27
2010-06-03,600680,*ST上普,电子元件,11.27,11.61,11.07,11.14,11.07,2809262,31295178.68,3.6948,,,否,,,,,,否,382225337,76032187,4257990254.18,846998563.18,,,,11.22,11.29,11.37,11.94,13.34,12.32,10.99,1993-10-18,2018-04-27
2010-06-04,600680,*ST上普,电子元件,11.05,11.39,10.98,11.33,10.98,1905311,21587173.63,2.5059,,,否,,,,,,否,382225337,76032187,4330613068.21,861444678.71,,,,11.17,11.37,11.35,11.85,13.28,12.32,11.00,1993-10-18,2018-04-27
2010-06-07,600680,*ST上普,电子元件,10.91,11.64,10.85,11.47,10.85,3199143,36694170.21,4.2076,,,否,,,,,,否,382225337,76032187,4384124615.39,872089184.89,,,,11.24,11.38,11.35,11.76,13.22,12.31,11.01,1993-10-18,2018-04-27
2010-06-08,600680,*ST上普,电子元件,11.47,11.85,11.45,11.73,11.45,4804638,56358403.74,6.3192,,,否,,,,,,否,382225337,76032187,4483503203.01,891857553.51,,,,11.39,11.40,11.35,11.66,13.17,12.31,11.03,1993-10-18,2018-04-27
2010-06-09,600680,*ST上普,电子元件,11.76,11.91,11.51,11.83,11.51,4361294,51594108.02,5.7361,,,否,,,,,,否,382225337,76032187,4521725736.71,899460772.21,,,,11.50,11.42,11.36,11.58,13.12,12.31,11.04,1993-10-18,2018-04-27
2010-06-10,600680,*ST上普,电子元件,11.71,12.21,11.65,12.07,11.65,4895333,59086669.31,6.4385,,,否,,,,,,否,382225337,76032187,4613459817.59,917708497.09,,,,11.69,11.46,11.36,11.55,13.07,12.31,11.05,1993-10-18,2018-04-27
2010-06-11,600680,*ST上普,电子元件,12.1,12.16,11.77,11.8,11.77,2761588,32586738.40,3.6321,,,否,,,,,,否,382225337,76032187,4510258976.60,897179806.60,,,,11.78,11.48,11.34,11.52,13.03,12.32,11.06,1993-10-18,2018-04-27
2010-06-17,600680,*ST上普,电子元件,11.85,11.96,11.53,11.58,11.53,1726014,19987242.12,2.2701,,,否,,,,,,否,382225337,76032187,4426169402.46,880452725.46,,,,11.80,11.52,11.37,11.51,12.97,12.32,11.07,1993-10-18,2018-04-27
2010-06-18,600680,*ST上普,电子元件,11.52,11.67,10.82,10.91,10.82,2224033,24264200.03,2.9251,,,否,,,,,,否,382225337,76032187,4170078426.67,829511160.17,,,,11.64,11.51,11.37,11.49,12.88,12.32,11.07,1993-10-18,2018-04-27
2010-06-21,600680,*ST上普,电子元件,10.91,11.67,10.77,11.65,10.77,3698975,43093058.75,4.8650,,,否,,,,,,否,382225337,76032187,4452925176.05,885774978.55,,,,11.60,11.55,11.40,11.46,12.82,12.32,11.08,1993-10-18,2018-04-27
2010-06-22,600680,*ST上普,电子元件,11.68,11.84,11.55,11.69,11.55,5987665,69995803.85,7.8752,,,否,,,,,,否,382225337,76032187,4468214189.53,888816266.03,,,,11.53,11.61,11.45,11.45,12.76,12.34,11.09,1993-10-18,2018-04-27
2010-06-23,600680,*ST上普,电子元件,11.54,11.59,11.13,11.32,11.13,3313451,37508265.32,4.3580,,,否,,,,,,否,382225337,76032187,4326790814.84,860684356.84,,,,11.43,11.61,11.49,11.44,12.70,12.34,11.10,1993-10-18,2018-04-27
2010-06-24,600680,*ST上普,电子元件,11.24,11.42,11.18,11.31,11.18,1595614,18046394.34,2.0986,,,否,,,,,,否,382225337,76032187,4322968561.47,859924034.97,,,,11.38,11.59,11.48,11.43,12.64,12.35,11.11,1993-10-18,2018-04-27
2010-06-28,600680,*ST上普,电子元件,11.15,11.17,10.81,10.85,10.81,1612303,17493487.55,2.1206,,,否,,,,,,否,382225337,76032187,4147144906.45,824949228.95,,,,11.36,11.50,11.45,11.40,12.58,12.34,11.12,1993-10-18,2018-04-27
2010-06-29,600680,*ST上普,电子元件,10.77,10.95,9.76,9.79,9.76,2742263,26846754.77,3.6067,,,否,,,,,,否,382225337,76032187,3741986049.23,744355110.73,,,,10.99,11.30,11.36,11.34,12.50,12.33,11.12,1993-10-18,2018-04-27
2010-06-30,600680,*ST上普,电子元件,9.59,9.67,9.27,9.29,9.27,1511331,14040264.99,1.9878,,,否,,,,,,否,382225337,76032187,3550873380.73,706339017.23,,,,10.51,11.02,11.24,11.25,12.41,12.31,11.12,1993-10-18,2018-04-27
2010-07-01,600680,*ST上普,电子元件,9.22,9.47,8.98,9.05,8.98,1259033,11394248.65,1.6559,,,否,,,,,,否,382225337,76032187,3459139299.85,688091292.35,,,,10.06,10.74,11.11,11.14,12.31,12.29,11.12,1993-10-18,2018-04-27
2010-07-02,600680,*ST上普,电子元件,9.04,9.42,8.49,9.28,8.49,2051441,19037372.48,2.6981,,,否,,,,,,否,382225337,76032187,3547051127.36,705578695.36,,,,9.65,10.51,11.02,11.08,12.22,12.27,11.12,1993-10-18,2018-04-27
2010-07-05,600680,*ST上普,电子元件,9.21,9.21,8.78,8.98,8.78,1261955,11332355.90,1.6598,,,否,,,,,,否,382225337,76032187,3432383526.26,682769039.26,,,,9.28,10.32,10.92,11.02,12.12,12.26,11.12,1993-10-18,2018-04-27
2010-07-06,600680,*ST上普,电子元件,8.98,9.35,8.88,9.31,8.88,2008918,18703026.58,2.6422,,,否,,,,,,否,382225337,76032187,3558517887.47,707859660.97,,,,9.18,10.09,10.82,10.96,12.04,12.24,11.12,1993-10-18,2018-04-27
2010-07-07,600680,*ST上普,电子元件,9.33,9.55,9.24,9.44,9.24,2045371,19308302.24,2.6901,,,否,,,,,,否,382225337,76032187,3608207181.28,717743845.28,,,,9.21,9.86,10.73,10.92,11.95,12.22,11.12,1993-10-18,2018-04-27
2010-07-08,600680,*ST上普,电子元件,9.45,9.49,9.17,9.3,9.17,1801840,16757112.00,2.3698,,,否,,,,,,否,382225337,76032187,3554695634.10,707099339.10,,,,9.26,9.66,10.63,10.88,11.86,12.20,11.12,1993-10-18,2018-04-27
2010-07-09,600680,*ST上普,电子元件,9.38,10.23,9.38,10.23,9.38,2855143,29208112.89,3.7552,,,否,,,,,,是,382225337,76032187,3910165197.51,777809273.01,,,,9.45,9.55,10.57,10.84,11.78,12.19,11.12,1993-10-18,2018-04-27
2010-07-12,600680,*ST上普,电子元件,10.76,11.26,10.47,11.26,10.47,3852726,43381694.76,5.0672,,,否,,,,,,是,382225337,76032187,4303857294.62,856122425.62,,,,9.91,9.59,10.55,10.83,11.71,12.19,11.13,1993-10-18,2018-04-27
2010-07-13,600680,*ST上普,电子元件,11.82,12.38,11.53,12.38,11.53,18271034,226195400.92,24.0307,,,否,,,,,,是,382225337,76032187,4731949672.06,941278475.06,,,,10.52,9.85,10.57,10.86,11.67,12.20,11.14,1993-10-18,2018-04-27
2010-07-14,600680,*ST上普,电子元件,13.31,13.56,12.57,12.81,12.57,23949919,306798462.39,31.4997,,,否,,,,,,否,382225337,76032187,4896306566.97,973972315.47,,,,11.20,10.20,10.61,10.89,11.64,12.21,11.16,1993-10-18,2018-04-27
2010-07-15,600680,*ST上普,电子元件,12.55,12.84,12.14,12.36,12.14,17952517,221893110.12,23.6117,,,否,,,,,,否,382225337,76032187,4724305165.32,939757831.32,,,,11.81,10.54,10.64,10.92,11.61,12.22,11.17,1993-10-18,2018-04-27
2010-07-16,600680,*ST上普,电子元件,12.17,12.4,11.99,12.23,11.99,9080303,111052105.69,11.9427,,,否,,,,,,否,382225337,76032187,4674615871.51,929873647.01,,,,12.21,10.83,10.67,10.95,11.58,12.22,11.18,1993-10-18,2018-04-27
2010-07-19,600680,*ST上普,电子元件,12.23,12.41,12.03,12.35,12.03,12289698,151777770.30,16.1638,,,否,,,,,,否,382225337,76032187,4720482911.95,938997509.45,,,,12.43,11.17,10.74,11.00,11.55,12.22,11.19,1993-10-18,2018-04-27
2010-07-20,600680,*ST上普,电子元件,12.26,12.73,12.13,12.6,12.13,14549870,183328362.00,19.1365,,,否,,,,,,否,382225337,76032187,4816039246.20,958005556.20,,,,12.47,11.50,10.79,11.04,11.54,12.22,11.21,1993-10-18,2018-04-27
2010-07-21,600680,*ST上普,电子元件,12.41,12.48,12.14,12.39,12.14,9641699,119460650.61,12.6811,,,否,,,,,,否,382225337,76032187,4735771925.43,942038796.93,,,,12.39,11.79,10.83,11.09,11.51,12.22,11.22,1993-10-18,2018-04-27
2010-07-22,600680,*ST上普,电子元件,12.34,12.69,12.14,12.63,12.14,10940813,138182468.19,14.3897,,,否,,,,,,否,382225337,76032187,4827506006.31,960286521.81,,,,12.44,12.12,10.89,11.13,11.49,12.22,11.23,1993-10-18,2018-04-27
2010-07-23,600680,*ST上普,电子元件,12.52,13.12,12.17,12.25,12.17,12274820,150366545.00,16.1442,,,否,,,,,,否,382225337,76032187,4682260378.25,931394290.75,,,,12.44,12.33,10.94,11.16,11.46,12.23,11.24,1993-10-18,2018-04-27
2010-07-26,600680,*ST上普,电子元件,12.16,12.33,11.97,12.25,11.97,6965446,85326713.50,9.1612,,,否,,,,,,否,382225337,76032187,4682260378.25,931394290.75,,,,12.42,12.43,11.01,11.17,11.42,12.23,11.25,1993-10-18,2018-04-27
2010-07-27,600680,*ST上普,电子元件,12.11,12.33,12.03,12.07,12.03,5231148,63139956.36,6.8802,,,否,,,,,,否,382225337,76032187,4613459817.59,917708497.09,,,,12.32,12.39,11.12,11.18,11.38,12.23,11.26,1993-10-18,2018-04-27
2010-07-28,600680,*ST上普,电子元件,12.04,12.7,12.0,12.68,12.0,13899897,176250693.96,18.2816,,,否,,,,,,否,382225337,76032187,4846617273.16,964088131.16,,,,12.38,12.38,11.29,11.20,11.38,12.24,11.27,1993-10-18,2018-04-27
2010-07-29,600680,*ST上普,电子元件,12.66,12.66,12.33,12.48,12.33,7551779,94246201.92,9.9323,,,否,,,,,,否,382225337,76032187,4770172205.76,948881693.76,,,,12.35,12.39,11.46,11.22,11.37,12.26,11.28,1993-10-18,2018-04-27
2010-07-30,600680,*ST上普,电子元件,12.39,12.82,12.34,12.7,12.34,9407868,119479923.60,12.3735,,,否,,,,,,否,382225337,76032187,4854261779.90,965608774.90,,,,12.44,12.44,11.64,11.26,11.38,12.27,11.29,1993-10-18,2018-04-27
2010-08-02,600680,*ST上普,电子元件,12.76,12.93,12.46,12.74,12.46,7371446,93912222.04,9.6952,,,否,,,,,,否,382225337,76032187,4869550793.38,968650062.38,,,,12.53,12.48,11.82,11.32,11.41,12.29,11.30,1993-10-18,2018-04-27
2010-08-03,600680,*ST上普,电子元件,12.76,12.79,12.24,12.26,12.24,6104333,74839122.58,8.0286,,,否,,,,,,否,382225337,76032187,4686082631.62,932154612.62,,,,12.57,12.45,11.97,11.34,11.40,12.31,11.31,1993-10-18,2018-04-27
2010-08-04,600680,*ST上普,电子元件,12.22,12.46,12.08,12.46,12.08,5060590,63054951.40,6.6559,,,否,,,,,,否,382225337,76032187,4762527699.02,947361050.02,,,,12.53,12.45,12.12,11.37,11.41,12.32,11.32,1993-10-18,2018-04-27
2010-08-05,600680,*ST上普,电子元件,12.46,13.11,12.36,12.87,12.36,12776696,164436077.52,16.8043,,,否,,,,,,否,382225337,76032187,4919240087.19,978534246.69,,,,12.61,12.48,12.30,11.42,11.43,12.34,11.33,1993-10-18,2018-04-27
2010-08-06,600680,*ST上普,电子元件,12.85,13.21,12.62,13.17,12.62,11687648,153926324.16,15.3720,,,否,,,,,,否,382225337,76032187,5033907688.29,1001343902.79,,,,12.70,12.57,12.45,11.48,11.46,12.37,11.34,1993-10-18,2018-04-27
2010-08-09,600680,*ST上普,电子元件,13.18,13.24,12.87,13.15,12.87,7825188,102901222.20,10.2919,,,否,,,,,,否,382225337,76032187,5026263181.55,999823259.05,,,,12.78,12.66,12.54,11.56,11.48,12.39,11.34,1993-10-18,2018-04-27
2010-08-10,600680,*ST上普,电子元件,13.09,13.14,12.18,12.2,12.18,7256389,88527945.80,9.5438,,,否,,,,,,否,382225337,76032187,4663149111.40,927592681.40,,,,12.77,12.67,12.53,11.64,11.49,12.40,11.35,1993-10-18,2018-04-27
2010-08-11,600680,*ST上普,电子元件,12.07,12.36,12.02,12.22,12.02,3398327,41527555.94,4.4696,,,否,,,,,,否,382225337,76032187,4670793618.14,929113325.14,,,,12.72,12.63,12.50,11.74,11.49,12.42,11.35,1993-10-18,2018-04-27
2010-08-12,600680,*ST上普,电子元件,12.11,12.45,11.97,12.05,11.97,4041981,48705871.05,5.3161,,,否,,,,,,否,382225337,76032187,4605815310.85,916187853.35,,,,12.56,12.58,12.49,11.84,11.49,12.43,11.35,1993-10-18,2018-04-27
2010-08-13,600680,*ST上普,电子元件,12.07,12.37,11.83,12.26,11.83,4269386,52342672.36,5.6152,,,否,,,,,,否,382225337,76032187,4686082631.62,932154612.62,,,,12.38,12.54,12.49,11.94,11.51,12.44,11.36,1993-10-18,2018-04-27
2010-08-16,600680,*ST上普,电子元件,12.14,12.93,12.07,12.57,12.07,7340989,92276231.73,9.6551,,,否,,,,,,否,382225337,76032187,4804572486.09,955724590.59,,,,12.26,12.52,12.50,12.06,11.54,12.46,11.36,1993-10-18,2018-04-27
2010-08-17,600680,*ST上普,电子元件,12.45,13.14,12.42,12.89,12.42,8186136,105519293.04,10.7667,,,否,,,,,,否,382225337,76032187,4926884593.93,980054890.43,,,,12.40,12.58,12.51,12.18,11.57,12.48,11.36,1993-10-18,2018-04-27
2010-08-18,600680,*ST上普,电子元件,12.76,14.18,12.72,14.16,12.72,18022875,255203910.00,23.7043,,,否,,,,,,否,382225337,76032187,5412310771.92,1076615767.92,,,,12.79,12.75,12.60,12.33,11.63,12.51,11.37,1993-10-18,2018-04-27
2010-08-19,600680,*ST上普,电子元件,13.66,13.94,13.45,13.64,13.45,13376718,182458433.52,17.5935,,,否,,,,,,否,382225337,76032187,5213553596.68,1037079030.68,,,,13.10,12.83,12.65,12.48,11.68,12.53,11.38,1993-10-18,2018-04-27
2010-08-20,600680,*ST上普,电子元件,13.53,13.64,12.98,13.12,12.98,6948808,91168360.96,9.1393,,,否,,,,,,否,382225337,76032187,5014796421.44,997542293.44,,,,13.28,12.83,12.70,12.57,11.71,12.55,11.39,1993-10-18,2018-04-27
2010-08-23,600680,*ST上普,电子元件,13.09,13.5,13.07,13.23,13.07,5063026,66983833.98,6.6591,,,否,,,,,,否,382225337,76032187,5056841208.51,1005905834.01,,,,13.41,12.83,12.75,12.64,11.74,12.57,11.40,1993-10-18,2018-04-27
2010-08-24,600680,*ST上普,电子元件,13.21,14.14,13.16,13.75,13.16,9252397,127220458.75,12.1691,,,否,,,,,,否,382225337,76032187,5255598383.75,1045442571.25,,,,13.58,12.99,12.83,12.68,11.77,12.59,11.41,1993-10-18,2018-04-27
2010-08-25,600680,*ST上普,电子元件,13.56,13.6,13.12,13.17,13.12,5221897,68772383.49,6.8680,,,否,,,,,,否,382225337,76032187,5033907688.29,1001343902.79,,,,13.38,13.08,12.85,12.70,11.79,12.60,11.42,1993-10-18,2018-04-27
2010-08-26,600680,*ST上普,电子元件,13.21,13.34,12.78,12.99,12.78,3835430,49822235.70,5.0445,,,否,,,,,,否,382225337,76032187,4965107127.63,987658109.13,,,,13.25,13.18,12.88,12.72,11.82,12.62,11.44,1993-10-18,2018-04-27
2010-08-27,600680,*ST上普,电子元件,12.96,13.16,12.81,13.12,12.81,2612053,34270135.36,3.4355,,,否,,,,,,否,382225337,76032187,5014796421.44,997542293.44,,,,13.25,13.26,12.90,12.75,11.85,12.63,11.45,1993-10-18,2018-04-27
2010-08-30,600680,*ST上普,电子元件,13.28,13.84,13.14,13.47,13.14,4371047,58878003.09,5.7489,,,否,,,,,,否,382225337,76032187,5148575289.39,1024153558.89,,,,13.30,13.35,12.94,12.78,11.89,12.64,11.47,1993-10-18,2018-04-27
2010-08-31,600680,*ST上普,电子元件,13.36,14.13,13.28,14.06,13.28,9657358,135782453.48,12.7017,,,否,,,,,,否,382225337,76032187,5374088238.22,1069012549.22,,,,13.36,13.47,13.03,12.83,11.94,12.66,11.49,1993-10-18,2018-04-27
2010-09-01,600680,*ST上普,电子元件,14.04,14.92,13.84,14.46,13.84,12405229,179379611.34,16.3158,,,否,,,,,,否,382225337,76032187,5526978373.02,1099425424.02,,,,13.62,13.50,13.13,12.90,11.99,12.67,11.51,1993-10-18,2018-04-27
2010-09-02,600680,*ST上普,电子元件,14.76,14.76,14.18,14.41,14.18,8417056,121289776.96,11.0704,,,否,,,,,,否,382225337,76032187,5507867106.17,1095623814.67,,,,13.90,13.58,13.20,12.96,12.05,12.66,11.53,1993-10-18,2018-04-27
2010-09-03,600680,*ST上普,电子元件,14.31,14.41,13.97,14.16,13.97,5676863,80384380.08,7.4664,,,否,,,,,,否,382225337,76032187,5412310771.92,1076615767.92,,,,14.11,13.68,13.25,13.03,12.09,12.65,11.55,1993-10-18,2018-04-27
2010-09-06,600680,*ST上普,电子元件,14.12,14.36,13.71,14.16,13.71,5408076,76578356.16,7.1129,,,否,,,,,,否,382225337,76032187,5412310771.92,1076615767.92,,,,14.25,13.78,13.30,13.09,12.13,12.65,11.57,1993-10-18,2018-04-27
2010-09-07,600680,*ST上普,电子元件,14.01,14.19,13.81,14.05,13.81,3032795,42610769.75,3.9888,,,否,,,,,,否,382225337,76032187,5370265984.85,1068252227.35,,,,14.25,13.81,13.40,13.16,12.17,12.64,11.59,1993-10-18,2018-04-27
2010-09-08,600680,*ST上普,电子元件,14.04,14.07,13.74,14.04,13.74,2947337,41380611.48,3.8764,,,否,,,,,,否,382225337,76032187,5366443731.48,1067491905.48,,,,14.16,13.89,13.49,13.20,12.20,12.64,11.61,1993-10-18,2018-04-27
2010-09-09,600680,*ST上普,电子元件,14.14,14.4,14.03,14.15,14.03,5133752,72642590.80,6.7521,,,否,,,,,,否,382225337,76032187,5408488518.55,1075855446.05,,,,14.11,14.01,13.59,13.26,12.24,12.63,11.63,1993-10-18,2018-04-27
2010-09-10,600680,*ST上普,电子元件,14.13,14.83,14.06,14.81,14.06,9596857,142129452.17,12.6221,,,否,,,,,,否,382225337,76032187,5660757240.97,1126036689.47,,,,14.24,14.18,13.72,13.33,12.29,12.63,11.65,1993-10-18,2018-04-27
2010-09-13,600680,*ST上普,电子元件,14.76,14.78,14.42,14.49,14.42,6325731,91659842.19,8.3198,,,否,,,,,,否,382225337,76032187,5538445133.13,1101706389.63,,,,14.31,14.28,13.82,13.38,12.35,12.62,11.68,1993-10-18,2018-04-27
2010-09-14,600680,*ST上普,电子元件,14.49,14.85,14.4,14.49,14.4,5577765,80821814.85,7.3361,,,否,,,,,,否,382225337,76032187,5538445133.13,1101706389.63,,,,14.40,14.32,13.90,13.46,12.40,12.61,11.70,1993-10-18,2018-04-27
2010-09-15,600680,*ST上普,电子元件,14.5,14.5,13.82,14.0,13.82,4957971,69411594.00,6.5209,,,否,,,,,,否,382225337,76032187,5351154718.00,1064450618.00,,,,14.39,14.28,13.89,13.51,12.44,12.60,11.72,1993-10-18,2018-04-27
2010-09-16,600680,*ST上普,电子元件,13.86,13.99,12.86,13.0,12.86,4346479,56504227.00,5.7166,,,否,,,,,,否,382225337,76032187,4968929381.00,988418431.00,,,,14.16,14.14,13.86,13.51,12.47,12.58,11.74,1993-10-18,2018-04-27
2010-09-17,600680,*ST上普,电子元件,13.16,13.27,12.85,13.0,12.85,2023011,26299143.00,2.6607,,,否,,,,,,否,382225337,76032187,4968929381.00,988418431.00,,,,13.80,14.02,13.85,13.51,12.50,12.57,11.75,1993-10-18,2018-04-27
2010-09-20,600680,*ST上普,电子元件,13.0,13.14,12.66,12.69,12.66,1785884,22662867.96,2.3489,,,否,,,,,,否,382225337,76032187,4850439526.53,964848453.03,,,,13.44,13.87,13.82,13.49,12.53,12.55,11.77,1993-10-18,2018-04-27
2010-09-21,600680,*ST上普,电子元件,12.69,13.12,12.69,13.08,12.69,1923266,25156319.28,2.5295,,,否,,,,,,否,382225337,76032187,4999507407.96,994501005.96,,,,13.15,13.78,13.79,13.52,12.58,12.54,11.79,1993-10-18,2018-04-27
2010-09-27,600680,*ST上普,电子元件,13.26,13.62,13.11,13.45,13.11,2324068,31258714.60,3.0567,,,否,,,,,,否,382225337,76032187,5140930782.65,1022632915.15,,,,13.04,13.72,13.80,13.56,12.65,12.53,11.80,1993-10-18,2018-04-27
2010-09-28,600680,*ST上普,电子元件,13.31,13.43,13.11,13.16,13.11,1520406,20008542.96,1.9997,,,否,,,,,,否,382225337,76032187,5030085434.92,1000583580.92,,,,13.08,13.62,13.81,13.60,12.72,12.52,11.82,1993-10-18,2018-04-27
2010-09-29,600680,*ST上普,电子元件,12.99,13.43,12.87,13.24,12.87,2071428,27425706.72,2.7244,,,否,,,,,,否,382225337,76032187,5060663461.88,1006666155.88,,,,13.12,13.46,13.82,13.63,12.78,12.50,11.83,1993-10-18,2018-04-27
2010-09-30,600680,*ST上普,电子元件,13.06,13.47,12.97,13.45,12.97,1886644,25375361.80,2.4814,,,否,,,,,,否,382225337,76032187,5140930782.65,1022632915.15,,,,13.28,13.36,13.82,13.66,12.86,12.49,11.85,1993-10-18,2018-04-27
2010-10-08,600680,*ST上普,电子元件,13.56,13.67,13.28,13.57,13.28,2486595,33743094.15,3.2705,,,否,,,,,,否,382225337,76032187,5186797823.09,1031756777.59,,,,13.37,13.26,13.79,13.69,12.93,12.48,11.86,1993-10-18,2018-04-27
2010-10-11,600680,*ST上普,电子元件,13.58,13.58,13.24,13.41,13.24,3480119,46668395.79,4.5772,,,否,,,,,,否,382225337,76032187,5125641769.17,1019591627.67,,,,13.37,13.21,13.74,13.66,13.00,12.47,11.88,1993-10-18,2018-04-27
2010-10-12,600680,*ST上普,电子元件,13.34,13.69,13.26,13.6,13.26,3277690,44576584.00,4.3109,,,否,,,,,,否,382225337,76032187,5198264583.20,1034037743.20,,,,13.45,13.27,13.70,13.66,13.07,12.47,11.89,1993-10-18,2018-04-27
2010-10-13,600680,*ST上普,电子元件,13.44,13.99,13.13,13.96,13.13,7485387,104496002.52,9.8450,,,否,,,,,,否,382225337,76032187,5335865704.52,1061409330.52,,,,13.60,13.36,13.69,13.69,13.13,12.45,11.90,1993-10-18,2018-04-27
2010-10-14,600680,*ST上普,电子元件,13.84,14.08,13.63,13.98,13.63,5429844,75909219.12,7.1415,,,否,,,,,,否,382225337,76032187,5343510211.26,1062929974.26,,,,13.70,13.49,13.68,13.71,13.18,12.44,11.92,1993-10-18,2018-04-27
2010-10-15,600680,*ST上普,电子元件,13.99,15.38,13.79,14.63,13.79,12480126,182584243.38,16.4143,,,否,,,,,,否,382225337,76032187,5591956680.31,1112350895.81,,,,13.92,13.65,13.71,13.74,13.21,12.44,11.94,1993-10-18,2018-04-27
2010-10-18,600680,*ST上普,电子元件,14.46,15.35,13.74,14.1,13.74,9468419,133504707.90,12.4532,,,否,,,,,,否,382225337,76032187,5389377251.70,1072053836.70,,,,14.05,13.71,13.71,13.77,13.23,12.44,11.95,1993-10-18,2018-04-27
2010-10-19,600680,*ST上普,电子元件,13.91,14.35,13.24,14.2,13.24,6550924,93023120.80,8.6160,,,否,,,,,,否,382225337,76032187,5427599785.40,1079657055.40,,,,14.17,13.81,13.72,13.81,13.27,12.44,11.97,1993-10-18,2018-04-27
2010-10-20,600680,*ST上普,电子元件,13.73,13.95,13.46,13.58,13.46,4954959,67288343.22,6.5169,,,否,,,,,,否,382225337,76032187,5190620076.46,1032517099.46,,,,14.10,13.85,13.65,13.83,13.29,12.43,11.99,1993-10-18,2018-04-27
2010-10-21,600680,*ST上普,电子元件,13.44,13.66,13.25,13.47,13.25,3945694,53148498.18,5.1895,,,否,,,,,,否,382225337,76032187,5148575289.39,1024153558.89,,,,14.00,13.85,13.60,13.83,13.31,12.43,12.01,1993-10-18,2018-04-27
2010-10-22,600680,*ST上普,电子元件,13.45,13.69,13.34,13.53,13.34,2669039,36112097.67,3.5104,,,否,,,,,,否,382225337,76032187,5171508809.61,1028715490.11,,,,13.78,13.85,13.56,13.81,13.32,12.43,12.03,1993-10-18,2018-04-27
2010-10-25,600680,*ST上普,电子元件,13.39,13.84,13.39,13.68,13.39,3667529,50171796.72,4.8237,,,否,,,,,,否,382225337,76032187,5228842610.16,1040120318.16,,,,13.69,13.87,13.54,13.78,13.34,12.43,12.05,1993-10-18,2018-04-27
2010-10-26,600680,*ST上普,电子元件,13.66,14.36,13.61,14.33,13.61,7521016,107776159.28,9.8919,,,否,,,,,,否,382225337,76032187,5477289079.21,1089541239.71,,,,13.72,13.95,13.61,13.78,13.37,12.43,12.07,1993-10-18,2018-04-27
2010-10-27,600680,*ST上普,电子元件,14.27,14.28,13.67,13.76,13.67,4933193,67880735.68,6.4883,,,否,,,,,,否,382225337,76032187,5259420637.12,1046202893.12,,,,13.75,13.93,13.64,13.77,13.40,12.43,12.09,1993-10-18,2018-04-27
2010-10-28,600680,*ST上普,电子元件,13.66,14.07,13.47,14.06,13.47,4039936,56801500.16,5.3135,,,否,,,,,,否,382225337,76032187,5374088238.22,1069012549.22,,,,13.87,13.93,13.71,13.77,13.43,12.42,12.11,1993-10-18,2018-04-27
2010-10-29,600680,*ST上普,电子元件,14.08,14.35,13.89,14.12,13.89,4568574,64508264.88,6.0087,,,否,,,,,,否,382225337,76032187,5397021758.44,1073574480.44,,,,13.99,13.88,13.76,13.77,13.46,12.42,12.13,1993-10-18,2018-04-27
2010-11-01,600680,*ST上普,电子元件,14.11,14.31,13.77,14.19,13.77,5375114,76272867.66,7.0695,,,否,,,,,,否,382225337,76032187,5423777532.03,1078896733.53,,,,14.09,13.89,13.80,13.77,13.49,12.43,12.15,1993-10-18,2018-04-27
2010-11-02,600680,*ST上普,电子元件,14.18,14.7,13.97,14.64,13.97,9585606,140333271.84,12.6073,,,否,,,,,,否,382225337,76032187,5595778933.68,1113111217.68,,,,14.15,13.94,13.88,13.79,13.52,12.45,12.17,1993-10-18,2018-04-27
2010-11-03,600680,*ST上普,电子元件,14.5,14.86,14.16,14.18,14.16,6710183,95150394.94,8.8255,,,否,,,,,,否,382225337,76032187,5419955278.66,1078136411.66,,,,14.24,14.00,13.92,13.77,13.55,12.47,12.19,1993-10-18,2018-04-27
2010-11-04,600680,*ST上普,电子元件,14.17,14.47,14.02,14.41,14.02,4633705,66771689.05,6.0944,,,否,,,,,,否,382225337,76032187,5507867106.17,1095623814.67,,,,14.31,14.09,13.97,13.77,13.58,12.49,12.21,1993-10-18,2018-04-27
2010-11-05,600680,*ST上普,电子元件,14.61,14.62,14.24,14.29,14.24,4092953,58488298.37,5.3832,,,否,,,,,,否,382225337,76032187,5462000065.73,1086499952.23,,,,14.34,14.17,14.01,13.76,13.61,12.51,12.23,1993-10-18,2018-04-27
2010-11-08,600680,*ST上普,电子元件,14.39,14.92,14.31,14.76,14.31,7443342,109863727.92,9.7897,,,否,,,,,,否,382225337,76032187,5641645974.12,1122235080.12,,,,14.46,14.27,14.07,13.78,13.65,12.53,12.25,1993-10-18,2018-04-27
2010-11-09,600680,*ST上普,电子元件,14.81,14.89,14.36,14.57,14.36,4928103,71802460.71,6.4816,,,否,,,,,,否,382225337,76032187,5569023160.09,1107788964.59,,,,14.44,14.30,14.12,13.84,13.68,12.55,12.27,1993-10-18,2018-04-27
2010-11-10,600680,*ST上普,电子元件,14.45,14.5,14.15,14.45,14.15,4208803,60817203.35,5.5356,,,否,,,,,,否,382225337,76032187,5523156119.65,1098665102.15,,,,14.50,14.37,14.15,13.88,13.70,12.58,12.29,1993-10-18,2018-04-27
2010-11-11,600680,*ST上普,电子元件,14.31,14.53,14.06,14.11,14.06,4773467,67353619.37,6.2782,,,否,,,,,,否,382225337,76032187,5393199505.07,1072814158.57,,,,14.44,14.37,14.15,13.93,13.71,12.60,12.31,1993-10-18,2018-04-27
2010-11-12,600680,*ST上普,电子元件,14.13,14.29,12.7,12.7,12.7,5295691,67255275.70,6.9651,,,否,,,,,,否,382225337,76032187,4854261779.90,965608774.90,,,,14.12,14.23,14.06,13.92,13.72,12.61,12.32,1993-10-18,2018-04-27
2010-11-15,600680,*ST上普,电子元件,12.85,12.93,12.36,12.77,12.36,2966750,37885397.50,3.9020,,,否,,,,,,否,382225337,76032187,4881017553.49,970931027.99,,,,13.72,14.09,13.99,13.90,13.73,12.61,12.34,1993-10-18,2018-04-27
2010-11-16,600680,*ST上普,电子元件,12.82,12.88,12.05,12.07,12.05,2643643,31908771.01,3.4770,,,否,,,,,,否,382225337,76032187,4613459817.59,917708497.09,,,,13.22,13.83,13.88,13.86,13.73,12.61,12.35,1993-10-18,2018-04-27
2010-11-17,600680,*ST上普,电子元件,12.09,12.25,11.83,11.93,11.83,1839342,21943350.06,2.4192,,,否,,,,,,否,382225337,76032187,4559948270.41,907063990.91,,,,12.72,13.61,13.80,13.82,13.73,12.62,12.36,1993-10-18,2018-04-27
2010-11-18,600680,*ST上普,电子元件,12.21,12.63,11.96,12.46,11.96,2887235,35974948.10,3.7974,,,否,,,,,,否,382225337,76032187,4762527699.02,947361050.02,,,,12.39,13.41,13.75,13.78,13.72,12.63,12.37,1993-10-18,2018-04-27
2010-11-19,600680,*ST上普,电子元件,12.46,12.82,12.32,12.7,12.32,2665178,33847760.60,3.5053,,,否,,,,,,否,382225337,76032187,4854261779.90,965608774.90,,,,12.39,13.25,13.71,13.75,13.72,12.64,12.38,1993-10-18,2018-04-27
2010-11-22,600680,*ST上普,电子元件,12.6,13.23,12.47,13.0,12.47,4045606,52592878.00,5.3209,,,否,,,,,,否,382225337,76032187,4968929381.00,988418431.00,,,,12.43,13.08,13.68,13.74,13.70,12.66,12.40,1993-10-18,2018-04-27
2010-11-23,600680,*ST上普,电子元件,12.86,12.96,12.17,12.58,12.17,2537292,31919133.36,3.3371,,,否,,,,,,否,382225337,76032187,4808394739.46,956484912.46,,,,12.53,12.88,13.59,13.71,13.68,12.68,12.41,1993-10-18,2018-04-27
2010-11-24,600680,*ST上普,电子元件,12.46,12.91,12.22,12.89,12.22,2039689,26291591.21,2.6827,,,否,,,,,,否,382225337,76032187,4926884593.93,980054890.43,,,,12.73,12.72,13.54,13.67,13.68,12.69,12.42,1993-10-18,2018-04-27
2010-11-25,600680,*ST上普,电子元件,12.92,13.1,12.81,12.95,12.81,2128479,27563803.05,2.7994,,,否,,,,,,否,382225337,76032187,4949818114.15,984616821.65,,,,12.82,12.61,13.49,13.64,13.67,12.71,12.43,1993-10-18,2018-04-27
2010-11-26,600680,*ST上普,电子元件,12.96,13.04,12.66,12.83,12.66,1727290,22161130.70,2.2718,,,否,,,,,,否,382225337,76032187,4903951073.71,975492959.21,,,,12.85,12.62,13.42,13.58,13.66,12.72,12.44,1993-10-18,2018-04-27
2010-11-29,600680,*ST上普,电子元件,12.82,12.87,12.49,12.81,12.49,2050121,26262050.01,2.6964,,,否,,,,,,否,382225337,76032187,4896306566.97,973972315.47,,,,12.81,12.62,13.36,13.53,13.65,12.72,12.45,1993-10-18,2018-04-27
2010-11-30,600680,*ST上普,电子元件,12.73,13.12,12.16,12.87,12.16,3093456,39812778.72,4.0686,,,否,,,,,,否,382225337,76032187,4919240087.19,978534246.69,,,,12.87,12.70,13.27,13.49,13.65,12.73,12.46,1993-10-18,2018-04-27
2010-12-01,600680,*ST上普,电子元件,12.92,13.95,12.76,13.42,12.76,6024890,80854023.80,7.9241,,,否,,,,,,否,382225337,76032187,5129464022.54,1020351949.54,,,,12.98,12.85,13.23,13.48,13.66,12.75,12.48,1993-10-18,2018-04-27
2010-12-02,600680,*ST上普,电子元件,13.31,13.45,13.01,13.24,13.01,3712270,49150454.80,4.8825,,,否,,,,,,否,382225337,76032187,5060663461.88,1006666155.88,,,,13.03,12.93,13.17,13.48,13.65,12.77,12.49,1993-10-18,2018-04-27
2010-12-03,600680,*ST上普,电子元件,13.14,13.28,12.76,12.85,12.76,1940559,24936183.15,2.5523,,,否,,,,,,否,382225337,76032187,4911595580.45,977013602.95,,,,13.04,12.94,13.10,13.45,13.63,12.79,12.50,1993-10-18,2018-04-27
2010-12-06,600680,*ST上普,电子元件,12.86,12.89,12.32,12.41,12.32,1453209,18034323.69,1.9113,,,否,,,,,,否,382225337,76032187,4743416432.17,943559440.67,,,,12.96,12.89,12.98,13.41,13.60,12.80,12.50,1993-10-18,2018-04-27
2010-12-07,600680,*ST上普,电子元件,12.36,12.36,12.01,12.28,12.01,1497938,18394678.64,1.9701,,,否,,,,,,否,382225337,76032187,4693727138.36,933675256.36,,,,12.84,12.86,12.87,13.34,13.56,12.80,12.51,1993-10-18,2018-04-27
2010-12-08,600680,*ST上普,电子元件,12.28,12.47,12.18,12.27,12.18,1207409,14814908.43,1.5880,,,否,,,,,,否,382225337,76032187,4689904884.99,932914934.49,,,,12.61,12.79,12.76,13.29,13.53,12.81,12.52,1993-10-18,2018-04-27
2010-12-09,600680,*ST上普,电子元件,12.22,12.27,11.98,12.08,11.98,1020718,12330273.44,1.3425,,,否,,,,,,否,382225337,76032187,4617282070.96,918468818.96,,,,12.38,12.71,12.66,13.23,13.50,12.81,12.52,1993-10-18,2018-04-27
2010-12-10,600680,*ST上普,电子元件,12.07,12.31,11.99,12.3,11.99,995310,12242313.00,1.3091,,,否,,,,,,否,382225337,76032187,4701371645.10,935195900.10,,,,12.27,12.65,12.64,13.17,13.47,12.82,12.53,1993-10-18,2018-04-27
2010-12-13,600680,*ST上普,电子元件,12.38,12.74,12.24,12.62,12.24,1945076,24546859.12,2.5582,,,否,,,,,,否,382225337,76032187,4823683752.94,959526199.94,,,,12.31,12.63,12.63,13.11,13.44,12.82,12.54,1993-10-18,2018-04-27
2010-12-14,600680,*ST上普,电子元件,12.56,12.84,12.56,12.69,12.56,1712631,21733287.39,2.2525,,,否,,,,,,否,382225337,76032187,4850439526.53,964848453.03,,,,12.39,12.62,12.66,13.05,13.42,12.83,12.54,1993-10-18,2018-04-27
2010-12-15,600680,*ST上普,电子元件,12.76,12.77,12.51,12.65,12.51,1454002,18393125.30,1.9124,,,否,,,,,,否,382225337,76032187,4835150513.05,961807165.55,,,,12.47,12.54,12.70,13.00,13.38,12.84,12.55,1993-10-18,2018-04-27
2010-12-16,600680,*ST上普,电子元件,12.62,12.7,12.57,12.69,12.57,1171190,14862401.10,1.5404,,,否,,,,,,否,382225337,76032187,4850439526.53,964848453.03,,,,12.59,12.48,12.71,12.94,13.35,12.85,12.55,1993-10-18,2018-04-27
2010-12-17,600680,*ST上普,电子元件,12.74,12.79,12.47,12.6,12.47,986900,12434940.00,1.2980,,,否,,,,,,否,382225337,76032187,4816039246.20,958005556.20,,,,12.65,12.46,12.70,12.89,13.32,12.86,12.55,1993-10-18,2018-04-27
2010-12-20,600680,*ST上普,电子元件,12.55,12.68,11.95,12.17,11.95,1449152,17636179.84,1.9060,,,否,,,,,,否,382225337,76032187,4651682351.29,925311715.79,,,,12.56,12.44,12.66,12.80,13.29,12.87,12.55,1993-10-18,2018-04-27
2010-12-21,600680,*ST上普,电子元件,12.21,12.79,12.07,12.76,12.07,1858494,23714383.44,2.4444,,,否,,,,,,否,382225337,76032187,4877195300.12,970170706.12,,,,12.57,12.48,12.67,12.74,13.29,12.88,12.56,1993-10-18,2018-04-27
2010-12-22,600680,*ST上普,电子元件,12.72,13.26,12.66,12.96,12.66,4174321,54099200.16,5.4902,,,否,,,,,,否,382225337,76032187,4953640367.52,985377143.52,,,,12.64,12.55,12.67,12.69,13.29,12.89,12.56,1993-10-18,2018-04-27
2010-12-23,600680,*ST上普,电子元件,12.93,13.15,12.64,12.68,12.64,2301335,29180927.80,3.0268,,,否,,,,,,否,382225337,76032187,4846617273.16,964088131.16,,,,12.63,12.61,12.66,12.64,13.29,12.91,12.56,1993-10-18,2018-04-27
2010-12-24,600680,*ST上普,电子元件,12.54,12.65,12.17,12.22,12.17,1146787,14013737.14,1.5083,,,否,,,,,,否,382225337,76032187,4670793618.14,929113325.14,,,,12.56,12.60,12.63,12.63,13.27,12.93,12.57,1993-10-18,2018-04-27
2010-12-27,600680,*ST上普,电子元件,12.22,12.39,11.57,11.68,11.57,1646439,19230407.52,2.1655,,,否,,,,,,否,382225337,76032187,4464391936.16,888055944.16,,,,12.46,12.51,12.57,12.59,13.24,12.95,12.57,1993-10-18,2018-04-27
2010-12-28,600680,*ST上普,电子元件,11.68,11.68,11.07,11.24,11.07,1712213,19245274.12,2.2520,,,否,,,,,,否,382225337,76032187,4296212787.88,854601781.88,,,,12.16,12.37,12.49,12.56,13.21,12.96,12.57,1993-10-18,2018-04-27
2010-12-29,600680,*ST上普,电子元件,11.22,11.36,11.16,11.31,11.16,705449,7978628.19,0.9278,,,否,,,,,,否,382225337,76032187,4322968561.47,859924034.97,,,,11.83,12.23,12.39,12.54,13.18,12.98,12.57,1993-10-18,2018-04-27
2010-12-30,600680,*ST上普,电子元件,11.34,11.36,11.17,11.22,11.17,901985,10120271.70,1.1863,,,否,,,,,,否,382225337,76032187,4288568281.14,853081138.14,,,,11.53,12.08,12.28,12.50,13.14,13.00,12.57,1993-10-18,2018-04-27
2010-12-31,600680,*ST上普,电子元件,11.25,11.95,11.25,11.46,11.25,2030625,23270962.50,2.6707,,,否,,,,,,否,382225337,76032187,4380302362.02,871328863.02,,,,11.38,11.97,12.21,12.46,13.11,13.02,12.57,1993-10-18,2018-04-27
2011-01-04,600680,*ST上普,电子元件,11.48,11.62,11.3,11.6,11.3,1648612,19123899.20,2.1683,,,否,,,,,,否,382225337,76032187,4433813909.20,881973369.20,,,,11.37,11.91,12.17,12.41,13.08,13.04,12.57,1993-10-18,2018-04-27
2011-01-05,600680,*ST上普,电子元件,11.51,11.76,11.47,11.59,11.47,1249136,14477486.24,1.6429,,,否,,,,,,否,382225337,76032187,4429991655.83,881213047.33,,,,11.44,11.80,12.14,12.38,13.04,13.06,12.58,1993-10-18,2018-04-27
2011-01-06,600680,*ST上普,电子元件,11.44,11.97,11.44,11.89,11.44,2378564,28281125.96,3.1284,,,否,,,,,,否,382225337,76032187,4544659256.93,904022703.43,,,,11.55,11.69,12.12,12.34,13.01,13.07,12.58,1993-10-18,2018-04-27
2011-01-07,600680,*ST上普,电子元件,11.95,12.26,11.71,11.79,11.71,2546034,30017740.86,3.3486,,,否,,,,,,否,382225337,76032187,4506436723.23,896419484.73,,,,11.67,11.60,12.11,12.31,12.97,13.07,12.58,1993-10-18,2018-04-27
2011-01-10,600680,*ST上普,电子元件,11.65,11.65,11.19,11.25,11.19,1650547,18568653.75,2.1709,,,否,,,,,,否,382225337,76032187,4300035041.25,855362103.75,,,,11.62,11.50,12.05,12.25,12.92,13.06,12.58,1993-10-18,2018-04-27
2011-01-11,600680,*ST上普,电子元件,11.07,11.44,10.99,11.15,10.99,861000,9600150.00,1.1324,,,否,,,,,,否,382225337,76032187,4261812507.55,847758885.05,,,,11.53,11.45,11.98,12.20,12.87,13.05,12.58,1993-10-18,2018-04-27
2011-01-12,600680,*ST上普,电子元件,11.17,11.31,11.09,11.26,11.09,693974,7814147.24,0.9127,,,否,,,,,,否,382225337,76032187,4303857294.62,856122425.62,,,,11.47,11.45,11.91,12.14,12.82,13.04,12.58,1993-10-18,2018-04-27
2011-01-13,600680,*ST上普,电子元件,11.34,11.46,11.21,11.37,11.21,730898,8310310.26,0.9613,,,否,,,,,,否,382225337,76032187,4345902081.69,864485966.19,,,,11.36,11.46,11.84,12.08,12.78,13.03,12.58,1993-10-18,2018-04-27
2011-01-14,600680,*ST上普,电子元件,11.28,11.34,11.04,11.07,11.04,944006,10450146.42,1.2416,,,否,,,,,,否,382225337,76032187,4231234480.59,841676310.09,,,,11.22,11.44,11.76,12.00,12.74,13.02,12.58,1993-10-18,2018-04-27
2011-01-17,600680,*ST上普,电子元件,10.98,11.08,10.4,10.46,10.4,1029015,10763496.90,1.3534,,,否,,,,,,否,382225337,76032187,3998077025.02,795296676.02,,,,11.06,11.34,11.66,11.92,12.69,13.01,12.58,1993-10-18,2018-04-27
2011-01-18,600680,*ST上普,电子元件,10.27,10.92,10.27,10.87,10.27,958199,10415623.13,1.2603,,,否,,,,,,否,382225337,76032187,4154789413.19,826469872.69,,,,11.01,11.27,11.59,11.87,12.64,12.99,12.57,1993-10-18,2018-04-27
2011-01-19,600680,*ST上普,电子元件,10.85,11.37,10.69,10.87,10.69,2134390,23200819.30,2.8072,,,否,,,,,,否,382225337,76032187,4154789413.19,826469872.69,,,,10.93,11.20,11.50,11.83,12.58,12.98,12.57,1993-10-18,2018-04-27
2011-01-20,600680,*ST上普,电子元件,10.71,10.86,10.17,10.23,10.17,1154794,11813542.62,1.5188,,,否,,,,,,否,382225337,76032187,3910165197.51,777809273.01,,,,10.70,11.03,11.36,11.76,12.53,12.96,12.56,1993-10-18,2018-04-27
2011-01-21,600680,*ST上普,电子元件,10.25,10.43,10.14,10.41,10.14,654822,6816697.02,0.8612,,,否,,,,,,否,382225337,76032187,3978965758.17,791495066.67,,,,10.57,10.89,11.25,11.70,12.46,12.95,12.56,1993-10-18,2018-04-27
2011-01-24,600680,*ST上普,电子元件,10.41,10.48,10.27,10.31,10.27,504629,5202724.99,0.6637,,,否,,,,,,否,382225337,76032187,3940743224.47,783891847.97,,,,10.54,10.80,11.15,11.64,12.40,12.93,12.56,1993-10-18,2018-04-27
2011-01-25,600680,*ST上普,电子元件,10.32,10.33,10.02,10.24,10.02,655800,6715392.00,0.8625,,,否,,,,,,否,382225337,76032187,3913987450.88,778569594.88,,,,10.41,10.71,11.08,11.56,12.34,12.91,12.55,1993-10-18,2018-04-27
2011-01-26,600680,*ST上普,电子元件,10.16,10.4,10.16,10.35,10.16,347721,3598912.35,0.4573,,,否,,,,,,否,382225337,76032187,3956032237.95,786933135.45,,,,10.31,10.62,11.04,11.48,12.26,12.89,12.55,1993-10-18,2018-04-27
2011-01-27,600680,*ST上普,电子元件,10.19,10.85,10.19,10.76,10.19,1637140,17615626.40,2.1532,,,否,,,,,,否,382225337,76032187,4112744626.12,818106332.12,,,,10.41,10.56,11.01,11.42,12.21,12.88,12.54,1993-10-18,2018-04-27
2011-01-28,600680,*ST上普,电子元件,10.72,10.77,10.6,10.68,10.6,1241267,13256731.56,1.6326,,,否,,,,,,否,382225337,76032187,4082166599.16,812023757.16,,,,10.47,10.52,10.98,11.35,12.14,12.86,12.54,1993-10-18,2018-04-27
2011-01-31,600680,*ST上普,电子元件,10.63,10.84,10.63,10.7,10.63,1339483,14332468.10,1.7617,,,否,,,,,,否,382225337,76032187,4089811105.90,813544400.90,,,,10.55,10.54,10.94,11.29,12.09,12.85,12.53,1993-10-18,2018-04-27
2011-02-01,600680,*ST上普,电子元件,10.7,10.74,10.59,10.63,10.59,862141,9164558.83,1.1339,,,否,,,,,,否,382225337,76032187,4063055332.31,808222147.81,,,,10.62,10.52,10.89,11.23,12.02,12.83,12.52,1993-10-18,2018-04-27
2011-02-09,600680,*ST上普,电子元件,10.47,10.8,10.42,10.55,10.42,791224,8347413.20,1.0406,,,否,,,,,,否,382225337,76032187,4032477305.35,802139572.85,,,,10.66,10.49,10.84,11.16,11.95,12.81,12.52,1993-10-18,2018-04-27
2011-02-10,600680,*ST上普,电子元件,10.51,10.85,10.45,10.85,10.45,1253063,13595733.55,1.6481,,,否,,,,,,否,382225337,76032187,4147144906.45,824949228.95,,,,10.68,10.55,10.79,11.09,11.89,12.79,12.51,1993-10-18,2018-04-27
2011-02-11,600680,*ST上普,电子元件,10.85,11.04,10.74,10.96,10.74,1575595,17268521.20,2.0723,,,否,,,,,,否,382225337,76032187,4189189693.52,833312769.52,,,,10.74,10.60,10.75,11.03,11.84,12.77,12.51,1993-10-18,2018-04-27
2011-02-14,600680,*ST上普,电子元件,11.06,11.71,10.84,11.62,10.84,4241494,49286160.28,5.5786,,,否,,,,,,否,382225337,76032187,4441458415.94,883494012.94,,,,10.92,10.73,10.77,11.01,11.82,12.77,12.51,1993-10-18,2018-04-27
2011-02-15,600680,*ST上普,电子元件,11.57,12.2,11.39,12.15,11.39,4890365,59417934.75,6.4320,,,否,,,,,,否,382225337,76032187,4644037844.55,923791072.05,,,,11.23,10.93,10.82,11.03,11.81,12.77,12.51,1993-10-18,2018-04-27
2011-02-16,600680,*ST上普,电子元件,12.06,13.37,11.96,12.9,11.96,11937716,153996536.40,15.7009,,,否,,,,,,否,382225337,76032187,4930706847.30,980815212.30,,,,11.70,11.18,10.90,11.08,11.82,12.78,12.52,1993-10-18,2018-04-27
2011-02-17,600680,*ST上普,电子元件,12.76,12.9,12.36,12.63,12.36,9386281,118548729.03,12.3451,,,否,,,,,,否,382225337,76032187,4827506006.31,960286521.81,,,,12.05,11.37,10.96,11.13,11.83,12.78,12.53,1993-10-18,2018-04-27
2011-02-18,600680,*ST上普,电子元件,12.49,12.75,12.07,12.45,12.07,6387412,79523279.40,8.4009,,,否,,,,,,否,382225337,76032187,4758705445.65,946600728.15,,,,12.35,11.54,11.03,11.17,11.83,12.78,12.53,1993-10-18,2018-04-27
2011-02-21,600680,*ST上普,电子元件,12.26,12.56,12.18,12.45,12.18,3643918,45366779.10,4.7926,,,否,,,,,,否,382225337,76032187,4758705445.65,946600728.15,,,,12.52,11.72,11.13,11.20,11.83,12.77,12.54,1993-10-18,2018-04-27
2011-02-22,600680,*ST上普,电子元件,12.37,12.45,11.9,12.0,11.9,3435306,41223672.00,4.5182,,,否,,,,,,否,382225337,76032187,4586704044.00,912386244.00,,,,12.49,11.86,11.19,11.21,11.81,12.76,12.55,1993-10-18,2018-04-27
2011-02-23,600680,*ST上普,电子元件,12.02,12.19,11.93,12.1,11.93,1901321,23005984.10,2.5007,,,否,,,,,,否,382225337,76032187,4624926577.70,919989462.70,,,,12.33,12.01,11.25,11.23,11.80,12.74,12.56,1993-10-18,2018-04-27
2011-02-24,600680,*ST上普,电子元件,12.03,12.19,11.99,12.13,11.99,1589753,19283703.89,2.0909,,,否,,,,,,否,382225337,76032187,4636393337.81,922270428.31,,,,12.23,12.14,11.34,11.24,11.79,12.74,12.56,1993-10-18,2018-04-27
2011-02-25,600680,*ST上普,电子元件,12.12,12.22,11.98,12.12,11.98,1304287,15807958.44,1.7154,,,否,,,,,,否,382225337,76032187,4632571084.44,921510106.44,,,,12.16,12.26,11.43,11.25,11.78,12.73,12.57,1993-10-18,2018-04-27
2011-02-28,600680,*ST上普,电子元件,12.12,12.31,12.1,12.17,12.1,1930353,23492396.01,2.5389,,,否,,,,,,否,382225337,76032187,4651682351.29,925311715.79,,,,12.10,12.31,11.52,11.28,11.77,12.71,12.58,1993-10-18,2018-04-27
2011-03-01,600680,*ST上普,电子元件,12.12,12.33,12.07,12.18,12.07,2234060,27210850.80,2.9383,,,否,,,,,,否,382225337,76032187,4655504604.66,926072037.66,,,,12.14,12.31,11.62,11.32,11.76,12.71,12.58,1993-10-18,2018-04-27
2011-03-02,600680,*ST上普,电子元件,12.14,12.17,11.78,12.06,11.78,2012361,24269073.66,2.6467,,,否,,,,,,否,382225337,76032187,4609637564.22,916948175.22,,,,12.13,12.23,11.70,11.34,11.74,12.70,12.59,1993-10-18,2018-04-27
2011-03-03,600680,*ST上普,电子元件,11.99,12.14,11.81,11.86,11.81,1463509,17357216.74,1.9249,,,否,,,,,,否,382225337,76032187,4533192496.82,901741737.82,,,,12.08,12.15,11.76,11.36,11.72,12.69,12.59,1993-10-18,2018-04-27
2011-03-04,600680,*ST上普,电子元件,11.89,12.2,11.83,12.11,11.83,1576440,19090688.40,2.0734,,,否,,,,,,否,382225337,76032187,4628748831.07,920749784.57,,,,12.08,12.12,11.83,11.39,11.70,12.68,12.60,1993-10-18,2018-04-27
2011-03-07,600680,*ST上普,电子元件,12.11,12.56,12.11,12.25,12.11,3311116,40561171.00,4.3549,,,否,,,,,,否,382225337,76032187,4682260378.25,931394290.75,,,,12.09,12.10,11.91,11.45,11.69,12.66,12.61,1993-10-18,2018-04-27
2011-03-08,600680,*ST上普,电子元件,12.19,12.34,12.14,12.28,12.14,1814155,22277823.40,2.3860,,,否,,,,,,否,382225337,76032187,4693727138.36,933675256.36,,,,12.11,12.13,11.99,11.50,11.69,12.64,12.61,1993-10-18,2018-04-27
2011-03-09,600680,*ST上普,电子元件,12.26,12.45,12.26,12.37,12.26,2835866,35079662.42,3.7298,,,否,,,,,,否,382225337,76032187,4728127418.69,940518153.19,,,,12.17,12.15,12.08,11.55,11.69,12.63,12.62,1993-10-18,2018-04-27
2011-03-10,600680,*ST上普,电子元件,12.37,12.42,12.22,12.26,12.22,1813076,22228311.76,2.3846,,,否,,,,,,否,382225337,76032187,4686082631.62,932154612.62,,,,12.25,12.17,12.15,11.62,11.69,12.61,12.62,1993-10-18,2018-04-27
2011-03-11,600680,*ST上普,电子元件,12.07,12.18,11.95,11.98,11.95,2098492,25139934.16,2.7600,,,否,,,,,,否,382225337,76032187,4579059537.26,910865600.26,,,,12.23,12.15,12.20,11.67,11.69,12.59,12.63,1993-10-18,2018-04-27
2011-03-14,600680,*ST上普,电子元件,11.91,12.08,11.82,12.04,11.82,1444095,17386903.80,1.8993,,,否,,,,,,否,382225337,76032187,4601993057.48,915427531.48,,,,12.19,12.14,12.22,11.73,11.68,12.57,12.63,1993-10-18,2018-04-27
2011-03-15,600680,*ST上普,电子元件,12.1,12.18,11.72,11.87,11.72,1991489,23638974.43,2.6193,,,否,,,,,,否,382225337,76032187,4537014750.19,902502059.69,,,,12.10,12.11,12.21,11.78,11.67,12.56,12.63,1993-10-18,2018-04-27
2011-03-16,600680,*ST上普,电子元件,11.79,12.02,11.79,12.0,11.79,1236213,14834556.00,1.6259,,,否,,,,,,否,382225337,76032187,4586704044.00,912386244.00,,,,12.03,12.10,12.17,11.84,11.66,12.54,12.63,1993-10-18,2018-04-27
2011-03-17,600680,*ST上普,电子元件,11.87,11.92,11.67,11.77,11.67,1340316,15775519.32,1.7628,,,否,,,,,,否,382225337,76032187,4498792216.49,894898840.99,,,,11.93,12.09,12.12,11.87,11.64,12.51,12.63,1993-10-18,2018-04-27
2011-03-18,600680,*ST上普,电子元件,11.8,11.94,11.77,11.81,11.77,728042,8598176.02,0.9575,,,否,,,,,,否,382225337,76032187,4514081229.97,897940128.47,,,,11.90,12.06,12.09,11.91,11.63,12.49,12.64,1993-10-18,2018-04-27
2011-03-21,600680,*ST上普,电子元件,11.83,11.92,11.73,11.8,11.73,704213,8309713.40,0.9262,,,否,,,,,,否,382225337,76032187,4510258976.60,897179806.60,,,,11.85,12.02,12.06,11.95,11.62,12.47,12.63,1993-10-18,2018-04-27
2011-03-22,600680,*ST上普,电子元件,11.87,11.87,11.67,11.74,11.67,718210,8431785.40,0.9446,,,否,,,,,,否,382225337,76032187,4487325456.38,892617875.38,,,,11.82,11.96,12.05,11.98,11.61,12.45,12.63,1993-10-18,2018-04-27
2011-03-23,600680,*ST上普,电子元件,11.73,11.89,11.7,11.88,11.7,1000398,11884728.24,1.3158,,,否,,,,,,否,382225337,76032187,4540837003.56,903262381.56,,,,11.80,11.92,12.03,12.03,11.59,12.44,12.61,1993-10-18,2018-04-27
2011-03-24,600680,*ST上普,电子元件,11.91,12.2,11.85,12.07,11.85,1871362,22587339.34,2.4613,,,否,,,,,,否,382225337,76032187,4613459817.59,917708497.09,,,,11.86,11.90,12.03,12.07,11.58,12.43,12.60,1993-10-18,2018-04-27
2011-03-25,600680,*ST上普,电子元件,12.04,12.07,11.93,12.02,11.93,1309902,15745022.04,1.7228,,,否,,,,,,否,382225337,76032187,4594348550.74,913906887.74,,,,11.90,11.90,12.03,12.10,11.57,12.43,12.59,1993-10-18,2018-04-27
2011-03-28,600680,*ST上普,电子元件,11.98,12.08,11.77,11.79,11.77,1547968,18250542.72,2.0359,,,否,,,,,,否,382225337,76032187,4506436723.23,896419484.73,,,,11.90,11.88,12.01,12.11,11.56,12.42,12.58,1993-10-18,2018-04-27
2011-03-29,600680,*ST上普,电子元件,11.79,12.11,11.67,12.05,11.67,3074663,37049689.15,4.0439,,,否,,,,,,否,382225337,76032187,4605815310.85,916187853.35,,,,11.96,11.89,12.00,12.10,11.57,12.40,12.57,1993-10-18,2018-04-27
2011-03-30,600680,*ST上普,电子元件,12.06,12.99,11.93,12.77,11.93,10197330,130219904.10,13.4119,,,否,,,,,,否,382225337,76032187,4881017553.49,970931027.99,,,,12.14,11.97,12.04,12.10,11.59,12.40,12.56,1993-10-18,2018-04-27
2011-03-31,600680,*ST上普,电子元件,12.57,12.91,12.1,12.55,12.1,5718983,71773236.65,7.5218,,,否,,,,,,否,382225337,76032187,4796927979.35,954203946.85,,,,12.24,12.05,12.07,12.10,11.61,12.40,12.55,1993-10-18,2018-04-27
2011-04-01,600680,*ST上普,电子元件,12.46,12.84,12.27,12.6,12.27,5343716,67330821.60,7.0282,,,否,,,,,,否,382225337,76032187,4816039246.20,958005556.20,,,,12.35,12.13,12.10,12.10,11.64,12.39,12.54,1993-10-18,2018-04-27
2011-04-06,600680,*ST上普,电子元件,12.53,12.92,12.34,12.85,12.34,6930067,89051360.95,9.1146,,,否,,,,,,否,382225337,76032187,4911595580.45,977013602.95,,,,12.56,12.23,12.13,12.12,11.66,12.38,12.53,1993-10-18,2018-04-27
2011-04-07,600680,*ST上普,电子元件,12.72,12.91,12.48,12.64,12.48,3560982,45010812.48,4.6835,,,否,,,,,,否,382225337,76032187,4831328259.68,961046843.68,,,,12.68,12.32,12.14,12.14,11.68,12.38,12.52,1993-10-18,2018-04-27
2011-04-08,600680,*ST上普,电子元件,12.55,12.73,12.38,12.62,12.38,3251365,41032226.30,4.2763,,,否,,,,,,否,382225337,76032187,4823683752.94,959526199.94,,,,12.65,12.40,12.16,12.15,11.69,12.37,12.51,1993-10-18,2018-04-27
2011-04-11,600680,*ST上普,电子元件,12.63,12.64,12.17,12.23,12.17,3008609,36795288.07,3.9570,,,否,,,,,,否,382225337,76032187,4674615871.51,929873647.01,,,,12.59,12.41,12.15,12.16,11.70,12.35,12.50,1993-10-18,2018-04-27
2011-04-12,600680,*ST上普,电子元件,12.24,12.36,11.87,11.95,11.87,2729619,32618947.05,3.5901,,,否,,,,,,否,382225337,76032187,4567592777.15,908584634.65,,,,12.46,12.41,12.15,12.15,11.70,12.34,12.49,1993-10-18,2018-04-27
2011-04-13,600680,*ST上普,电子元件,11.95,12.09,11.73,12.01,11.73,1641333,19712409.33,2.1587,,,否,,,,,,否,382225337,76032187,4590526297.37,913146565.87,,,,12.29,12.43,12.15,12.15,11.71,12.31,12.48,1993-10-18,2018-04-27
2011-04-14,600680,*ST上普,电子元件,11.98,12.13,11.92,11.97,11.92,1376187,16472958.39,1.8100,,,否,,,,,,否,382225337,76032187,4575237283.89,910105278.39,,,,12.16,12.42,12.16,12.14,11.73,12.30,12.47,1993-10-18,2018-04-27
2011-04-15,600680,*ST上普,电子元件,11.97,12.05,11.77,11.9,11.77,1989074,23669980.60,2.6161,,,否,,,,,,否,382225337,76032187,4548481510.30,904783025.30,,,,12.01,12.33,12.15,12.13,11.74,12.28,12.45,1993-10-18,2018-04-27
2011-04-18,600680,*ST上普,电子元件,11.92,12.07,11.82,12.01,11.82,1710887,20547752.87,2.2502,,,否,,,,,,否,382225337,76032187,4590526297.37,913146565.87,,,,11.97,12.28,12.16,12.14,11.75,12.26,12.44,1993-10-18,2018-04-27
2011-04-19,600680,*ST上普,电子元件,11.94,12.0,11.75,11.75,11.75,1707358,20061456.50,2.2456,,,否,,,,,,否,382225337,76032187,4491147709.75,893378197.25,,,,11.93,12.19,12.16,12.13,11.76,12.25,12.43,1993-10-18,2018-04-27
2011-04-20,600680,*ST上普,电子元件,11.74,11.94,11.67,11.9,11.67,1093854,13016862.60,1.4387,,,否,,,,,,否,382225337,76032187,4548481510.30,904783025.30,,,,11.91,12.10,12.17,12.12,11.78,12.24,12.42,1993-10-18,2018-04-27
2011-04-21,600680,*ST上普,电子元件,11.92,12.07,11.83,12.07,11.83,1672181,20183224.67,2.1993,,,否,,,,,,否,382225337,76032187,4613459817.59,917708497.09,,,,11.93,12.04,12.18,12.11,11.80,12.22,12.41,1993-10-18,2018-04-27
2011-04-22,600680,*ST上普,电子元件,12.03,12.11,11.84,11.92,11.84,1053886,12562321.12,1.3861,,,否,,,,,,否,382225337,76032187,4556126017.04,906303669.04,,,,11.93,11.97,12.18,12.09,11.82,12.20,12.40,1993-10-18,2018-04-27
2011-04-25,600680,*ST上普,电子元件,11.9,11.95,11.22,11.25,11.22,2309511,25981998.75,3.0375,,,否,,,,,,否,382225337,76032187,4300035041.25,855362103.75,,,,11.78,11.87,12.14,12.06,11.84,12.18,12.38,1993-10-18,2018-04-27
2011-04-26,600680,*ST上普,电子元件,11.19,11.3,10.75,10.9,10.75,1249667,13621370.30,1.6436,,,否,,,,,,否,382225337,76032187,4166256173.30,828750838.30,,,,11.61,11.77,12.09,12.02,11.85,12.16,12.36,1993-10-18,2018-04-27
2011-04-27,600680,*ST上普,电子元件,10.9,11.1,10.72,10.81,10.72,605487,6545314.47,0.7964,,,否,,,,,,否,382225337,76032187,4131855892.97,821907941.47,,,,11.39,11.65,12.04,11.98,11.86,12.13,12.35,1993-10-18,2018-04-27
2011-04-28,600680,*ST上普,电子元件,10.96,10.96,10.59,10.6,10.59,976862,10354737.20,1.2848,,,否,,,,,,否,382225337,76032187,4051588572.20,805941182.20,,,,11.10,11.51,11.97,11.94,11.86,12.10,12.33,1993-10-18,2018-04-27
2011-04-29,600680,*ST上普,电子元件,10.53,10.87,10.53,10.86,10.53,535751,5818255.86,0.7046,,,否,,,,,,否,382225337,76032187,4150967159.82,825709550.82,,,,10.88,11.41,11.87,11.90,11.87,12.07,12.32,1993-10-18,2018-04-27
2011-05-03,600680,*ST上普,电子元件,10.89,11.1,10.82,11.06,10.82,669671,7406561.26,0.8808,,,否,,,,,,否,382225337,76032187,4227412227.22,840915988.22,,,,10.85,11.31,11.80,11.88,11.88,12.04,12.31,1993-10-18,2018-04-27
2011-05-04,600680,*ST上普,电子元件,11.03,11.03,10.68,10.77,10.68,691459,7447013.43,0.9094,,,否,,,,,,否,382225337,76032187,4116566879.49,818866653.99,,,,10.82,11.21,11.70,11.84,11.88,12.01,12.29,1993-10-18,2018-04-27
2011-05-05,600680,*ST上普,电子元件,10.82,10.96,10.69,10.79,10.69,494503,5335687.37,0.6504,,,否,,,,,,否,382225337,76032187,4124211386.23,820387297.73,,,,10.82,11.10,11.60,11.81,11.88,11.98,12.28,1993-10-18,2018-04-27
2011-05-06,600680,*ST上普,电子元件,10.77,10.96,10.74,10.91,10.74,512092,5586923.72,0.6735,,,否,,,,,,否,382225337,76032187,4170078426.67,829511160.17,,,,10.88,10.99,11.51,11.78,11.88,11.95,12.27,1993-10-18,2018-04-27
2011-05-09,600680,*ST上普,电子元件,11.04,11.15,10.91,11.14,10.91,890533,9920537.62,1.1713,,,否,,,,,,否,382225337,76032187,4257990254.18,846998563.18,,,,10.93,10.91,11.44,11.76,11.89,11.92,12.26,1993-10-18,2018-04-27
2011-05-10,600680,*ST上普,电子元件,11.14,11.14,10.99,11.06,10.99,653992,7233151.52,0.8602,,,否,,,,,,否,382225337,76032187,4227412227.22,840915988.22,,,,10.93,10.89,11.38,11.73,11.90,11.89,12.25,1993-10-18,2018-04-27
2011-05-11,600680,*ST上普,电子元件,11.09,11.15,10.99,11.08,10.99,920939,10204004.12,1.2112,,,否,,,,,,否,382225337,76032187,4235056733.96,842436631.96,,,,11.00,10.91,11.34,11.69,11.90,11.87,12.23,1993-10-18,2018-04-27
2011-05-12,600680,*ST上普,电子元件,11.02,11.07,10.72,10.73,10.72,1041316,11173320.68,1.3696,,,否,,,,,,否,382225337,76032187,4101277866.01,815825366.51,,,,10.98,10.90,11.27,11.66,11.88,11.85,12.22,1993-10-18,2018-04-27
2011-05-13,600680,*ST上普,电子元件,10.73,11.0,10.68,10.97,10.68,916658,10055738.26,1.2056,,,否,,,,,,否,382225337,76032187,4193011946.89,834073091.39,,,,11.00,10.94,11.22,11.62,11.86,11.84,12.21,1993-10-18,2018-04-27
2011-05-16,600680,*ST上普,电子元件,10.85,11.18,10.85,11.01,10.85,771655,8495921.55,1.0149,,,否,,,,,,否,382225337,76032187,4208300960.37,837114378.87,,,,10.97,10.95,11.18,11.56,11.83,11.83,12.21,1993-10-18,2018-04-27
2011-05-17,600680,*ST上普,电子元件,10.99,11.15,10.82,11.11,10.82,1171078,13010676.58,1.5402,,,否,,,,,,否,382225337,76032187,4246523494.07,844717597.57,,,,10.98,10.96,11.13,11.52,11.81,11.82,12.20,1993-10-18,2018-04-27
2011-05-18,600680,*ST上普,电子元件,11.07,11.46,10.97,11.3,10.97,1942073,21945424.90,2.5543,,,否,,,,,,否,382225337,76032187,4319146308.10,859163713.10,,,,11.02,11.01,11.11,11.47,11.79,11.81,12.20,1993-10-18,2018-04-27
2011-05-19,600680,*ST上普,电子元件,11.3,11.37,11.07,11.12,11.07,990734,11016962.08,1.3030,,,否,,,,,,否,382225337,76032187,4250345747.44,845477919.44,,,,11.10,11.04,11.07,11.41,11.77,11.80,12.20,1993-10-18,2018-04-27
2011-05-20,600680,*ST上普,电子元件,11.17,11.17,10.87,10.9,10.87,769401,8386470.90,1.0119,,,否,,,,,,否,382225337,76032187,4166256173.30,828750838.30,,,,11.09,11.04,11.01,11.36,11.75,11.78,12.19,1993-10-18,2018-04-27
2011-05-23,600680,*ST上普,电子元件,10.85,10.92,10.26,10.27,10.26,1107148,11370409.96,1.4562,,,否,,,,,,否,382225337,76032187,3925454210.99,780850560.49,,,,10.94,10.96,10.93,11.28,11.72,11.76,12.18,1993-10-18,2018-04-27
2011-05-24,600680,*ST上普,电子元件,10.24,10.44,10.05,10.21,10.05,899634,9185263.14,1.1832,,,否,,,,,,否,382225337,76032187,3902520690.77,776288629.27,,,,10.76,10.87,10.88,11.21,11.68,11.74,12.18,1993-10-18,2018-04-27
2011-05-25,600680,*ST上普,电子元件,10.17,10.34,9.98,10.09,9.98,778957,7859676.13,1.0245,,,否,,,,,,否,382225337,76032187,3856653650.33,767164766.83,,,,10.52,10.77,10.84,11.15,11.65,11.71,12.17,1993-10-18,2018-04-27
2011-05-26,600680,*ST上普,电子元件,10.09,10.47,10.04,10.26,10.04,1055828,10832795.28,1.3887,,,否,,,,,,否,382225337,76032187,3921631957.62,780090238.62,,,,10.35,10.72,10.81,11.09,11.62,11.69,12.17,1993-10-18,2018-04-27
2011-05-27,600680,*ST上普,电子元件,10.25,10.39,9.95,10.11,9.95,1072653,10844521.83,1.4108,,,否,,,,,,否,382225337,76032187,3864298157.07,768685410.57,,,,10.19,10.64,10.79,11.03,11.58,11.67,12.16,1993-10-18,2018-04-27
2011-05-30,600680,*ST上普,电子元件,10.1,10.1,9.69,9.73,9.69,699647,6807565.31,0.9202,,,否,,,,,,否,382225337,76032187,3719052529.01,739793179.51,,,,10.08,10.51,10.73,10.96,11.55,11.64,12.15,1993-10-18,2018-04-27
2011-05-31,600680,*ST上普,电子元件,9.73,9.88,9.43,9.81,9.43,873861,8572576.41,1.1493,,,否,,,,,,否,382225337,76032187,3749630555.97,745875754.47,,,,10.00,10.38,10.67,10.88,11.51,11.61,12.15,1993-10-18,2018-04-27
2011-06-01,600680,*ST上普,电子元件,9.77,9.95,9.72,9.89,9.72,777107,7685588.23,1.0221,,,否,,,,,,否,382225337,76032187,3780208582.93,751958329.43,,,,9.96,10.24,10.62,10.82,11.47,11.59,12.14,1993-10-18,2018-04-27
2011-06-02,600680,*ST上普,电子元件,9.99,10.88,9.99,10.88,9.99,3561287,38746802.56,4.6839,,,否,,,,,,是,382225337,76032187,4158611666.56,827230194.56,,,,10.08,10.22,10.63,10.79,11.45,11.57,12.14,1993-10-18,2018-04-27
2011-06-03,600680,*ST上普,电子元件,11.17,11.27,10.62,10.8,10.62,5516170,59574636.00,7.2550,,,否,,,,,,否,382225337,76032187,4128033639.60,821147619.60,,,,10.22,10.21,10.62,10.74,11.43,11.56,12.14,1993-10-18,2018-04-27
2011-06-07,600680,*ST上普,电子元件,10.63,10.96,10.48,10.93,10.48,3016903,32974749.79,3.9679,,,否,,,,,,否,382225337,76032187,4177722933.41,831031803.91,,,,10.46,10.27,10.61,10.71,11.40,11.55,12.14,1993-10-18,2018-04-27
2011-06-08,600680,*ST上普,电子元件,10.83,11.15,10.7,10.88,10.7,2593308,28215191.04,3.4108,,,否,,,,,,否,382225337,76032187,4158611666.56,827230194.56,,,,10.68,10.34,10.60,10.70,11.38,11.53,12.14,1993-10-18,2018-04-27
2011-06-09,600680,*ST上普,电子元件,10.83,10.87,10.46,10.53,10.46,2200124,23167305.72,2.8937,,,否,,,,,,否,382225337,76032187,4024832798.61,800618929.11,,,,10.80,10.38,10.58,10.69,11.36,11.52,12.14,1993-10-18,2018-04-27
2011-06-10,600680,*ST上普,电子元件,10.36,10.37,9.99,10.28,9.99,1669598,17163467.44,2.1959,,,否,,,,,,否,382225337,76032187,3929276464.36,781610882.36,,,,10.68,10.38,10.55,10.67,11.33,11.50,12.13,1993-10-18,2018-04-27
2011-06-13,600680,*ST上普,电子元件,10.22,10.23,10.0,10.11,10.0,625448,6323279.28,0.8226,,,否,,,,,,否,382225337,76032187,3864298157.07,768685410.57,,,,10.55,10.38,10.51,10.65,11.30,11.48,12.12,1993-10-18,2018-04-27
2011-06-14,600680,*ST上普,电子元件,10.11,10.35,10.11,10.29,10.11,923376,9501539.04,1.2145,,,否,,,,,,否,382225337,76032187,3933098717.73,782371204.23,,,,10.42,10.44,10.48,10.63,11.27,11.46,12.12,1993-10-18,2018-04-27
2011-06-15,600680,*ST上普,电子元件,10.23,10.45,10.22,10.36,10.22,1195835,12388850.60,1.5728,,,否,,,,,,否,382225337,76032187,3959854491.32,787693457.32,,,,10.31,10.50,10.44,10.61,11.25,11.44,12.12,1993-10-18,2018-04-27
2011-06-16,600680,*ST上普,电子元件,10.17,10.27,9.95,10.09,9.95,864706,8724883.54,1.1373,,,否,,,,,,否,382225337,76032187,3856653650.33,767164766.83,,,,10.23,10.52,10.38,10.59,11.22,11.42,12.11,1993-10-18,2018-04-27
2011-06-17,600680,*ST上普,电子元件,10.08,10.45,9.98,10.17,9.98,1157389,11770646.13,1.5222,,,否,,,,,,否,382225337,76032187,3887231677.29,773247341.79,,,,10.20,10.44,10.33,10.57,11.19,11.40,12.11,1993-10-18,2018-04-27
2011-06-20,600680,*ST上普,电子元件,10.12,10.37,10.07,10.34,10.07,953426,9858424.84,1.2540,,,否,,,,,,否,382225337,76032187,3952209984.58,786172813.58,,,,10.25,10.40,10.30,10.55,11.17,11.39,12.11,1993-10-18,2018-04-27
2011-06-21,600680,*ST上普,电子元件,10.38,10.77,10.26,10.63,10.26,3016249,32062726.87,3.9671,,,否,,,,,,否,382225337,76032187,4063055332.31,808222147.81,,,,10.32,10.37,10.32,10.53,11.15,11.37,12.10,1993-10-18,2018-04-27
2011-06-22,600680,*ST上普,电子元件,10.65,10.68,10.19,10.46,10.19,1133279,11854098.34,1.4905,,,否,,,,,,否,382225337,76032187,3998077025.02,795296676.02,,,,10.34,10.33,10.33,10.51,11.12,11.35,12.10,1993-10-18,2018-04-27
2011-06-23,600680,*ST上普,电子元件,10.38,10.46,10.25,10.36,10.25,2304306,23872610.16,3.0307,,,否,,,,,,否,382225337,76032187,3959854491.32,787693457.32,,,,10.39,10.31,10.35,10.49,11.09,11.33,12.09,1993-10-18,2018-04-27
2011-06-27,600680,*ST上普,电子元件,10.65,11.05,10.52,10.57,10.52,2807470,29674957.90,3.6925,,,否,,,,,,否,382225337,76032187,4040121812.09,803660216.59,,,,10.47,10.34,10.36,10.48,11.07,11.32,12.09,1993-10-18,2018-04-27
2011-06-28,600680,*ST上普,电子元件,10.56,10.68,10.35,10.66,10.35,1853646,19759866.36,2.4380,,,否,,,,,,否,382225337,76032187,4074522092.42,810503113.42,,,,10.54,10.39,10.39,10.47,11.05,11.31,12.08,1993-10-18,2018-04-27
2011-06-29,600680,*ST上普,电子元件,10.57,10.64,10.35,10.37,10.35,1545887,16030848.19,2.0332,,,否,,,,,,否,382225337,76032187,3963676744.69,788453779.19,,,,10.48,10.40,10.42,10.45,11.01,11.30,12.08,1993-10-18,2018-04-27
2011-06-30,600680,*ST上普,电子元件,10.18,10.51,10.18,10.48,10.18,1251780,13118654.40,1.6464,,,否,,,,,,否,382225337,76032187,4005721531.76,796817319.76,,,,10.49,10.41,10.45,10.43,10.97,11.29,12.07,1993-10-18,2018-04-27
2011-07-01,600680,*ST上普,电子元件,10.47,10.85,10.29,10.74,10.29,3374460,36241700.40,4.4382,,,否,,,,,,否,382225337,76032187,4105100119.38,816585688.38,,,,10.56,10.48,10.50,10.41,10.94,11.29,12.07,1993-10-18,2018-04-27
2011-07-04,600680,*ST上普,电子元件,10.67,11.22,10.66,11.04,10.66,4440808,49026520.32,5.8407,,,否,,,,,,否,382225337,76032187,4219767720.48,839395344.48,,,,10.66,10.57,10.50,10.41,10.91,11.29,12.07,1993-10-18,2018-04-27
2011-07-05,600680,*ST上普,电子元件,11.01,11.01,10.78,10.95,10.78,1888828,20682666.60,2.4842,,,否,,,,,,否,382225337,76032187,4185367440.15,832552447.65,,,,10.72,10.63,10.51,10.41,10.88,11.28,12.07,1993-10-18,2018-04-27
2011-07-06,600680,*ST上普,电子元件,10.9,11.27,10.81,11.13,10.81,2585352,28774967.76,3.4003,,,否,,,,,,否,382225337,76032187,4254168000.81,846238241.31,,,,10.87,10.68,10.52,10.44,10.86,11.28,12.07,1993-10-18,2018-04-27
2011-07-07,600680,*ST上普,电子元件,11.07,11.13,10.93,10.95,10.93,1515194,16591374.30,1.9928,,,否,,,,,,否,382225337,76032187,4185367440.15,832552447.65,,,,10.96,10.73,10.53,10.46,10.84,11.27,12.06,1993-10-18,2018-04-27
2011-07-08,600680,*ST上普,电子元件,10.88,11.28,10.17,11.08,10.17,2603981,28852109.48,3.4248,,,否,,,,,,否,382225337,76032187,4235056733.96,842436631.96,,,,11.03,10.80,10.55,10.50,10.82,11.26,12.06,1993-10-18,2018-04-27
2011-07-11,600680,*ST上普,电子元件,10.99,11.15,10.9,11.07,10.9,1210806,13403622.42,1.5925,,,否,,,,,,否,382225337,76032187,4231234480.59,841676310.09,,,,11.04,10.85,10.59,10.52,10.81,11.26,12.07,1993-10-18,2018-04-27
2011-07-12,600680,*ST上普,电子元件,11.02,11.02,10.66,10.67,10.66,1566056,16709817.52,2.0597,,,否,,,,,,否,382225337,76032187,4078344345.79,811263435.29,,,,10.98,10.85,10.62,10.54,10.79,11.26,12.08,1993-10-18,2018-04-27
2011-07-13,600680,*ST上普,电子元件,10.62,11.07,10.58,11.0,10.58,1798941,19788351.00,2.3660,,,否,,,,,,否,382225337,76032187,4204478707.00,836354057.00,,,,10.95,10.91,10.66,10.58,10.77,11.25,12.08,1993-10-18,2018-04-27
2011-07-14,600680,*ST上普,电子元件,11.0,11.17,10.94,11.15,10.94,1701016,18966328.40,2.2372,,,否,,,,,,否,382225337,76032187,4261812507.55,847758885.05,,,,10.99,10.98,10.70,10.63,10.76,11.25,12.09,1993-10-18,2018-04-27
2011-07-15,600680,*ST上普,电子元件,11.11,11.17,10.97,11.06,10.97,1620362,17921203.72,2.1312,,,否,,,,,,否,382225337,76032187,4227412227.22,840915988.22,,,,10.99,11.01,10.74,10.67,10.74,11.25,12.10,1993-10-18,2018-04-27
2011-07-18,600680,*ST上普,电子元件,11.04,11.74,10.94,11.44,10.94,6202537,70957023.28,8.1578,,,否,,,,,,否,382225337,76032187,4372657855.28,869808219.28,,,,11.06,11.05,10.81,10.69,10.74,11.26,12.11,1993-10-18,2018-04-27
2011-07-19,600680,*ST上普,电子元件,11.3,11.37,11.13,11.29,11.13,2474743,27939848.47,3.2549,,,否,,,,,,否,382225337,76032187,4315324054.73,858403391.23,,,,11.19,11.08,10.86,10.70,10.72,11.26,12.11,1993-10-18,2018-04-27
2011-07-20,600680,*ST上普,电子元件,11.32,11.37,11.05,11.17,11.05,1467466,16391595.22,1.9301,,,否,,,,,,否,382225337,76032187,4269457014.29,849279528.79,,,,11.22,11.09,10.88,10.71,10.71,11.27,12.12,1993-10-18,2018-04-27
2011-07-21,600680,*ST上普,电子元件,11.22,11.23,10.91,10.92,10.91,1246295,13609541.40,1.6392,,,否,,,,,,否,382225337,76032187,4173900680.04,830271482.04,,,,11.18,11.09,10.91,10.71,10.71,11.27,12.13,1993-10-18,2018-04-27
2011-07-22,600680,*ST上普,电子元件,10.9,11.22,10.87,10.98,10.87,1115193,12244819.14,1.4667,,,否,,,,,,否,382225337,76032187,4196834200.26,834833413.26,,,,11.16,11.08,10.94,10.73,10.71,11.28,12.12,1993-10-18,2018-04-27
2011-07-25,600680,*ST上普,电子元件,10.99,11.12,10.38,10.43,10.38,1256032,13100413.76,1.6520,,,否,,,,,,否,382225337,76032187,3986610264.91,793015710.41,,,,10.96,11.01,10.93,10.73,10.70,11.28,12.12,1993-10-18,2018-04-27
2011-07-26,600680,*ST上普,电子元件,10.43,10.56,10.38,10.55,10.38,474576,5006776.80,0.6242,,,否,,,,,,否,382225337,76032187,4032477305.35,802139572.85,,,,10.81,11.00,10.92,10.75,10.70,11.28,12.11,1993-10-18,2018-04-27
2011-07-27,600680,*ST上普,电子元件,10.51,10.69,10.48,10.68,10.48,605929,6471321.72,0.7969,,,否,,,,,,否,382225337,76032187,4082166599.16,812023757.16,,,,10.71,10.97,10.94,10.76,10.70,11.28,12.10,1993-10-18,2018-04-27
2011-07-28,600680,*ST上普,电子元件,10.56,10.64,10.42,10.55,10.42,592761,6253628.55,0.7796,,,否,,,,,,否,382225337,76032187,4032477305.35,802139572.85,,,,10.64,10.91,10.94,10.77,10.69,11.28,12.09,1993-10-18,2018-04-27
2011-07-29,600680,*ST上普,电子元件,10.52,10.6,10.36,10.44,10.36,589652,6155966.88,0.7755,,,否,,,,,,否,382225337,76032187,3990432518.28,793776032.28,,,,10.53,10.85,10.93,10.78,10.68,11.28,12.09,1993-10-18,2018-04-27
2011-08-01,600680,*ST上普,电子元件,10.52,10.52,10.37,10.44,10.37,783110,8175668.40,1.0300,,,否,,,,,,否,382225337,76032187,3990432518.28,793776032.28,,,,10.53,10.75,10.90,10.79,10.68,11.28,12.08,1993-10-18,2018-04-27
2011-08-02,600680,*ST上普,电子元件,10.39,10.43,10.13,10.26,10.13,631134,6475434.84,0.8301,,,否,,,,,,否,382225337,76032187,3921631957.62,780090238.62,,,,10.47,10.64,10.86,10.78,10.67,11.27,12.07,1993-10-18,2018-04-27
2011-08-03,600680,*ST上普,电子元件,10.27,10.35,10.14,10.28,10.14,550551,5659664.28,0.7241,,,否,,,,,,否,382225337,76032187,3929276464.36,781610882.36,,,,10.39,10.55,10.82,10.77,10.65,11.27,12.06,1993-10-18,2018-04-27
2011-08-04,600680,*ST上普,电子元件,10.32,10.41,10.23,10.33,10.23,866783,8953868.39,1.1400,,,否,,,,,,否,382225337,76032187,3948387731.21,785412491.71,,,,10.35,10.49,10.79,10.77,10.64,11.27,12.05,1993-10-18,2018-04-27
2011-08-05,600680,*ST上普,电子元件,9.97,10.18,9.94,10.04,9.94,951339,9551443.56,1.2512,,,否,,,,,,否,382225337,76032187,3837542383.48,763363157.48,,,,10.27,10.40,10.74,10.76,10.62,11.26,12.04,1993-10-18,2018-04-27
2011-08-08,600680,*ST上普,电子元件,9.89,10.06,9.27,9.45,9.27,1280345,12099260.25,1.6840,,,否,,,,,,否,382225337,76032187,3612029434.65,718504167.15,,,,10.07,10.30,10.66,10.72,10.60,11.24,12.03,1993-10-18,2018-04-27
2011-08-09,600680,*ST上普,电子元件,9.03,9.45,9.03,9.43,9.03,839115,7912854.45,1.1036,,,否,,,,,,否,382225337,76032187,3604384927.91,716983523.41,,,,9.91,10.19,10.59,10.68,10.58,11.22,12.02,1993-10-18,2018-04-27
2011-08-10,600680,*ST上普,电子元件,9.54,9.67,9.49,9.51,9.49,950173,9036145.23,1.2497,,,否,,,,,,否,382225337,76032187,3634962954.87,723066098.37,,,,9.75,10.07,10.52,10.65,10.55,11.19,12.01,1993-10-18,2018-04-27
2011-08-11,600680,*ST上普,电子元件,9.37,10.46,9.27,10.46,9.27,3924516,41050437.36,5.1617,,,否,,,,,,是,382225337,76032187,3998077025.02,795296676.02,,,,9.78,10.06,10.49,10.65,10.54,11.17,12.00,1993-10-18,2018-04-27
2011-08-12,600680,*ST上普,电子元件,10.47,10.77,10.25,10.58,10.25,3506936,37103382.88,4.6124,,,否,,,,,,否,382225337,76032187,4043944065.46,804420538.46,,,,9.89,10.08,10.46,10.64,10.53,11.16,11.99,1993-10-18,2018-04-27
2011-08-15,600680,*ST上普,电子元件,10.67,11.03,10.44,10.92,10.44,4646483,50739594.36,6.1112,,,否,,,,,,否,382225337,76032187,4173900680.04,830271482.04,,,,10.18,10.13,10.44,10.64,10.52,11.14,11.98,1993-10-18,2018-04-27
2011-08-16,600680,*ST上普,电子元件,10.95,10.95,10.47,10.49,10.47,3760151,39443983.99,4.9455,,,否,,,,,,否,382225337,76032187,4009543785.13,797577641.63,,,,10.39,10.15,10.40,10.63,10.52,11.13,11.98,1993-10-18,2018-04-27
2011-08-17,600680,*ST上普,电子元件,10.57,10.57,10.18,10.24,10.18,1953003,19998750.72,2.5687,,,否,,,,,,否,382225337,76032187,3913987450.88,778569594.88,,,,10.54,10.15,10.35,10.60,10.52,11.12,11.97,1993-10-18,2018-04-27
2011-08-18,600680,*ST上普,电子元件,10.22,10.39,10.15,10.24,10.15,1106590,11331481.60,1.4554,,,否,,,,,,否,382225337,76032187,3913987450.88,778569594.88,,,,10.49,10.14,10.32,10.57,10.52,11.10,11.95,1993-10-18,2018-04-27
2011-08-19,600680,*ST上普,电子元件,9.96,10.07,9.8,10.03,9.8,902504,9052115.12,0.3506,,,否,,,,,,否,382225337,257425337,3833720130.11,2581976130.11,,,,10.38,10.14,10.27,10.54,10.52,11.08,11.94,1993-10-18,2018-04-27
2011-08-22,600680,*ST上普,电子元件,10.07,10.16,9.84,9.94,9.84,824699,8197508.06,0.3204,,,否,,,,,,否,382225337,257425337,3799319849.78,2558807849.78,,,,10.19,10.18,10.24,10.50,10.51,11.06,11.93,1993-10-18,2018-04-27
2011-08-23,600680,*ST上普,电子元件,9.94,10.04,9.89,10.02,9.89,789467,7910459.34,0.3067,,,否,,,,,,否,382225337,257425337,3829897876.74,2579401876.74,,,,10.09,10.24,10.22,10.48,10.51,11.05,11.92,1993-10-18,2018-04-27
2011-08-24,600680,*ST上普,电子元件,10.06,10.4,9.99,10.32,9.99,2129817,21979711.44,0.8274,,,否,,,,,,否,382225337,257425337,3944565477.84,2656629477.84,,,,10.11,10.32,10.20,10.45,10.52,11.03,11.92,1993-10-18,2018-04-27
2011-08-25,600680,*ST上普,电子元件,10.23,10.35,10.1,10.33,10.1,1379737,14252683.21,0.5360,,,否,,,,,,否,382225337,257425337,3948387731.21,2659203731.21,,,,10.13,10.31,10.19,10.43,10.53,11.02,11.91,1993-10-18,2018-04-27
2011-08-26,600680,*ST上普,电子元件,10.26,10.35,10.12,10.18,10.12,1002802,10208524.36,0.3896,,,否,,,,,,否,382225337,257425337,3891053930.66,2620589930.66,,,,10.16,10.27,10.17,10.40,10.53,11.00,11.90,1993-10-18,2018-04-27
2011-08-29,600680,*ST上普,电子元件,10.27,10.37,10.14,10.21,10.14,878364,8968096.44,0.3412,,,否,,,,,,否,382225337,257425337,3902520690.77,2628312690.77,,,,10.21,10.20,10.16,10.36,10.52,10.99,11.89,1993-10-18,2018-04-27
2011-08-30,600680,*ST上普,电子元件,10.25,10.36,9.97,10.06,9.97,975413,9812654.78,0.3789,,,否,,,,,,否,382225337,257425337,3845186890.22,2589698890.22,,,,10.22,10.16,10.15,10.32,10.51,10.97,11.87,1993-10-18,2018-04-27
2011-08-31,600680,*ST上普,电子元件,10.11,10.11,9.72,9.81,9.72,1170664,11484213.84,0.4548,,,否,,,,,,否,382225337,257425337,3749630555.97,2525342555.97,,,,10.12,10.11,10.13,10.27,10.49,10.95,11.86,1993-10-18,2018-04-27
2011-09-01,600680,*ST上普,电子元件,9.83,9.91,9.72,9.76,9.72,650820,6352003.20,0.2528,,,否,,,,,,否,382225337,257425337,3730519289.12,2512471289.12,,,,10.00,10.07,10.10,10.23,10.47,10.93,11.84,1993-10-18,2018-04-27
2011-09-02,600680,*ST上普,电子元件,9.72,9.83,9.63,9.76,9.63,435430,4249796.80,0.1691,,,否,,,,,,否,382225337,257425337,3730519289.12,2512471289.12,,,,9.92,10.04,10.09,10.19,10.46,10.91,11.83,1993-10-18,2018-04-27
2011-09-05,600680,*ST上普,电子元件,9.82,9.93,9.55,9.77,9.55,663152,6478995.04,0.2576,,,否,,,,,,否,382225337,257425337,3734341542.49,2515045542.49,,,,9.83,10.02,10.10,10.17,10.45,10.89,11.81,1993-10-18,2018-04-27
2011-09-06,600680,*ST上普,电子元件,9.77,9.92,9.69,9.91,9.69,618249,6126847.59,0.2402,,,否,,,,,,否,382225337,257425337,3787853089.67,2551085089.67,,,,9.80,10.01,10.13,10.15,10.45,10.87,11.80,1993-10-18,2018-04-27
2011-09-07,600680,*ST上普,电子元件,9.97,10.12,9.83,10.06,9.83,1019619,10257367.14,0.3961,,,否,,,,,,否,382225337,257425337,3845186890.22,2589698890.22,,,,9.85,9.99,10.15,10.13,10.44,10.86,11.79,1993-10-18,2018-04-27
2011-09-08,600680,*ST上普,电子元件,10.08,10.08,9.67,9.73,9.67,636004,6188318.92,0.2471,,,否,,,,,,否,382225337,257425337,3719052529.01,2504748529.01,,,,9.85,9.93,10.12,10.10,10.43,10.84,11.78,1993-10-18,2018-04-27
2011-09-09,600680,*ST上普,电子元件,9.78,9.89,9.67,9.73,9.67,332632,3236509.36,0.1292,,,否,,,,,,否,382225337,257425337,3719052529.01,2504748529.01,,,,9.84,9.88,10.08,10.08,10.43,10.82,11.76,1993-10-18,2018-04-27
2011-09-13,600680,*ST上普,电子元件,9.56,9.7,9.5,9.61,9.5,305202,2932991.22,0.1186,,,否,,,,,,否,382225337,257425337,3673185488.57,2473857488.57,,,,9.81,9.82,10.01,10.05,10.42,10.80,11.74,1993-10-18,2018-04-27
2011-09-14,600680,*ST上普,电子元件,9.65,9.84,9.6,9.76,9.6,335765,3277066.40,0.1304,,,否,,,,,,否,382225337,257425337,3730519289.12,2512471289.12,,,,9.78,9.79,9.97,10.03,10.41,10.79,11.72,1993-10-18,2018-04-27
2011-09-15,600680,*ST上普,电子元件,9.77,9.8,9.67,9.74,9.67,450356,4386467.44,0.1749,,,否,,,,,,否,382225337,257425337,3722874782.38,2507322782.38,,,,9.71,9.78,9.95,10.01,10.39,10.77,11.71,1993-10-18,2018-04-27
2011-09-16,600680,*ST上普,电子元件,9.79,9.92,9.69,9.7,9.69,479201,4648249.70,0.1862,,,否,,,,,,否,382225337,257425337,3707585768.90,2497025768.90,,,,9.71,9.78,9.92,9.99,10.38,10.75,11.69,1993-10-18,2018-04-27
2011-09-19,600680,*ST上普,电子元件,9.74,9.74,9.48,9.5,9.48,455139,4323820.50,0.1768,,,否,,,,,,否,382225337,257425337,3631140701.50,2445540701.50,,,,9.66,9.75,9.90,9.98,10.37,10.73,11.67,1993-10-18,2018-04-27
2011-09-20,600680,*ST上普,电子元件,9.49,9.77,9.41,9.62,9.41,436412,4198283.44,0.1695,,,否,,,,,,否,382225337,257425337,3677007741.94,2476431741.94,,,,9.66,9.74,9.88,9.98,10.35,10.71,11.65,1993-10-18,2018-04-27
2011-09-21,600680,*ST上普,电子元件,9.56,9.87,9.55,9.81,9.55,627947,6160160.07,0.2439,,,否,,,,,,否,382225337,257425337,3749630555.97,2525342555.97,,,,9.67,9.73,9.87,9.99,10.34,10.69,11.63,1993-10-18,2018-04-27
2011-09-22,600680,*ST上普,电子元件,9.74,9.77,9.54,9.55,9.54,645961,6168927.55,0.2509,,,否,,,,,,否,382225337,257425337,3650251968.35,2458411968.35,,,,9.64,9.68,9.83,9.99,10.32,10.66,11.62,1993-10-18,2018-04-27
2011-09-23,600680,*ST上普,电子元件,9.47,9.67,9.3,9.64,9.3,720472,6945350.08,0.2799,,,否,,,,,,否,382225337,257425337,3684652248.68,2481580248.68,,,,9.62,9.67,9.80,9.97,10.31,10.64,11.60,1993-10-18,2018-04-27
2011-09-26,600680,*ST上普,电子元件,9.53,9.97,9.53,9.74,9.53,637407,6208344.18,0.2476,,,否,,,,,,否,382225337,257425337,3722874782.38,2507322782.38,,,,9.67,9.67,9.77,9.94,10.29,10.62,11.58,1993-10-18,2018-04-27
2011-09-27,600680,*ST上普,电子元件,9.74,9.85,9.64,9.75,9.64,389203,3794729.25,0.1512,,,否,,,,,,否,382225337,257425337,3726697035.75,2509897035.75,,,,9.70,9.68,9.75,9.90,10.27,10.59,11.56,1993-10-18,2018-04-27
2011-09-28,600680,*ST上普,电子元件,9.82,9.82,9.43,9.46,9.43,332079,3141467.34,0.1290,,,否,,,,,,否,382225337,257425337,3615851688.02,2435243688.02,,,,9.63,9.65,9.72,9.87,10.25,10.56,11.54,1993-10-18,2018-04-27
2011-09-29,600680,*ST上普,电子元件,9.34,9.47,9.1,9.11,9.1,384342,3501355.62,0.1493,,,否,,,,,,否,382225337,257425337,3482072820.07,2345144820.07,,,,9.54,9.59,9.69,9.83,10.21,10.54,11.52,1993-10-18,2018-04-27
2011-09-30,600680,*ST上普,电子元件,9.22,9.22,8.48,8.74,8.48,875204,7649282.96,0.3400,,,否,,,,,,否,382225337,257425337,3340649445.38,2249897445.38,,,,9.36,9.49,9.63,9.78,10.18,10.51,11.51,1993-10-18,2018-04-27
2011-10-10,600680,*ST上普,电子元件,8.82,8.94,8.63,8.82,8.63,449170,3961679.40,0.1745,,,否,,,,,,否,382225337,257425337,3371227472.34,2270491472.34,,,,9.18,9.42,9.59,9.74,10.14,10.48,11.49,1993-10-18,2018-04-27
2011-10-11,600680,*ST上普,电子元件,8.98,9.37,8.77,8.86,8.77,363672,3222133.92,0.1413,,,否,,,,,,否,382225337,257425337,3386516485.82,2280788485.82,,,,9.00,9.35,9.54,9.70,10.10,10.45,11.47,1993-10-18,2018-04-27
2011-10-12,600680,*ST上普,电子元件,8.83,9.16,8.78,9.14,8.78,453209,4142330.26,0.1761,,,否,,,,,,否,382225337,257425337,3493539580.18,2352867580.18,,,,8.93,9.28,9.50,9.67,10.08,10.43,11.46,1993-10-18,2018-04-27
2011-10-13,600680,*ST上普,电子元件,9.14,9.39,9.12,9.34,9.12,731159,6829025.06,0.2840,,,否,,,,,,否,382225337,257425337,3569984647.58,2404352647.58,,,,8.98,9.26,9.47,9.64,10.05,10.41,11.44,1993-10-18,2018-04-27
2011-10-14,600680,*ST上普,电子元件,9.27,9.27,9.08,9.16,9.08,443910,4066215.60,0.1724,,,否,,,,,,否,382225337,257425337,3501184086.92,2358016086.92,,,,9.06,9.21,9.44,9.60,10.01,10.39,11.43,1993-10-18,2018-04-27
2011-10-17,600680,*ST上普,电子元件,9.13,9.22,9.08,9.16,9.08,328470,3008785.20,0.1276,,,否,,,,,,否,382225337,257425337,3501184086.92,2358016086.92,,,,9.13,9.15,9.41,9.57,9.98,10.36,11.41,1993-10-18,2018-04-27
2011-10-18,600680,*ST上普,电子元件,9.08,9.2,8.87,8.95,8.87,415062,3714804.90,0.1612,,,否,,,,,,否,382225337,257425337,3420916766.15,2303956766.15,,,,9.15,9.07,9.38,9.53,9.94,10.34,11.39,1993-10-18,2018-04-27
2011-10-19,600680,*ST上普,电子元件,8.87,9.05,8.87,8.95,8.87,223707,2002177.65,0.0869,,,否,,,,,,否,382225337,257425337,3420916766.15,2303956766.15,,,,9.11,9.02,9.34,9.49,9.90,10.31,11.37,1993-10-18,2018-04-27
2011-10-20,600680,*ST上普,电子元件,8.94,8.95,8.48,8.56,8.48,406002,3475377.12,0.1577,,,否,,,,,,否,382225337,257425337,3271848884.72,2203560884.72,,,,8.96,8.97,9.28,9.45,9.86,10.28,11.35,1993-10-18,2018-04-27
2011-10-21,600680,*ST上普,电子元件,8.56,8.61,8.43,8.52,8.43,187849,1600473.48,0.0730,,,否,,,,,,否,382225337,257425337,3256559871.24,2193263871.24,,,,8.83,8.95,9.22,9.41,9.82,10.26,11.33,1993-10-18,2018-04-27
2011-10-24,600680,*ST上普,电子元件,8.52,8.64,8.38,8.62,8.38,327100,2819602.00,0.1271,,,否,,,,,,否,382225337,257425337,3294782404.94,2219006404.94,,,,8.72,8.93,9.18,9.37,9.78,10.24,11.31,1993-10-18,2018-04-27
2011-10-25,600680,*ST上普,电子元件,8.58,9.47,8.58,9.04,8.58,1179266,10660564.64,0.4581,,,否,,,,,,否,382225337,257425337,3455317046.48,2327125046.48,,,,8.74,8.94,9.15,9.34,9.76,10.23,11.29,1993-10-18,2018-04-27
2011-10-26,600680,*ST上普,电子元件,8.87,9.17,8.77,8.99,8.77,848221,7625506.79,0.3295,,,否,,,,,,否,382225337,257425337,3436205779.63,2314253779.63,,,,8.75,8.93,9.11,9.31,9.73,10.21,11.27,1993-10-18,2018-04-27
2011-10-27,600680,*ST上普,电子元件,9.17,9.34,9.02,9.07,9.02,1094603,9928049.21,0.4252,,,否,,,,,,否,382225337,257425337,3466783806.59,2334847806.59,,,,8.85,8.90,9.08,9.28,9.70,10.20,11.25,1993-10-18,2018-04-27
2011-10-28,600680,*ST上普,电子元件,9.22,9.25,9.1,9.17,9.1,676909,6207255.53,0.2630,,,否,,,,,,否,382225337,257425337,3505006340.29,2360590340.29,,,,8.98,8.90,9.06,9.26,9.68,10.18,11.23,1993-10-18,2018-04-27
2011-10-31,600680,*ST上普,电子元件,9.16,9.18,9.12,9.16,9.12,486987,4460800.92,0.1892,,,否,,,,,,否,382225337,257425337,3501184086.92,2358016086.92,,,,9.09,8.90,9.03,9.24,9.66,10.17,11.21,1993-10-18,2018-04-27
2011-11-01,600680,*ST上普,电子元件,9.15,9.23,9.02,9.14,9.02,714861,6533829.54,0.2777,,,否,,,,,,否,382225337,257425337,3493539580.18,2352867580.18,,,,9.11,8.92,9.00,9.23,9.64,10.16,11.19,1993-10-18,2018-04-27
2011-11-02,600680,*ST上普,电子元件,8.98,9.36,8.92,9.32,8.92,1439382,13415040.24,0.5591,,,否,,,,,,否,382225337,257425337,3562340140.84,2399204140.84,,,,9.17,8.96,8.99,9.21,9.62,10.14,11.18,1993-10-18,2018-04-27
2011-11-03,600680,*ST上普,电子元件,9.32,9.57,9.32,9.38,9.32,1688654,15839574.52,0.6560,,,否,,,,,,否,382225337,257425337,3585273661.06,2414649661.06,,,,9.23,9.04,9.00,9.20,9.61,10.13,11.16,1993-10-18,2018-04-27
2011-11-04,600680,*ST上普,电子元件,9.37,9.51,9.32,9.43,9.32,1018106,9600739.58,0.3955,,,否,,,,,,否,382225337,257425337,3604384927.91,2427520927.91,,,,9.29,9.13,9.04,9.19,9.59,10.12,11.14,1993-10-18,2018-04-27
2011-11-07,600680,*ST上普,电子元件,9.42,9.75,9.34,9.37,9.34,817492,7659900.04,0.3176,,,否,,,,,,否,382225337,257425337,3581451407.69,2412075407.69,,,,9.33,9.21,9.07,9.19,9.58,10.10,11.12,1993-10-18,2018-04-27
2011-11-08,600680,*ST上普,电子元件,9.47,9.5,9.22,9.25,9.22,648330,5997052.50,0.2519,,,否,,,,,,否,382225337,257425337,3535584367.25,2381184367.25,,,,9.35,9.23,9.09,9.17,9.58,10.09,11.10,1993-10-18,2018-04-27
2011-11-09,600680,*ST上普,电子元件,9.34,9.37,9.09,9.33,9.09,752595,7021711.35,0.2924,,,否,,,,,,否,382225337,257425337,3566162394.21,2401778394.21,,,,9.35,9.26,9.10,9.16,9.58,10.08,11.08,1993-10-18,2018-04-27
2011-11-10,600680,*ST上普,电子元件,9.2,9.27,9.17,9.17,9.17,447997,4108132.49,0.1740,,,否,,,,,,否,382225337,257425337,3505006340.29,2360590340.29,,,,9.31,9.27,9.09,9.14,9.57,10.06,11.06,1993-10-18,2018-04-27
2011-11-11,600680,*ST上普,电子元件,9.19,9.29,9.17,9.24,9.17,369304,3412368.96,0.1435,,,否,,,,,,否,382225337,257425337,3531762113.88,2378610113.88,,,,9.27,9.28,9.09,9.13,9.55,10.04,11.04,1993-10-18,2018-04-27
2011-11-14,600680,*ST上普,电子元件,9.39,10.17,9.31,10.17,9.31,3253447,33087555.99,1.2638,,,否,,,,,,是,382225337,257425337,3887231677.29,2618015677.29,,,,9.43,9.38,9.14,9.15,9.54,10.04,11.02,1993-10-18,2018-04-27
2011-11-15,600680,*ST上普,电子元件,11.19,11.19,11.19,11.19,11.19,6532354,73097041.26,2.5376,,,否,,,,,,是,382225337,257425337,4277101521.03,2880589521.03,,,,9.82,9.59,9.25,9.19,9.55,10.04,11.01,1993-10-18,2018-04-27
2011-11-16,600680,*ST上普,电子元件,11.47,11.47,10.86,10.99,10.86,10801758,118711320.42,4.1961,,,否,,,,,,否,382225337,257425337,4200656453.63,2829104453.63,,,,10.15,9.75,9.36,9.24,9.56,10.04,10.99,1993-10-18,2018-04-27
2011-11-17,600680,*ST上普,电子元件,10.9,11.04,10.61,10.66,10.61,4633913,49397512.58,1.8001,,,否,,,,,,否,382225337,257425337,4074522092.42,2744154092.42,,,,10.45,9.88,9.46,9.30,9.56,10.04,10.98,1993-10-18,2018-04-27
2011-11-18,600680,*ST上普,电子元件,10.58,11.22,10.53,10.68,10.53,8189901,87468142.68,3.1815,,,否,,,,,,否,382225337,257425337,4082166599.16,2749302599.16,,,,10.74,10.01,9.57,9.36,9.57,10.04,10.96,1993-10-18,2018-04-27
2011-11-21,600680,*ST上普,电子元件,10.32,10.54,9.77,10.45,9.77,4770094,49847482.30,1.8530,,,否,,,,,,否,382225337,257425337,3994254771.65,2690094771.65,,,,10.79,10.11,9.66,9.42,9.58,10.05,10.95,1993-10-18,2018-04-27
2011-11-22,600680,*ST上普,电子元件,10.17,11.14,10.02,10.78,10.02,7011537,75584368.86,2.7237,,,否,,,,,,否,382225337,257425337,4120389132.86,2775045132.86,,,,10.71,10.27,9.75,9.48,9.59,10.05,10.94,1993-10-18,2018-04-27
2011-11-24,600680,*ST上普,电子元件,10.47,11.07,10.21,11.05,10.21,5088818,56231438.90,1.9768,,,否,,,,,,否,382225337,257425337,4223589973.85,2844549973.85,,,,10.72,10.44,9.85,9.54,9.61,10.06,10.93,1993-10-18,2018-04-27
2011-11-25,600680,*ST上普,电子元件,10.86,11.32,10.47,10.54,10.47,4560880,48071675.20,1.7717,,,否,,,,,,否,382225337,257425337,4028655051.98,2713263051.98,,,,10.70,10.58,9.92,9.58,9.61,10.07,10.93,1993-10-18,2018-04-27
2011-11-28,600680,*ST上普,电子元件,10.39,10.5,10.12,10.35,10.12,2949670,30529084.50,1.1458,,,否,,,,,,否,382225337,257425337,3956032237.95,2664352237.95,,,,10.63,10.69,9.98,9.62,9.61,10.07,10.92,1993-10-18,2018-04-27
2011-11-29,600680,*ST上普,电子元件,10.42,10.47,10.2,10.45,10.2,2705242,28269778.90,1.0509,,,否,,,,,,否,382225337,257425337,3994254771.65,2690094771.65,,,,10.63,10.71,10.05,9.67,9.62,10.07,10.91,1993-10-18,2018-04-27
2011-11-30,600680,*ST上普,电子元件,10.35,10.37,9.4,9.64,9.4,3410503,32877248.92,1.3249,,,否,,,,,,否,382225337,257425337,3684652248.68,2481580248.68,,,,10.41,10.56,10.07,9.69,9.61,10.06,10.90,1993-10-18,2018-04-27
2011-12-01,600680,*ST上普,电子元件,9.87,10.14,9.73,9.8,9.73,2919111,28607287.80,1.1340,,,否,,,,,,否,382225337,257425337,3745808302.60,2522768302.60,,,,10.16,10.44,10.10,9.72,9.60,10.06,10.89,1993-10-18,2018-04-27
2011-12-02,600680,*ST上普,电子元件,9.71,10.05,9.6,9.95,9.6,2386838,23749038.10,0.9272,,,否,,,,,,否,382225337,257425337,3803142103.15,2561382103.15,,,,10.04,10.37,10.12,9.76,9.60,10.05,10.88,1993-10-18,2018-04-27
2011-12-05,600680,*ST上普,电子元件,9.97,10.48,9.6,10.22,9.6,3595469,36745693.18,1.3967,,,否,,,,,,否,382225337,257425337,3906342944.14,2630886944.14,,,,10.01,10.32,10.16,9.82,9.61,10.04,10.87,1993-10-18,2018-04-27
2011-12-06,600680,*ST上普,电子元件,10.03,10.19,9.67,9.97,9.67,2705293,26971771.21,1.0509,,,否,,,,,,否,382225337,257425337,3810786609.89,2566530609.89,,,,9.92,10.28,10.19,9.87,9.62,10.04,10.86,1993-10-18,2018-04-27
2011-12-07,600680,*ST上普,电子元件,9.96,10.41,9.68,10.37,9.68,2656652,27549481.24,1.0320,,,否,,,,,,否,382225337,257425337,3963676744.69,2669500744.69,,,,10.06,10.23,10.25,9.91,9.63,10.04,10.85,1993-10-18,2018-04-27
2011-12-08,600680,*ST上普,电子元件,10.23,10.72,10.08,10.32,10.08,3314514,34205784.48,1.2876,,,否,,,,,,否,382225337,257425337,3944565477.84,2656629477.84,,,,10.17,10.16,10.30,9.95,9.63,10.04,10.84,1993-10-18,2018-04-27
2011-12-09,600680,*ST上普,电子元件,10.22,10.52,10.05,10.14,10.05,1915788,19426090.32,0.7442,,,否,,,,,,否,382225337,257425337,3875764917.18,2610292917.18,,,,10.20,10.12,10.35,9.99,9.63,10.04,10.83,1993-10-18,2018-04-27
2011-12-12,600680,*ST上普,电子元件,10.07,11.16,9.97,10.92,9.97,8456339,92343221.88,3.2850,,,否,,,,,,否,382225337,257425337,4173900680.04,2811084680.04,,,,10.34,10.18,10.43,10.05,9.65,10.04,10.82,1993-10-18,2018-04-27
2011-12-13,600680,*ST上普,电子元件,10.57,10.77,10.43,10.67,10.43,4990716,53250939.72,1.9387,,,否,,,,,,否,382225337,257425337,4078344345.79,2746728345.79,,,,10.48,10.20,10.46,10.10,9.67,10.05,10.81,1993-10-18,2018-04-27
2011-12-14,600680,*ST上普,电子元件,10.49,10.69,10.23,10.3,10.23,4909318,50565975.40,1.9071,,,否,,,,,,否,382225337,257425337,3936920971.10,2651480971.10,,,,10.47,10.27,10.41,10.14,9.68,10.05,10.80,1993-10-18,2018-04-27
2011-12-15,600680,*ST上普,电子元件,9.98,10.12,9.27,9.27,9.27,3964825,36753927.75,1.5402,,,否,,,,,,否,382225337,257425337,3543228873.99,2386332873.99,,,,10.26,10.21,10.33,10.14,9.67,10.04,10.78,1993-10-18,2018-04-27
2011-12-16,600680,*ST上普,电子元件,8.96,9.46,8.77,9.42,8.77,2531241,23844290.22,0.9833,,,否,,,,,,否,382225337,257425337,3600562674.54,2424946674.54,,,,10.12,10.16,10.26,10.14,9.67,10.03,10.77,1993-10-18,2018-04-27
2011-12-19,600680,*ST上普,电子元件,9.18,9.51,9.05,9.36,9.05,1733197,16222723.92,0.6733,,,否,,,,,,否,382225337,257425337,3577629154.32,2409501154.32,,,,9.80,10.07,10.20,10.13,9.66,10.02,10.76,1993-10-18,2018-04-27
2011-12-20,600680,*ST上普,电子元件,9.42,9.83,9.35,9.36,9.35,2251992,21078645.12,0.8748,,,否,,,,,,否,382225337,257425337,3577629154.32,2409501154.32,,,,9.54,10.01,10.14,10.13,9.66,10.01,10.75,1993-10-18,2018-04-27
2011-12-21,600680,*ST上普,电子元件,9.41,9.46,8.87,8.91,8.87,1908920,17008477.20,0.7415,,,否,,,,,,否,382225337,257425337,3405627752.67,2293659752.67,,,,9.26,9.87,10.05,10.12,9.65,10.00,10.74,1993-10-18,2018-04-27
2011-12-22,600680,*ST上普,电子元件,8.73,8.86,8.46,8.67,8.46,1825113,15823729.71,0.7090,,,否,,,,,,否,382225337,257425337,3313893671.79,2231877671.79,,,,9.14,9.70,9.93,10.10,9.63,9.98,10.72,1993-10-18,2018-04-27
2011-12-23,600680,*ST上普,电子元件,8.67,9.05,8.56,8.9,8.56,1780641,15847704.90,0.6917,,,否,,,,,,否,382225337,257425337,3401805499.30,2291085499.30,,,,9.04,9.58,9.85,10.09,9.62,9.97,10.70,1993-10-18,2018-04-27
2011-12-26,600680,*ST上普,电子元件,8.84,9.05,8.75,8.76,8.75,1135296,9945192.96,0.4410,,,否,,,,,,否,382225337,257425337,3348293952.12,2255045952.12,,,,8.92,9.36,9.77,10.08,9.60,9.96,10.69,1993-10-18,2018-04-27
2011-12-27,600680,*ST上普,电子元件,8.61,8.72,8.23,8.45,8.23,1624923,13730599.35,0.6312,,,否,,,,,,否,382225337,257425337,3229804097.65,2175244097.65,,,,8.74,9.14,9.67,10.02,9.58,9.94,10.67,1993-10-18,2018-04-27
2011-12-28,600680,*ST上普,电子元件,8.33,8.61,8.18,8.4,8.18,970599,8153031.60,0.3770,,,否,,,,,,否,382225337,257425337,3210692830.80,2162372830.80,,,,8.64,8.95,9.61,9.93,9.56,9.91,10.65,1993-10-18,2018-04-27
2011-12-29,600680,*ST上普,电子元件,8.34,8.46,8.17,8.21,8.17,1281660,10522428.60,0.4979,,,否,,,,,,否,382225337,257425337,3138070016.77,2113462016.77,,,,8.54,8.84,9.53,9.83,9.54,9.89,10.64,1993-10-18,2018-04-27
2011-12-30,600680,*ST上普,电子元件,8.22,8.59,8.22,8.51,8.22,1024966,8722460.66,0.3982,,,否,,,,,,否,382225337,257425337,3252737617.87,2190689617.87,,,,8.47,8.75,9.46,9.76,9.53,9.87,10.62,1993-10-18,2018-04-27
2012-01-04,600680,*ST上普,电子元件,8.48,8.53,8.28,8.45,8.28,1199853,10138757.85,0.4661,,,否,,,,,,否,382225337,257425337,3229804097.65,2175244097.65,,,,8.40,8.66,9.37,9.69,9.52,9.85,10.60,1993-10-18,2018-04-27
2012-01-05,600680,*ST上普,电子元件,8.38,8.38,7.6,7.6,7.6,1733610,13175436.00,0.6734,,,否,,,,,,否,382225337,257425337,2904912561.20,1956432561.20,,,,8.23,8.49,9.25,9.59,9.50,9.82,10.58,1993-10-18,2018-04-27
2012-01-06,600680,*ST上普,电子元件,7.6,7.6,6.98,7.3,6.98,1981485,14464840.50,0.7697,,,否,,,,,,否,382225337,257425337,2790244960.10,1879204960.10,,,,8.01,8.33,9.10,9.48,9.48,9.79,10.56,1993-10-18,2018-04-27
2012-01-09,600680,*ST上普,电子元件,7.28,7.57,7.15,7.55,7.15,2285216,17253380.80,0.8877,,,否,,,,,,否,382225337,257425337,2885801294.35,1943561294.35,,,,7.88,8.21,8.96,9.36,9.45,9.76,10.55,1993-10-18,2018-04-27
2012-01-10,600680,*ST上普,电子元件,7.57,8.01,7.43,7.92,7.43,2182465,17285122.80,0.8478,,,否,,,,,,否,382225337,257425337,3027224669.04,2038808669.04,,,,7.76,8.12,8.85,9.27,9.43,9.74,10.53,1993-10-18,2018-04-27
2012-01-11,600680,*ST上普,电子元件,7.99,8.7,7.99,8.36,7.99,5002622,41821919.92,1.9433,,,否,,,,,,否,382225337,257425337,3195403817.32,2152075817.32,,,,7.75,8.08,8.72,9.21,9.41,9.71,10.52,1993-10-18,2018-04-27
2012-01-12,600680,*ST上普,电子元件,8.2,8.27,8.11,8.18,8.11,2478648,20275340.64,0.9629,,,否,,,,,,否,382225337,257425337,3126603256.66,2105739256.66,,,,7.86,8.05,8.59,9.13,9.40,9.69,10.51,1993-10-18,2018-04-27
2012-01-13,600680,*ST上普,电子元件,8.17,8.24,7.5,7.61,7.5,2627988,19998988.68,1.0209,,,否,,,,,,否,382225337,257425337,2908734814.57,1959006814.57,,,,7.92,7.97,8.46,9.06,9.38,9.66,10.49,1993-10-18,2018-04-27
2012-01-16,600680,*ST上普,电子元件,7.38,7.7,7.3,7.47,7.3,781366,5836804.02,0.3035,,,否,,,,,,否,382225337,257425337,2855223267.39,1922967267.39,,,,7.91,7.90,8.37,8.98,9.35,9.63,10.48,1993-10-18,2018-04-27
2012-01-17,600680,*ST上普,电子元件,7.48,8.02,7.46,7.94,7.46,2198324,17454692.56,0.8540,,,否,,,,,,否,382225337,257425337,3034869175.78,2043957175.78,,,,7.91,7.84,8.30,8.92,9.34,9.60,10.46,1993-10-18,2018-04-27
2012-01-18,600680,*ST上普,电子元件,7.99,8.14,7.62,7.69,7.62,1540597,11847190.93,0.5985,,,否,,,,,,否,382225337,257425337,2939312841.53,1979600841.53,,,,7.78,7.76,8.21,8.83,9.33,9.57,10.45,1993-10-18,2018-04-27
2012-01-19,600680,*ST上普,电子元件,7.71,7.83,7.51,7.74,7.51,1001980,7755325.20,0.3892,,,否,,,,,,否,382225337,257425337,2958424108.38,1992472108.38,,,,7.69,7.78,8.13,8.76,9.31,9.55,10.43,1993-10-18,2018-04-27
2012-01-20,600680,*ST上普,电子元件,7.8,7.91,7.75,7.79,7.75,844444,6578218.76,0.3280,,,否,,,,,,否,382225337,257425337,2977535375.23,2005343375.23,,,,7.73,7.83,8.08,8.67,9.29,9.52,10.42,1993-10-18,2018-04-27
2012-01-30,600680,*ST上普,电子元件,7.93,7.93,7.7,7.74,7.7,954973,7391491.02,0.3710,,,否,,,,,,否,382225337,257425337,2958424108.38,1992472108.38,,,,7.78,7.84,8.03,8.59,9.27,9.50,10.40,1993-10-18,2018-04-27
2012-01-31,600680,*ST上普,电子元件,7.74,7.83,7.59,7.78,7.59,814675,6338171.50,0.3165,,,否,,,,,,否,382225337,257425337,2973713121.86,2002769121.86,,,,7.75,7.83,7.97,8.51,9.25,9.48,10.39,1993-10-18,2018-04-27
2012-02-01,600680,*ST上普,电子元件,7.78,8.06,7.69,7.8,7.69,1556532,12140949.60,0.6047,,,否,,,,,,否,382225337,257425337,2981357628.60,2007917628.60,,,,7.77,7.77,7.92,8.40,9.23,9.45,10.37,1993-10-18,2018-04-27
2012-02-02,600680,*ST上普,电子元件,7.76,7.98,7.69,7.97,7.69,1003204,7995535.88,0.3897,,,否,,,,,,否,382225337,257425337,3046335935.89,2051679935.89,,,,7.82,7.75,7.90,8.31,9.21,9.43,10.36,1993-10-18,2018-04-27
2012-02-03,600680,*ST上普,电子元件,7.95,8.17,7.89,8.12,7.89,1752267,14228408.04,0.6807,,,否,,,,,,否,382225337,257425337,3103669736.44,2090293736.44,,,,7.88,7.80,7.89,8.24,9.19,9.41,10.35,1993-10-18,2018-04-27
2012-02-06,600680,*ST上普,电子元件,8.12,8.18,8.03,8.1,8.03,1217386,9860826.60,0.4729,,,否,,,,,,否,382225337,257425337,3096025229.70,2085145229.70,,,,7.95,7.87,7.88,8.20,9.17,9.40,10.34,1993-10-18,2018-04-27
2012-02-07,600680,*ST上普,电子元件,8.1,8.1,7.91,8.0,7.91,1050615,8404920.00,0.4081,,,否,,,,,,否,382225337,257425337,3057802696.00,2059402696.00,,,,8.00,7.87,7.86,8.15,9.15,9.38,10.33,1993-10-18,2018-04-27
2012-02-08,600680,*ST上普,电子元件,7.98,8.4,7.97,8.24,7.97,2621612,21602082.88,1.0184,,,否,,,,,,否,382225337,257425337,3149536776.88,2121184776.88,,,,8.09,7.93,7.85,8.12,9.13,9.36,10.32,1993-10-18,2018-04-27
2012-02-09,600680,*ST上普,电子元件,8.23,8.39,8.13,8.33,8.13,2574670,21447001.10,1.0002,,,否,,,,,,否,382225337,257425337,3183937057.21,2144353057.21,,,,8.16,7.99,7.88,8.08,9.11,9.34,10.31,1993-10-18,2018-04-27
2012-02-10,600680,*ST上普,电子元件,8.3,8.45,8.2,8.41,8.2,1778325,14955713.25,0.6908,,,否,,,,,,否,382225337,257425337,3214515084.17,2164947084.17,,,,8.22,8.05,7.94,8.07,9.09,9.34,10.31,1993-10-18,2018-04-27
2012-02-13,600680,*ST上普,电子元件,8.35,8.48,8.24,8.42,8.24,1655238,13937103.96,0.6430,,,否,,,,,,否,382225337,257425337,3218337337.54,2167521337.54,,,,8.28,8.12,7.98,8.06,9.08,9.33,10.30,1993-10-18,2018-04-27
2012-02-14,600680,*ST上普,电子元件,8.41,8.53,8.36,8.4,8.36,1373114,11534157.60,0.5334,,,否,,,,,,否,382225337,257425337,3210692830.80,2162372830.80,,,,8.36,8.18,8.00,8.04,9.07,9.32,10.29,1993-10-18,2018-04-27
2012-02-15,600680,*ST上普,电子元件,8.35,8.93,8.35,8.6,8.35,3277051,28182638.60,1.2730,,,否,,,,,,否,382225337,257425337,3287137898.20,2213857898.20,,,,8.43,8.26,8.02,8.04,9.06,9.30,10.28,1993-10-18,2018-04-27
2012-02-16,600680,*ST上普,电子元件,8.57,8.79,8.48,8.59,8.48,2262447,19434419.73,0.8789,,,否,,,,,,否,382225337,257425337,3283315644.83,2211283644.83,,,,8.48,8.32,8.04,8.04,9.03,9.29,10.27,1993-10-18,2018-04-27
2012-02-17,600680,*ST上普,电子元件,8.62,8.77,8.53,8.62,8.53,1273476,10977363.12,0.4947,,,否,,,,,,否,382225337,257425337,3294782404.94,2219006404.94,,,,8.53,8.37,8.09,8.05,8.99,9.27,10.27,1993-10-18,2018-04-27
2012-02-20,600680,*ST上普,电子元件,8.67,8.87,8.62,8.63,8.62,1543427,13319775.01,0.5996,,,否,,,,,,否,382225337,257425337,3298604658.31,2221580658.31,,,,8.57,8.42,8.15,8.06,8.95,9.25,10.26,1993-10-18,2018-04-27
2012-02-21,600680,*ST上普,电子元件,8.63,8.74,8.49,8.72,8.49,1386520,12090454.40,0.5386,,,否,,,,,,否,382225337,257425337,3333004938.64,2244748938.64,,,,8.63,8.50,8.18,8.07,8.91,9.24,10.25,1993-10-18,2018-04-27
2012-02-22,600680,*ST上普,电子元件,8.72,9.08,8.72,9.02,8.72,4398649,39675813.98,1.7087,,,否,,,,,,否,382225337,257425337,3447672539.74,2321976539.74,,,,8.72,8.57,8.25,8.09,8.89,9.23,10.24,1993-10-18,2018-04-27
2012-02-23,600680,*ST上普,电子元件,9.0,9.05,8.8,8.92,8.8,2012704,17953319.68,0.7819,,,否,,,,,,否,382225337,257425337,3409450006.04,2296234006.04,,,,8.78,8.63,8.31,8.13,8.86,9.22,10.24,1993-10-18,2018-04-27
2012-02-24,600680,*ST上普,电子元件,9.07,9.13,8.91,9.06,8.91,2275073,20612161.38,0.8838,,,否,,,,,,否,382225337,257425337,3462961553.22,2332273553.22,,,,8.87,8.70,8.37,8.19,8.83,9.21,10.23,1993-10-18,2018-04-27
2012-02-27,600680,*ST上普,电子元件,9.12,9.19,8.98,9.07,8.98,2524066,22893278.62,0.9805,,,否,,,,,,否,382225337,257425337,3466783806.59,2334847806.59,,,,8.96,8.76,8.44,8.24,8.80,9.20,10.21,1993-10-18,2018-04-27
2012-02-28,600680,*ST上普,电子元件,9.06,9.17,8.92,9.14,8.92,2400986,21945012.04,0.9327,,,否,,,,,,否,382225337,257425337,3493539580.18,2352867580.18,,,,9.04,8.84,8.51,8.28,8.78,9.19,10.20,1993-10-18,2018-04-27
2012-02-29,600680,*ST上普,电子元件,9.08,9.17,8.94,8.98,8.94,1767418,15871413.64,0.6866,,,否,,,,,,否,382225337,257425337,3432383526.26,2311679526.26,,,,9.03,8.88,8.57,8.30,8.75,9.18,10.18,1993-10-18,2018-04-27
2012-03-01,600680,*ST上普,电子元件,8.97,9.2,8.9,9.12,8.9,1221128,11136687.36,0.4744,,,否,,,,,,否,382225337,257425337,3485895073.44,2347719073.44,,,,9.07,8.93,8.62,8.33,8.73,9.17,10.17,1993-10-18,2018-04-27
2012-03-02,600680,*ST上普,电子元件,9.12,9.36,9.09,9.27,9.09,1829049,16955284.23,0.7105,,,否,,,,,,否,382225337,257425337,3543228873.99,2386332873.99,,,,9.12,8.99,8.68,8.39,8.73,9.17,10.16,1993-10-18,2018-04-27
2012-03-05,600680,*ST上普,电子元件,9.25,9.82,9.15,9.69,9.15,2694619,26110858.11,1.0468,,,否,,,,,,否,382225337,257425337,3703763515.53,2494451515.53,,,,9.24,9.10,8.76,8.46,8.72,9.16,10.15,1993-10-18,2018-04-27
2012-03-06,600680,*ST上普,电子元件,9.58,9.69,9.46,9.56,9.46,1740054,16634916.24,0.6759,,,否,,,,,,否,382225337,257425337,3654074221.72,2460986221.72,,,,9.32,9.18,8.84,8.52,8.72,9.16,10.14,1993-10-18,2018-04-27
2012-03-07,600680,*ST上普,电子元件,9.44,9.61,9.38,9.58,9.38,1001779,9597042.82,0.3892,,,否,,,,,,否,382225337,257425337,3661718728.46,2466134728.46,,,,9.44,9.24,8.91,8.58,8.71,9.16,10.13,1993-10-18,2018-04-27
2012-03-08,600680,*ST上普,电子元件,9.62,9.74,9.56,9.66,9.56,722032,6974829.12,0.2805,,,否,,,,,,否,382225337,257425337,3692296755.42,2486728755.42,,,,9.55,9.31,8.97,8.64,8.70,9.16,10.12,1993-10-18,2018-04-27
2012-03-09,600680,*ST上普,电子元件,9.6,9.85,9.6,9.76,9.6,831701,8117401.76,0.3231,,,否,,,,,,否,382225337,257425337,3730519289.12,2512471289.12,,,,9.65,9.38,9.04,8.71,8.69,9.16,10.11,1993-10-18,2018-04-27
2012-03-12,600680,*ST上普,电子元件,9.76,9.97,9.58,9.95,9.58,1030950,10257952.50,0.4005,,,否,,,,,,否,382225337,257425337,3803142103.15,2561382103.15,,,,9.70,9.47,9.12,8.78,8.69,9.16,10.10,1993-10-18,2018-04-27
2012-03-13,600680,*ST上普,电子元件,9.95,10.23,9.91,10.21,9.91,1866407,19056015.47,0.7250,,,否,,,,,,否,382225337,257425337,3902520690.77,2628312690.77,,,,9.83,9.58,9.21,8.86,8.69,9.16,10.09,1993-10-18,2018-04-27
2012-03-14,600680,*ST上普,电子元件,10.21,10.34,9.47,9.74,9.47,2497870,24329253.80,0.9703,,,否,,,,,,否,382225337,257425337,3722874782.38,2507322782.38,,,,9.86,9.65,9.26,8.93,8.67,9.16,10.08,1993-10-18,2018-04-27
2012-03-15,600680,*ST上普,电子元件,9.67,10.07,9.67,9.83,9.67,1553758,15273441.14,0.6036,,,否,,,,,,否,382225337,257425337,3757275062.71,2530491062.71,,,,9.90,9.73,9.33,8.99,8.65,9.16,10.07,1993-10-18,2018-04-27
2012-03-16,600680,*ST上普,电子元件,9.83,10.12,9.83,10.08,9.83,1110882,11197690.56,0.4315,,,否,,,,,,否,382225337,257425337,3852831396.96,2594847396.96,,,,9.96,9.81,9.40,9.06,8.65,9.17,10.07,1993-10-18,2018-04-27
2012-03-19,600680,*ST上普,电子元件,10.25,10.93,10.0,10.57,10.0,2437282,25762070.74,0.9468,,,否,,,,,,否,382225337,257425337,4040121812.09,2720985812.09,,,,10.09,9.89,9.50,9.14,8.67,9.17,10.06,1993-10-18,2018-04-27
2012-03-20,600680,*ST上普,电子元件,10.27,10.51,10.09,10.14,10.09,1706217,17301040.38,0.6628,,,否,,,,,,否,382225337,257425337,3875764917.18,2610292917.18,,,,10.07,9.95,9.57,9.21,8.68,9.18,10.05,1993-10-18,2018-04-27
2012-03-21,600680,*ST上普,电子元件,10.14,10.31,9.97,10.22,9.97,1210614,12372475.08,0.4703,,,否,,,,,,否,382225337,257425337,3906342944.14,2630886944.14,,,,10.17,10.02,9.63,9.28,8.70,9.18,10.04,1993-10-18,2018-04-27
2012-03-22,600680,*ST上普,电子元件,10.08,10.27,9.93,9.96,9.93,1007773,10037419.08,0.3915,,,否,,,,,,否,382225337,257425337,3806964356.52,2563956356.52,,,,10.19,10.05,9.68,9.33,8.71,9.18,10.03,1993-10-18,2018-04-27
2012-03-23,600680,*ST上普,电子元件,9.92,10.05,9.66,10.02,9.66,1367933,13706688.66,0.5314,,,否,,,,,,否,382225337,257425337,3829897876.74,2579401876.74,,,,10.18,10.07,9.73,9.38,8.73,9.19,10.03,1993-10-18,2018-04-27
2012-03-26,600680,*ST上普,电子元件,10.05,10.25,9.95,10.11,9.95,1163531,11763298.41,0.4520,,,否,,,,,,否,382225337,257425337,3864298157.07,2602570157.07,,,,10.09,10.09,9.78,9.44,8.75,9.19,10.02,1993-10-18,2018-04-27
2012-03-27,600680,*ST上普,电子元件,10.14,10.35,10.11,10.3,10.11,1565031,16119819.30,0.6080,,,否,,,,,,否,382225337,257425337,3936920971.10,2651480971.10,,,,10.12,10.10,9.84,9.50,8.77,9.20,10.01,1993-10-18,2018-04-27
2012-03-28,600680,*ST上普,电子元件,10.27,10.36,9.68,10.05,9.68,1632016,16401760.80,0.6340,,,否,,,,,,否,382225337,257425337,3841364636.85,2587124636.85,,,,10.09,10.13,9.89,9.55,8.79,9.20,10.00,1993-10-18,2018-04-27
2012-03-29,600680,*ST上普,电子元件,9.93,10.02,9.59,9.77,9.59,1214877,11869348.29,0.4719,,,否,,,,,,否,382225337,257425337,3734341542.49,2515045542.49,,,,10.05,10.12,9.92,9.59,8.82,9.20,10.00,1993-10-18,2018-04-27
2012-03-30,600680,*ST上普,电子元件,9.77,9.97,9.59,9.61,9.59,776884,7465855.24,0.3018,,,否,,,,,,否,382225337,257425337,3673185488.57,2473857488.57,,,,9.97,10.08,9.94,9.62,8.84,9.20,9.99,1993-10-18,2018-04-27
2012-04-05,600680,*ST上普,电子元件,9.74,9.79,9.39,9.74,9.39,880033,8571521.42,0.3419,,,否,,,,,,否,382225337,257425337,3722874782.38,2507322782.38,,,,9.89,9.99,9.94,9.66,8.86,9.20,9.98,1993-10-18,2018-04-27
2012-04-06,600680,*ST上普,电子元件,9.67,10.37,9.67,10.05,9.67,1048366,10536078.30,0.4073,,,否,,,,,,否,382225337,257425337,3841364636.85,2587124636.85,,,,9.84,9.98,9.97,9.71,8.89,9.21,9.97,1993-10-18,2018-04-27
2012-04-09,600680,*ST上普,电子元件,9.97,10.17,9.8,10.13,9.8,654243,6627481.59,0.2541,,,否,,,,,,否,382225337,257425337,3871942663.81,2607718663.81,,,,9.86,9.97,10.00,9.74,8.92,9.22,9.96,1993-10-18,2018-04-27
2012-04-10,600680,*ST上普,电子元件,10.03,10.51,9.86,10.47,9.86,1414700,14811909.00,0.5496,,,否,,,,,,否,382225337,257425337,4001899278.39,2695243278.39,,,,10.00,10.03,10.04,9.79,8.96,9.23,9.96,1993-10-18,2018-04-27
2012-04-11,600680,*ST上普,电子元件,10.17,10.66,10.17,10.34,10.17,1482710,15331221.40,0.5760,,,否,,,,,,否,382225337,257425337,3952209984.58,2661777984.58,,,,10.15,10.06,10.06,9.84,9.01,9.25,9.95,1993-10-18,2018-04-27
2012-04-12,600680,*ST上普,电子元件,10.41,10.54,10.27,10.41,10.27,1283819,13364555.79,0.4987,,,否,,,,,,否,382225337,257425337,3978965758.17,2679797758.17,,,,10.28,10.09,10.09,9.88,9.06,9.26,9.95,1993-10-18,2018-04-27
2012-04-13,600680,*ST上普,电子元件,10.45,10.51,10.29,10.3,10.29,1209032,12453029.60,0.4697,,,否,,,,,,否,382225337,257425337,3936920971.10,2651480971.10,,,,10.33,10.09,10.09,9.92,9.10,9.26,9.94,1993-10-18,2018-04-27
2012-04-16,600680,*ST上普,电子元件,10.18,10.62,10.12,10.51,10.12,1408316,14801401.16,0.5471,,,否,,,,,,否,382225337,257425337,4017188291.87,2705540291.87,,,,10.41,10.13,10.13,9.97,9.14,9.28,9.93,1993-10-18,2018-04-27
2012-04-17,600680,*ST上普,电子元件,10.6,10.65,10.32,10.46,10.32,2126612,22244361.52,0.8261,,,否,,,,,,否,382225337,257425337,3998077025.02,2692669025.02,,,,10.40,10.20,10.16,10.02,9.18,9.29,9.92,1993-10-18,2018-04-27
2012-04-18,600680,*ST上普,电子元件,10.46,10.84,10.32,10.81,10.32,3641501,39364625.81,1.4146,,,否,,,,,,否,382225337,257425337,4131855892.97,2782767892.97,,,,10.50,10.32,10.20,10.07,9.23,9.30,9.91,1993-10-18,2018-04-27
2012-04-19,600680,*ST上普,电子元件,10.82,11.56,10.47,10.48,10.47,4838510,50707584.80,1.8796,,,否,,,,,,否,382225337,257425337,4005721531.76,2697817531.76,,,,10.51,10.40,10.19,10.09,9.28,9.31,9.90,1993-10-18,2018-04-27
2012-04-20,600680,*ST上普,电子元件,10.31,10.48,10.22,10.3,10.22,2241717,23089685.10,0.8708,,,否,,,,,,否,382225337,257425337,3936920971.10,2651480971.10,,,,10.51,10.42,10.20,10.12,9.32,9.33,9.89,1993-10-18,2018-04-27
2012-04-23,600680,*ST上普,电子元件,10.3,10.45,10.07,10.14,10.07,1102836,11182757.04,0.4284,,,否,,,,,,否,382225337,257425337,3875764917.18,2610292917.18,,,,10.44,10.42,10.20,10.14,9.36,9.34,9.89,1993-10-18,2018-04-27
2012-04-24,600680,*ST上普,电子元件,10.12,10.29,9.77,10.08,9.77,955697,9633425.76,0.3713,,,否,,,,,,否,382225337,257425337,3852831396.96,2594847396.96,,,,10.36,10.38,10.20,10.15,9.40,9.35,9.88,1993-10-18,2018-04-27
2012-04-25,600680,*ST上普,电子元件,10.05,10.07,9.65,9.99,9.65,2561681,25591193.19,0.9951,,,否,,,,,,否,382225337,257425337,3818431116.63,2571679116.63,,,,10.20,10.35,10.20,10.16,9.43,9.36,9.87,1993-10-18,2018-04-27
2012-04-26,600680,*ST上普,电子元件,9.99,10.05,9.82,9.84,9.82,876821,8627918.64,0.3406,,,否,,,,,,否,382225337,257425337,3761097316.08,2533065316.08,,,,10.07,10.29,10.19,10.16,9.47,9.37,9.86,1993-10-18,2018-04-27
2012-04-27,600680,*ST上普,电子元件,9.85,9.9,9.66,9.74,9.66,1210379,11789091.46,0.4702,,,否,,,,,,否,382225337,257425337,3722874782.38,2507322782.38,,,,9.96,10.24,10.16,10.14,9.50,9.38,9.85,1993-10-18,2018-04-27
2012-05-02,600680,*ST上普,电子元件,9.8,10.05,9.8,9.97,9.8,1319521,13155624.37,0.5126,,,否,,,,,,否,382225337,257425337,3810786609.89,2566530609.89,,,,9.92,10.18,10.16,10.15,9.54,9.38,9.84,1993-10-18,2018-04-27
2012-05-03,600680,*ST上普,电子元件,9.92,10.33,9.92,10.17,9.92,1184516,12046527.72,0.4601,,,否,,,,,,否,382225337,257425337,3887231677.29,2618015677.29,,,,9.94,10.15,10.18,10.16,9.58,9.39,9.84,1993-10-18,2018-04-27
2012-05-04,600680,*ST上普,电子元件,10.25,10.25,9.97,10.06,9.97,973519,9793601.14,0.3782,,,否,,,,,,否,382225337,257425337,3845186890.22,2589698890.22,,,,9.96,10.08,10.20,10.16,9.61,9.40,9.83,1993-10-18,2018-04-27
2012-05-07,600680,*ST上普,电子元件,9.97,10.16,9.92,10.12,9.92,525514,5318201.68,0.2041,,,否,,,,,,否,382225337,257425337,3868120410.44,2605144410.44,,,,10.01,10.04,10.22,10.14,9.64,9.40,9.82,1993-10-18,2018-04-27
2012-05-08,600680,*ST上普,电子元件,10.14,10.21,10.05,10.16,10.05,688212,6992233.92,0.2673,,,否,,,,,,否,382225337,257425337,3883409423.92,2615441423.92,,,,10.10,10.03,10.22,10.14,9.68,9.41,9.82,1993-10-18,2018-04-27
2012-05-09,600680,*ST上普,电子元件,10.05,10.08,9.89,9.9,9.89,646153,6396914.70,0.2510,,,否,,,,,,否,382225337,257425337,3784030836.30,2548510836.30,,,,10.08,10.00,10.21,10.13,9.70,9.42,9.81,1993-10-18,2018-04-27
2012-05-10,600680,*ST上普,电子元件,9.95,10.02,9.89,9.98,9.89,559678,5585586.44,0.2174,,,否,,,,,,否,382225337,257425337,3814608863.26,2569104863.26,,,,10.04,9.99,10.19,10.13,9.73,9.42,9.81,1993-10-18,2018-04-27
2012-05-11,600680,*ST上普,电子元件,9.96,10.05,9.96,9.97,9.96,344220,3431873.40,0.1337,,,否,,,,,,否,382225337,257425337,3810786609.89,2566530609.89,,,,10.03,9.99,10.17,10.13,9.76,9.43,9.80,1993-10-18,2018-04-27
2012-05-14,600680,*ST上普,电子元件,10.02,10.34,9.99,10.18,9.99,1307153,13306817.54,0.5078,,,否,,,,,,否,382225337,257425337,3891053930.66,2620589930.66,,,,10.04,10.03,10.16,10.13,9.79,9.43,9.80,1993-10-18,2018-04-27
2012-05-15,600680,*ST上普,电子元件,10.12,10.35,10.05,10.34,10.05,1293226,13371956.84,0.5024,,,否,,,,,,否,382225337,257425337,3952209984.58,2661777984.58,,,,10.07,10.09,10.16,10.14,9.82,9.44,9.80,1993-10-18,2018-04-27
2012-05-16,600680,*ST上普,电子元件,10.37,10.72,10.27,10.58,10.27,2627344,27797299.52,1.0206,,,否,,,,,,否,382225337,257425337,4043944065.46,2723560065.46,,,,10.21,10.15,10.16,10.15,9.85,9.45,9.80,1993-10-18,2018-04-27
2012-05-17,600680,*ST上普,电子元件,10.61,10.95,10.46,10.82,10.46,2341070,25330377.40,0.9094,,,否,,,,,,否,382225337,257425337,4135678146.34,2785342146.34,,,,10.38,10.21,10.18,10.19,9.89,9.46,9.80,1993-10-18,2018-04-27
2012-05-18,600680,*ST上普,电子元件,10.57,10.93,10.57,10.83,10.57,1493842,16178308.86,0.5803,,,否,,,,,,否,382225337,257425337,4139500399.71,2787916399.71,,,,10.55,10.29,10.18,10.23,9.93,9.46,9.80,1993-10-18,2018-04-27
2012-05-21,600680,*ST上普,电子元件,10.67,10.85,10.44,10.6,10.44,1351495,14325847.00,0.5250,,,否,,,,,,否,382225337,257425337,4051588572.20,2728708572.20,,,,10.63,10.34,10.19,10.26,9.96,9.45,9.80,1993-10-18,2018-04-27
2012-05-22,600680,*ST上普,电子元件,10.58,10.7,10.44,10.65,10.44,798057,8499307.05,0.3100,,,否,,,,,,否,382225337,257425337,4070699839.05,2741579839.05,,,,10.70,10.39,10.21,10.28,9.99,9.45,9.79,1993-10-18,2018-04-27
2012-05-23,600680,*ST上普,电子元件,10.65,10.72,10.43,10.67,10.43,718915,7670823.05,0.2793,,,否,,,,,,否,382225337,257425337,4078344345.79,2746728345.79,,,,10.71,10.46,10.23,10.30,10.02,9.45,9.79,1993-10-18,2018-04-27
2012-05-24,600680,*ST上普,电子元件,10.57,10.81,10.57,10.66,10.57,667886,7119664.76,0.2594,,,否,,,,,,否,382225337,257425337,4074522092.42,2744154092.42,,,,10.68,10.53,10.26,10.30,10.05,9.46,9.79,1993-10-18,2018-04-27
2012-05-25,600680,*ST上普,电子元件,10.65,10.81,10.52,10.64,10.52,746904,7947058.56,0.2901,,,否,,,,,,否,382225337,257425337,4066877585.68,2739005585.68,,,,10.64,10.60,10.29,10.31,10.07,9.45,9.79,1993-10-18,2018-04-27
2012-05-28,600680,*ST上普,电子元件,10.6,10.8,10.19,10.67,10.19,1116374,11911710.58,0.4337,,,否,,,,,,否,382225337,257425337,4078344345.79,2746728345.79,,,,10.66,10.65,10.34,10.32,10.10,9.45,9.79,1993-10-18,2018-04-27
2012-05-29,600680,*ST上普,电子元件,10.77,10.86,10.65,10.84,10.65,1536658,16657372.72,0.5969,,,否,,,,,,否,382225337,257425337,4143322653.08,2790490653.08,,,,10.70,10.70,10.39,10.34,10.13,9.45,9.79,1993-10-18,2018-04-27
2012-05-30,600680,*ST上普,电子元件,10.74,11.05,10.74,10.92,10.74,1089256,11894675.52,0.4231,,,否,,,,,,否,382225337,257425337,4173900680.04,2811084680.04,,,,10.75,10.73,10.44,10.35,10.16,9.46,9.79,1993-10-18,2018-04-27
2012-05-31,600680,*ST上普,电子元件,10.85,11.02,10.77,10.87,10.77,653881,7107686.47,0.2540,,,否,,,,,,否,382225337,257425337,4154789413.19,2798213413.19,,,,10.79,10.74,10.47,10.37,10.19,9.46,9.79,1993-10-18,2018-04-27
2012-06-01,600680,*ST上普,电子元件,10.83,10.89,10.62,10.76,10.62,798524,8592118.24,0.3102,,,否,,,,,,否,382225337,257425337,4112744626.12,2769896626.12,,,,10.81,10.73,10.51,10.36,10.22,9.47,9.79,1993-10-18,2018-04-27
2012-06-04,600680,*ST上普,电子元件,10.73,10.73,10.39,10.49,10.39,803156,8425106.44,0.3120,,,否,,,,,,否,382225337,257425337,4009543785.13,2700391785.13,,,,10.78,10.72,10.53,10.36,10.23,9.48,9.78,1993-10-18,2018-04-27
2012-06-05,600680,*ST上普,电子元件,10.49,10.53,10.4,10.48,10.4,296901,3111522.48,0.1153,,,否,,,,,,否,382225337,257425337,4005721531.76,2697817531.76,,,,10.70,10.70,10.54,10.37,10.24,9.48,9.78,1993-10-18,2018-04-27
2012-06-06,600680,*ST上普,电子元件,10.55,10.68,10.4,10.43,10.4,749000,7812070.00,0.2910,,,否,,,,,,否,382225337,257425337,3986610264.91,2684946264.91,,,,10.61,10.68,10.57,10.38,10.26,9.48,9.79,1993-10-18,2018-04-27
2012-06-07,600680,*ST上普,电子元件,10.46,10.66,10.33,10.41,10.33,261881,2726181.21,0.1017,,,否,,,,,,否,382225337,257425337,3978965758.17,2679797758.17,,,,10.51,10.65,10.59,10.39,10.27,9.49,9.79,1993-10-18,2018-04-27
2012-06-08,600680,*ST上普,电子元件,10.47,10.58,10.37,10.43,10.37,466350,4864030.50,0.1812,,,否,,,,,,否,382225337,257425337,3986610264.91,2684946264.91,,,,10.45,10.63,10.61,10.41,10.28,9.49,9.79,1993-10-18,2018-04-27
2012-06-11,600680,*ST上普,电子元件,10.47,10.59,10.47,10.52,10.47,334262,3516436.24,0.1298,,,否,,,,,,否,382225337,257425337,4021010545.24,2708114545.24,,,,10.45,10.62,10.63,10.43,10.29,9.49,9.79,1993-10-18,2018-04-27
2012-06-12,600680,*ST上普,电子元件,10.52,10.56,10.39,10.48,10.39,295499,3096829.52,0.1148,,,否,,,,,,否,382225337,257425337,4005721531.76,2697817531.76,,,,10.45,10.58,10.64,10.45,10.30,9.49,9.79,1993-10-18,2018-04-27
2012-06-13,600680,*ST上普,电子元件,10.55,10.59,10.43,10.58,10.43,429456,4543644.48,0.1668,,,否,,,,,,否,382225337,257425337,4043944065.46,2723560065.46,,,,10.48,10.55,10.64,10.47,10.31,9.49,9.80,1993-10-18,2018-04-27
2012-06-14,600680,*ST上普,电子元件,10.48,11.05,10.48,10.95,10.48,1816181,19887181.95,0.7055,,,否,,,,,,否,382225337,257425337,4185367440.15,2818807440.15,,,,10.59,10.55,10.64,10.50,10.33,9.49,9.80,1993-10-18,2018-04-27
2012-06-15,600680,*ST上普,电子元件,10.95,11.08,10.85,10.91,10.85,1470108,16038878.28,0.5711,,,否,,,,,,否,382225337,257425337,4170078426.67,2808510426.67,,,,10.69,10.57,10.65,10.53,10.34,9.50,9.80,1993-10-18,2018-04-27
2012-06-18,600680,*ST上普,电子元件,10.96,11.16,10.83,11.16,10.83,1552790,17329136.40,0.6032,,,否,,,,,,否,382225337,257425337,4265634760.92,2872866760.92,,,,10.82,10.64,10.68,10.56,10.35,9.51,9.80,1993-10-18,2018-04-27
2012-06-19,600680,*ST上普,电子元件,11.37,12.11,11.33,11.74,11.33,5827514,68415014.36,2.2638,,,否,,,,,,否,382225337,257425337,4487325456.38,3022173456.38,,,,11.07,10.76,10.73,10.62,10.38,9.53,9.80,1993-10-18,2018-04-27
2012-06-20,600680,*ST上普,电子元件,11.57,12.22,11.53,12.06,11.53,4679541,56435264.46,1.8178,,,否,,,,,,否,382225337,257425337,4609637564.22,3104549564.22,,,,11.36,10.92,10.80,10.69,10.41,9.55,9.81,1993-10-18,2018-04-27
2012-06-21,600680,*ST上普,电子元件,11.82,12.28,11.65,11.88,11.65,3734069,44360739.72,1.4505,,,否,,,,,,否,382225337,257425337,4540837003.56,3058213003.56,,,,11.55,11.07,10.86,10.75,10.44,9.57,9.81,1993-10-18,2018-04-27
2012-06-26,600680,*ST上普,电子元件,11.47,11.56,11.07,11.45,11.07,3367650,38559592.50,1.3082,,,否,,,,,,否,382225337,257425337,4376480108.65,2947520108.65,,,,11.66,11.17,10.90,10.80,10.47,9.60,9.82,1993-10-18,2018-04-27
2012-06-27,600680,*ST上普,电子元件,11.47,11.66,11.32,11.65,11.32,2374434,27662156.10,0.9224,,,否,,,,,,否,382225337,257425337,4452925176.05,2999005176.05,,,,11.76,11.29,10.95,10.85,10.49,9.62,9.83,1993-10-18,2018-04-27
2012-06-28,600680,*ST上普,电子元件,11.78,11.96,11.39,11.54,11.39,2187527,25244061.58,0.8498,,,否,,,,,,否,382225337,257425337,4410880388.98,2970688388.98,,,,11.72,11.39,10.99,10.89,10.51,9.64,9.83,1993-10-18,2018-04-27
2012-06-29,600680,*ST上普,电子元件,11.57,11.77,11.23,11.67,11.23,2569961,29991444.87,0.9983,,,否,,,,,,否,382225337,257425337,4460569682.79,3004153682.79,,,,11.64,11.50,11.02,10.93,10.54,9.67,9.84,1993-10-18,2018-04-27
2012-07-02,600680,*ST上普,电子元件,11.72,12.09,11.57,12.07,11.57,2897750,34975842.50,1.1257,,,否,,,,,,否,382225337,257425337,4613459817.59,3107123817.59,,,,11.68,11.61,11.08,10.97,10.58,9.70,9.84,1993-10-18,2018-04-27
2012-07-03,600680,*ST上普,电子元件,12.11,12.41,11.98,12.38,11.98,2886817,35738794.46,1.1214,,,否,,,,,,否,382225337,257425337,4731949672.06,3186925672.06,,,,11.86,11.76,11.16,11.02,10.62,9.73,9.85,1993-10-18,2018-04-27
2012-07-04,600680,*ST上普,电子元件,12.57,12.86,12.34,12.64,12.34,4143757,52377088.48,1.6097,,,否,,,,,,否,382225337,257425337,4831328259.68,3253856259.68,,,,12.06,11.91,11.27,11.09,10.67,9.77,9.86,1993-10-18,2018-04-27
2012-07-05,600680,*ST上普,电子元件,12.25,12.44,11.84,12.01,11.84,1874045,22507280.45,0.7280,,,否,,,,,,否,382225337,257425337,4590526297.37,3091678297.37,,,,12.15,11.94,11.35,11.13,10.70,9.80,9.87,1993-10-18,2018-04-27
2012-07-06,600680,*ST上普,电子元件,12.02,12.26,11.95,12.05,11.95,1563254,18837210.70,0.6073,,,否,,,,,,否,382225337,257425337,4605815310.85,3101975310.85,,,,12.23,11.93,11.43,11.18,10.74,9.83,9.87,1993-10-18,2018-04-27
2012-07-09,600680,*ST上普,电子元件,12.05,12.12,11.32,11.35,11.32,2260363,25655120.05,0.8781,,,否,,,,,,否,382225337,257425337,4338257574.95,2921777574.95,,,,12.09,11.88,11.48,11.20,10.75,9.86,9.88,1993-10-18,2018-04-27
2012-07-10,600680,*ST上普,电子元件,11.35,11.39,10.92,11.01,10.92,1629448,17940222.48,0.6330,,,否,,,,,,否,382225337,257425337,4208300960.37,2834252960.37,,,,11.81,11.84,11.51,11.21,10.76,9.89,9.88,1993-10-18,2018-04-27
2012-07-11,600680,*ST上普,电子元件,11.01,11.17,10.58,10.82,10.58,1363952,14757960.64,0.5298,,,否,,,,,,否,382225337,257425337,4135678146.34,2785342146.34,,,,11.45,11.75,11.52,11.22,10.77,9.92,9.88,1993-10-18,2018-04-27
2012-07-12,600680,*ST上普,电子元件,10.82,11.14,10.77,11.08,10.77,1194460,13234616.80,0.4640,,,否,,,,,,否,382225337,257425337,4235056733.96,2852272733.96,,,,11.26,11.71,11.55,11.23,10.78,9.94,9.88,1993-10-18,2018-04-27
2012-07-13,600680,*ST上普,电子元件,11.11,11.11,10.73,10.94,10.73,814509,8910728.46,0.3164,,,否,,,,,,否,382225337,257425337,4181545186.78,2816233186.78,,,,11.04,11.64,11.57,11.23,10.79,9.96,9.88,1993-10-18,2018-04-27
2012-07-16,600680,*ST上普,电子元件,11.07,11.07,10.34,10.46,10.34,727498,7609629.08,0.2826,,,否,,,,,,否,382225337,257425337,3998077025.02,2692669025.02,,,,10.86,11.47,11.54,11.21,10.79,9.98,9.88,1993-10-18,2018-04-27
2012-07-17,600680,*ST上普,电子元件,10.51,10.66,9.82,10.16,9.82,1486311,15100919.76,0.5774,,,否,,,,,,否,382225337,257425337,3883409423.92,2615441423.92,,,,10.69,11.25,11.51,11.19,10.78,10.00,9.88,1993-10-18,2018-04-27
2012-07-18,600680,*ST上普,电子元件,10.04,10.15,9.77,10.03,9.77,981817,9847624.51,0.3814,,,否,,,,,,否,382225337,257425337,3833720130.11,2581976130.11,,,,10.53,10.99,11.45,11.18,10.77,10.03,9.88,1993-10-18,2018-04-27
2012-07-19,600680,*ST上普,电子元件,10.0,10.52,9.97,10.37,9.97,1582381,16409290.97,0.6147,,,否,,,,,,否,382225337,257425337,3963676744.69,2669500744.69,,,,10.39,10.83,11.38,11.17,10.77,10.05,9.87,1993-10-18,2018-04-27
2012-07-20,600680,*ST上普,电子元件,10.35,10.38,9.77,10.1,9.77,1297730,13107073.00,0.5041,,,否,,,,,,否,382225337,257425337,3860475903.70,2599995903.70,,,,10.22,10.63,11.28,11.16,10.77,10.07,9.87,1993-10-18,2018-04-27
2012-07-23,600680,*ST上普,电子元件,10.02,10.09,9.89,10.06,9.89,759325,7638809.50,0.2950,,,否,,,,,,否,382225337,257425337,3845186890.22,2589698890.22,,,,10.14,10.50,11.19,11.15,10.77,10.08,9.87,1993-10-18,2018-04-27
2012-07-24,600680,*ST上普,电子元件,10.04,10.22,9.92,10.09,9.92,539637,5444937.33,0.2096,,,否,,,,,,否,382225337,257425337,3856653650.33,2597421650.33,,,,10.13,10.41,11.12,11.14,10.77,10.10,9.86,1993-10-18,2018-04-27
2012-07-25,600680,*ST上普,电子元件,10.09,10.14,9.87,10.03,9.87,607800,6096234.00,0.2361,,,否,,,,,,否,382225337,257425337,3833720130.11,2581976130.11,,,,10.13,10.33,11.04,11.12,10.78,10.12,9.86,1993-10-18,2018-04-27
2012-07-26,600680,*ST上普,电子元件,10.03,10.07,9.65,10.06,9.65,857442,8625866.52,0.3331,,,否,,,,,,否,382225337,257425337,3845186890.22,2589698890.22,,,,10.07,10.23,10.97,11.11,10.78,10.14,9.86,1993-10-18,2018-04-27
2012-07-27,600680,*ST上普,电子元件,10.12,10.18,9.97,10.05,9.97,425261,4273873.05,0.1652,,,否,,,,,,否,382225337,257425337,3841364636.85,2587124636.85,,,,10.06,10.14,10.89,11.09,10.78,10.16,9.85,1993-10-18,2018-04-27
2012-07-30,600680,*ST上普,电子元件,10.14,10.15,9.87,9.96,9.87,372433,3709432.68,0.1447,,,否,,,,,,否,382225337,257425337,3806964356.52,2563956356.52,,,,10.04,10.09,10.78,11.06,10.78,10.18,9.85,1993-10-18,2018-04-27
2012-07-31,600680,*ST上普,电子元件,9.92,10.04,9.65,9.88,9.65,412751,4077979.88,0.1603,,,否,,,,,,否,382225337,257425337,3776386329.56,2543362329.56,,,,10.00,10.06,10.66,11.03,10.78,10.19,9.84,1993-10-18,2018-04-27
2012-08-01,600680,*ST上普,电子元件,10.0,10.19,9.84,10.07,9.84,674675,6793977.25,0.2621,,,否,,,,,,否,382225337,257425337,3849009143.59,2592273143.59,,,,10.00,10.07,10.53,10.99,10.78,10.21,9.84,1993-10-18,2018-04-27
2012-08-02,600680,*ST上普,电子元件,10.12,10.37,10.07,10.16,10.07,968200,9836912.00,0.3761,,,否,,,,,,否,382225337,257425337,3883409423.92,2615441423.92,,,,10.02,10.05,10.44,10.94,10.78,10.23,9.83,1993-10-18,2018-04-27
2012-08-03,600680,*ST上普,电子元件,10.08,10.36,9.92,10.35,9.92,1875487,19411290.45,0.7286,,,否,,,,,,否,382225337,257425337,3956032237.95,2664352237.95,,,,10.08,10.07,10.35,10.88,10.78,10.24,9.83,1993-10-18,2018-04-27
2012-08-06,600680,*ST上普,电子元件,10.4,10.52,10.25,10.46,10.25,1245928,13032406.88,0.4840,,,否,,,,,,否,382225337,257425337,3998077025.02,2692669025.02,,,,10.18,10.11,10.31,10.83,10.79,10.26,9.83,1993-10-18,2018-04-27
2012-08-07,600680,*ST上普,电子元件,10.46,10.51,10.32,10.45,10.32,1301548,13601176.60,0.5056,,,否,,,,,,否,382225337,257425337,3994254771.65,2690094771.65,,,,10.30,10.15,10.28,10.80,10.80,10.28,9.83,1993-10-18,2018-04-27
2012-08-08,600680,*ST上普,电子元件,10.45,10.57,10.2,10.43,10.2,1815971,18940577.53,0.7054,,,否,,,,,,否,382225337,257425337,3986610264.91,2684946264.91,,,,10.37,10.19,10.26,10.76,10.80,10.30,9.83,1993-10-18,2018-04-27
2012-08-09,600680,*ST上普,电子元件,10.44,10.6,10.29,10.46,10.29,1217353,12733512.38,0.4729,,,否,,,,,,否,382225337,257425337,3998077025.02,2692669025.02,,,,10.43,10.23,10.23,10.72,10.81,10.31,9.83,1993-10-18,2018-04-27
2012-08-10,600680,*ST上普,电子元件,10.45,10.74,10.39,10.65,10.39,1742291,18555399.15,0.6768,,,否,,,,,,否,382225337,257425337,4070699839.05,2741579839.05,,,,10.49,10.29,10.21,10.69,10.81,10.33,9.83,1993-10-18,2018-04-27
2012-08-13,600680,*ST上普,电子元件,10.5,10.56,10.15,10.37,10.15,1927869,19992001.53,0.7489,,,否,,,,,,否,382225337,257425337,3963676744.69,2669500744.69,,,,10.47,10.33,10.21,10.63,10.80,10.34,9.83,1993-10-18,2018-04-27
2012-08-14,600680,*ST上普,电子元件,10.35,10.59,9.93,10.32,9.93,1179265,12170014.80,0.4581,,,否,,,,,,否,382225337,257425337,3944565477.84,2656629477.84,,,,10.45,10.37,10.22,10.56,10.79,10.36,9.83,1993-10-18,2018-04-27
2012-08-15,600680,*ST上普,电子元件,10.28,10.47,10.04,10.28,10.04,1360590,13986865.20,0.5285,,,否,,,,,,否,382225337,257425337,3929276464.36,2646332464.36,,,,10.42,10.39,10.23,10.48,10.79,10.37,9.83,1993-10-18,2018-04-27
2012-08-16,600680,*ST上普,电子元件,10.29,10.44,10.1,10.25,10.1,945500,9691375.00,0.3673,,,否,,,,,,否,382225337,257425337,3917809704.25,2638609704.25,,,,10.37,10.40,10.22,10.43,10.78,10.39,9.83,1993-10-18,2018-04-27
2012-08-17,600680,*ST上普,电子元件,10.2,10.37,10.15,10.25,10.15,788804,8085241.00,0.3064,,,否,,,,,,否,382225337,257425337,3917809704.25,2638609704.25,,,,10.29,10.39,10.23,10.37,10.77,10.40,9.82,1993-10-18,2018-04-27
2012-08-20,600680,*ST上普,电子元件,10.32,10.32,10.11,10.26,10.11,890900,9140634.00,0.3461,,,否,,,,,,否,382225337,257425337,3921631957.62,2641183957.62,,,,10.27,10.37,10.24,10.33,10.76,10.41,9.83,1993-10-18,2018-04-27
2012-08-21,600680,*ST上普,电子元件,10.31,10.38,10.13,10.24,10.13,1044103,10691614.72,0.4056,,,否,,,,,,否,382225337,257425337,3913987450.88,2636035450.88,,,,10.26,10.35,10.25,10.30,10.76,10.42,9.83,1993-10-18,2018-04-27
2012-08-22,600680,*ST上普,电子元件,10.27,10.33,9.99,10.22,9.99,1782116,18213225.52,0.6923,,,否,,,,,,否,382225337,257425337,3906342944.14,2630886944.14,,,,10.24,10.33,10.26,10.28,10.75,10.43,9.83,1993-10-18,2018-04-27
2012-08-23,600680,*ST上普,电子元件,10.18,10.25,10.0,10.18,10.0,1795059,18273700.62,0.6973,,,否,,,,,,否,382225337,257425337,3891053930.66,2620589930.66,,,,10.23,10.30,10.26,10.25,10.74,10.43,9.83,1993-10-18,2018-04-27
2012-08-24,600680,*ST上普,电子元件,10.24,10.24,9.86,10.04,9.86,1779493,17866109.72,0.6913,,,否,,,,,,否,382225337,257425337,3837542383.48,2584550383.48,,,,10.19,10.24,10.26,10.22,10.73,10.44,9.83,1993-10-18,2018-04-27
2012-08-27,600680,*ST上普,电子元件,10.04,10.04,9.55,9.63,9.55,786600,7574958.00,0.3056,,,否,,,,,,否,382225337,257425337,3680829995.31,2479005995.31,,,,10.06,10.17,10.25,10.20,10.70,10.45,9.83,1993-10-18,2018-04-27
2012-08-28,600680,*ST上普,电子元件,9.55,9.71,9.55,9.6,9.55,855900,8216640.00,0.3325,,,否,,,,,,否,382225337,257425337,3669363235.20,2471283235.20,,,,9.93,10.10,10.23,10.18,10.69,10.45,9.82,1993-10-18,2018-04-27
2012-08-29,600680,*ST上普,电子元件,9.58,9.68,9.37,9.64,9.37,725991,6998553.24,0.2820,,,否,,,,,,否,382225337,257425337,3684652248.68,2481580248.68,,,,9.82,10.03,10.21,10.16,10.67,10.45,9.82,1993-10-18,2018-04-27
2012-08-30,600680,*ST上普,电子元件,9.6,9.99,9.6,9.87,9.6,1932517,19073942.79,0.7507,,,否,,,,,,否,382225337,257425337,3772564076.19,2540788076.19,,,,9.76,9.99,10.20,10.15,10.66,10.45,9.82,1993-10-18,2018-04-27
2012-08-31,600680,*ST上普,电子元件,9.89,9.95,9.8,9.89,9.8,720496,7125705.44,0.2799,,,否,,,,,,否,382225337,257425337,3780208582.93,2545936582.93,,,,9.73,9.96,10.17,10.14,10.65,10.46,9.82,1993-10-18,2018-04-27
2012-09-03,600680,*ST上普,电子元件,9.9,10.08,9.83,9.98,9.83,887213,8854385.74,0.3446,,,否,,,,,,否,382225337,257425337,3814608863.26,2569104863.26,,,,9.80,9.93,10.15,10.14,10.64,10.46,9.82,1993-10-18,2018-04-27
2012-09-04,600680,*ST上普,电子元件,9.94,10.23,9.76,10.11,9.76,1333456,13481240.16,0.5180,,,否,,,,,,否,382225337,257425337,3864298157.07,2602570157.07,,,,9.90,9.92,10.13,10.14,10.64,10.46,9.82,1993-10-18,2018-04-27
2012-09-05,600680,*ST上普,电子元件,10.05,10.38,10.0,10.2,10.0,991829,10116655.80,0.3853,,,否,,,,,,否,382225337,257425337,3898698437.40,2625738437.40,,,,10.01,9.91,10.12,10.14,10.63,10.46,9.82,1993-10-18,2018-04-27
2012-09-06,600680,*ST上普,电子元件,10.3,10.43,10.07,10.33,10.07,1181577,12205690.41,0.4590,,,否,,,,,,否,382225337,257425337,3948387731.21,2659203731.21,,,,10.10,9.93,10.12,10.15,10.63,10.46,9.82,1993-10-18,2018-04-27
2012-09-07,600680,*ST上普,电子元件,10.33,10.82,10.33,10.79,10.33,1897834,20477628.86,0.7372,,,否,,,,,,否,382225337,257425337,4124211386.23,2777619386.23,,,,10.28,10.00,10.12,10.18,10.63,10.47,9.82,1993-10-18,2018-04-27
2012-09-10,600680,*ST上普,电子元件,10.69,10.84,10.61,10.74,10.61,1033173,11096278.02,0.4013,,,否,,,,,,否,382225337,257425337,4105100119.38,2764748119.38,,,,10.43,10.12,10.14,10.20,10.63,10.48,9.82,1993-10-18,2018-04-27
2012-09-11,600680,*ST上普,电子元件,10.7,10.72,10.49,10.7,10.49,947169,10134708.30,0.3679,,,否,,,,,,否,382225337,257425337,4089811105.90,2754451105.90,,,,10.55,10.23,10.16,10.23,10.63,10.49,9.83,1993-10-18,2018-04-27
2012-09-12,600680,*ST上普,电子元件,10.67,10.81,10.57,10.7,10.57,710558,7602970.60,0.2760,,,否,,,,,,否,382225337,257425337,4089811105.90,2754451105.90,,,,10.65,10.33,10.18,10.25,10.62,10.49,9.83,1993-10-18,2018-04-27
2012-09-13,600680,*ST上普,电子元件,10.78,11.46,10.68,11.12,10.68,1818445,20221108.40,0.7064,,,否,,,,,,否,382225337,257425337,4250345747.44,2862569747.44,,,,10.81,10.46,10.22,10.28,10.61,10.49,9.83,1993-10-18,2018-04-27
2012-09-14,600680,*ST上普,电子元件,11.12,11.13,10.78,11.01,10.78,947839,10435707.39,0.3682,,,否,,,,,,否,382225337,257425337,4208300960.37,2834252960.37,,,,10.85,10.57,10.26,10.31,10.59,10.50,9.84,1993-10-18,2018-04-27
2012-09-17,600680,*ST上普,电子元件,11.01,11.2,10.7,10.77,10.7,736110,7927904.70,0.2860,,,否,,,,,,否,382225337,257425337,4116566879.49,2772470879.49,,,,10.86,10.65,10.29,10.32,10.57,10.51,9.84,1993-10-18,2018-04-27
2012-09-18,600680,*ST上普,电子元件,10.75,10.84,10.51,10.69,10.51,812639,8687110.91,0.3157,,,否,,,,,,否,382225337,257425337,4085988852.53,2751876852.53,,,,10.86,10.71,10.31,10.32,10.56,10.51,9.85,1993-10-18,2018-04-27
2012-09-19,600680,*ST上普,电子元件,10.64,10.8,10.64,10.73,10.64,563700,6048501.00,0.2190,,,否,,,,,,否,382225337,257425337,4101277866.01,2762173866.01,,,,10.86,10.76,10.34,10.33,10.55,10.52,9.85,1993-10-18,2018-04-27
2012-09-20,600680,*ST上普,电子元件,10.64,10.8,10.55,10.56,10.55,656100,6928416.00,0.2549,,,否,,,,,,否,382225337,257425337,4036299558.72,2718411558.72,,,,10.75,10.78,10.36,10.34,10.53,10.52,9.85,1993-10-18,2018-04-27
2012-09-21,600680,*ST上普,电子元件,10.55,10.62,10.38,10.4,10.38,386850,4023240.00,0.1503,,,否,,,,,,否,382225337,257425337,3975143504.80,2677223504.80,,,,10.63,10.74,10.37,10.33,10.51,10.52,9.85,1993-10-18,2018-04-27
2012-09-24,600680,*ST上普,电子元件,10.4,10.4,10.2,10.32,10.2,656105,6771003.60,0.2549,,,否,,,,,,否,382225337,257425337,3944565477.84,2656629477.84,,,,10.54,10.70,10.41,10.33,10.48,10.53,9.86,1993-10-18,2018-04-27
2012-09-25,600680,*ST上普,电子元件,10.32,10.32,10.0,10.15,10.0,655062,6648879.30,0.2545,,,否,,,,,,否,382225337,257425337,3879587170.55,2612867170.55,,,,10.43,10.65,10.44,10.32,10.44,10.53,9.86,1993-10-18,2018-04-27
2012-09-26,600680,*ST上普,电子元件,10.06,10.17,9.9,10.07,9.9,649300,6538451.00,0.2522,,,否,,,,,,否,382225337,257425337,3849009143.59,2592273143.59,,,,10.30,10.58,10.46,10.31,10.40,10.54,9.86,1993-10-18,2018-04-27
2012-09-27,600680,*ST上普,电子元件,10.05,10.33,9.98,10.2,9.98,291659,2974921.80,0.1133,,,否,,,,,,否,382225337,257425337,3898698437.40,2625738437.40,,,,10.23,10.49,10.47,10.31,10.37,10.54,9.86,1993-10-18,2018-04-27
2012-09-28,600680,*ST上普,电子元件,10.33,10.34,10.1,10.29,10.1,650950,6698275.50,0.2529,,,否,,,,,,否,382225337,257425337,3933098717.73,2648906717.73,,,,10.21,10.42,10.49,10.31,10.34,10.54,9.86,1993-10-18,2018-04-27
2012-10-08,600680,*ST上普,电子元件,10.21,10.34,10.21,10.27,10.21,383228,3935751.56,0.1489,,,否,,,,,,否,382225337,257425337,3925454210.99,2643758210.99,,,,10.20,10.37,10.51,10.31,10.32,10.54,9.87,1993-10-18,2018-04-27
2012-10-09,600680,*ST上普,电子元件,10.28,10.47,10.21,10.46,10.21,568728,5948894.88,0.2209,,,否,,,,,,否,382225337,257425337,3998077025.02,2692669025.02,,,,10.26,10.35,10.53,10.32,10.31,10.54,9.87,1993-10-18,2018-04-27
2012-10-10,600680,*ST上普,电子元件,10.41,10.48,10.32,10.45,10.32,893920,9341464.00,0.3473,,,否,,,,,,否,382225337,257425337,3994254771.65,2690094771.65,,,,10.33,10.32,10.54,10.33,10.31,10.54,9.87,1993-10-18,2018-04-27
2012-10-11,600680,*ST上普,电子元件,10.45,10.49,10.27,10.34,10.27,860210,8894571.40,0.3342,,,否,,,,,,否,382225337,257425337,3952209984.58,2661777984.58,,,,10.36,10.30,10.54,10.34,10.29,10.54,9.88,1993-10-18,2018-04-27
2012-10-12,600680,*ST上普,电子元件,10.32,10.57,10.32,10.42,10.32,728850,7594617.00,0.2831,,,否,,,,,,否,382225337,257425337,3982788011.54,2682372011.54,,,,10.39,10.30,10.52,10.35,10.29,10.54,9.88,1993-10-18,2018-04-27
2012-10-15,600680,*ST上普,电子元件,10.36,10.45,10.06,10.18,10.06,834299,8493163.82,0.3241,,,否,,,,,,否,382225337,257425337,3891053930.66,2620589930.66,,,,10.37,10.28,10.49,10.37,10.28,10.54,9.88,1993-10-18,2018-04-27
2012-10-16,600680,*ST上普,电子元件,10.19,10.31,10.08,10.15,10.08,492800,5001920.00,0.1914,,,否,,,,,,否,382225337,257425337,3879587170.55,2612867170.55,,,,10.31,10.28,10.46,10.38,10.28,10.53,9.88,1993-10-18,2018-04-27
2012-10-17,600680,*ST上普,电子元件,10.03,10.22,10.01,10.17,10.01,470811,4788147.87,0.1829,,,否,,,,,,否,382225337,257425337,3887231677.29,2618015677.29,,,,10.25,10.29,10.44,10.40,10.28,10.53,9.88,1993-10-18,2018-04-27
2012-10-18,600680,*ST上普,电子元件,10.08,10.26,10.08,10.19,10.08,501622,5111528.18,0.1949,,,否,,,,,,否,382225337,257425337,3894876184.03,2623164184.03,,,,10.22,10.29,10.39,10.41,10.28,10.53,9.89,1993-10-18,2018-04-27
2012-10-19,600680,*ST上普,电子元件,10.15,10.2,10.1,10.2,10.1,230769,2353843.80,0.0896,,,否,,,,,,否,382225337,257425337,3898698437.40,2625738437.40,,,,10.18,10.28,10.35,10.42,10.28,10.53,9.90,1993-10-18,2018-04-27
2012-10-22,600680,*ST上普,电子元件,10.19,10.25,10.16,10.22,10.16,248552,2540201.44,0.0966,,,否,,,,,,否,382225337,257425337,3906342944.14,2630886944.14,,,,10.19,10.28,10.32,10.43,10.28,10.53,9.90,1993-10-18,2018-04-27
2012-10-23,600680,*ST上普,电子元件,10.18,10.28,10.1,10.11,10.1,217300,2196903.00,0.0844,,,否,,,,,,否,382225337,257425337,3864298157.07,2602570157.07,,,,10.18,10.24,10.29,10.43,10.28,10.53,9.91,1993-10-18,2018-04-27
2012-10-24,600680,*ST上普,电子元件,10.08,10.16,9.5,9.7,9.5,2235903,21688259.10,0.8686,,,否,,,,,,否,382225337,257425337,3707585768.90,2497025768.90,,,,10.08,10.17,10.24,10.41,10.28,10.53,9.91,1993-10-18,2018-04-27
2012-10-25,600680,*ST上普,电子元件,9.57,10.14,9.42,9.71,9.42,1380325,13402955.75,0.5362,,,否,,,,,,否,382225337,257425337,3711408022.27,2499600022.27,,,,9.99,10.11,10.20,10.39,10.27,10.53,9.91,1993-10-18,2018-04-27
2012-10-26,600680,*ST上普,电子元件,9.45,9.58,9.41,9.56,9.41,803493,7681393.08,0.3121,,,否,,,,,,否,382225337,257425337,3654074221.72,2460986221.72,,,,9.86,10.02,10.16,10.35,10.27,10.52,9.91,1993-10-18,2018-04-27
2012-10-29,600680,*ST上普,电子元件,9.55,9.56,9.4,9.48,9.4,197300,1870404.00,0.0766,,,否,,,,,,否,382225337,257425337,3623496194.76,2440392194.76,,,,9.71,9.95,10.12,10.31,10.26,10.52,9.91,1993-10-18,2018-04-27
2012-10-30,600680,*ST上普,电子元件,9.48,9.54,9.41,9.47,9.41,217499,2059715.53,0.0845,,,否,,,,,,否,382225337,257425337,3619673941.39,2437817941.39,,,,9.58,9.88,10.08,10.27,10.25,10.51,9.91,1993-10-18,2018-04-27
2012-10-31,600680,*ST上普,电子元件,9.5,10.08,9.45,10.01,9.45,1807320,18091273.20,0.7021,,,否,,,,,,否,382225337,257425337,3826075623.37,2576827623.37,,,,9.65,9.87,10.08,10.25,10.25,10.51,9.92,1993-10-18,2018-04-27
2012-11-01,600680,*ST上普,电子元件,10.01,10.04,9.77,10.0,9.77,1197357,11973570.00,0.4651,,,否,,,,,,否,382225337,257425337,3822253370.00,2574253370.00,,,,9.70,9.85,10.07,10.21,10.25,10.51,9.92,1993-10-18,2018-04-27
2012-11-02,600680,*ST上普,电子元件,9.98,10.0,9.79,9.88,9.79,715961,7073694.68,0.2781,,,否,,,,,,否,382225337,257425337,3776386329.56,2543362329.56,,,,9.77,9.81,10.05,10.17,10.24,10.51,9.93,1993-10-18,2018-04-27
2012-11-05,600680,*ST上普,电子元件,9.87,9.93,9.82,9.9,9.82,343006,3395759.40,0.1332,,,否,,,,,,否,382225337,257425337,3784030836.30,2548510836.30,,,,9.85,9.78,10.03,10.14,10.23,10.51,9.93,1993-10-18,2018-04-27
2012-11-06,600680,*ST上普,电子元件,9.84,10.04,9.81,9.89,9.81,502638,4971089.82,0.1953,,,否,,,,,,否,382225337,257425337,3780208582.93,2545936582.93,,,,9.94,9.76,10.00,10.12,10.22,10.51,9.94,1993-10-18,2018-04-27
2012-11-07,600680,*ST上普,电子元件,9.89,9.95,9.67,9.68,9.67,588057,5692391.76,0.2284,,,否,,,,,,否,382225337,257425337,3699941262.16,2491877262.16,,,,9.87,9.76,9.96,10.08,10.21,10.51,9.94,1993-10-18,2018-04-27
2012-11-08,600680,*ST上普,电子元件,9.58,9.67,9.4,9.4,9.4,475270,4467538.00,0.1846,,,否,,,,,,否,382225337,257425337,3592918167.80,2419798167.80,,,,9.75,9.73,9.92,10.04,10.19,10.50,9.94,1993-10-18,2018-04-27
2012-11-09,600680,*ST上普,电子元件,9.39,9.55,9.23,9.25,9.23,285311,2639126.75,0.1108,,,否,,,,,,否,382225337,257425337,3535584367.25,2381184367.25,,,,9.62,9.70,9.86,10.00,10.17,10.49,9.94,1993-10-18,2018-04-27
2012-11-12,600680,*ST上普,电子元件,9.25,9.39,9.25,9.36,9.25,157429,1473535.44,0.0612,,,否,,,,,,否,382225337,257425337,3577629154.32,2409501154.32,,,,9.52,9.68,9.82,9.97,10.15,10.47,9.94,1993-10-18,2018-04-27
2012-11-13,600680,*ST上普,电子元件,9.49,9.49,9.24,9.34,9.24,185300,1730702.00,0.0720,,,否,,,,,,否,382225337,257425337,3569984647.58,2404352647.58,,,,9.41,9.67,9.78,9.95,10.13,10.46,9.94,1993-10-18,2018-04-27
2012-11-14,600680,*ST上普,电子元件,9.13,9.45,9.13,9.35,9.13,73101,683494.35,0.0284,,,否,,,,,,否,382225337,257425337,3573806900.95,2406926900.95,,,,9.34,9.61,9.74,9.92,10.12,10.45,9.94,1993-10-18,2018-04-27
2012-11-15,600680,*ST上普,电子元件,9.41,9.41,9.16,9.3,9.16,140100,1302930.00,0.0544,,,否,,,,,,否,382225337,257425337,3554695634.10,2394055634.10,,,,9.32,9.54,9.69,9.89,10.10,10.44,9.94,1993-10-18,2018-04-27
2012-11-16,600680,*ST上普,电子元件,9.2,9.28,9.09,9.23,9.09,139217,1284972.91,0.0541,,,否,,,,,,否,382225337,257425337,3527939860.51,2376035860.51,,,,9.32,9.47,9.64,9.86,10.09,10.43,9.94,1993-10-18,2018-04-27
2012-11-19,600680,*ST上普,电子元件,9.21,9.34,9.2,9.2,9.2,126610,1164812.00,0.0492,,,否,,,,,,否,382225337,257425337,3516473100.40,2368313100.40,,,,9.28,9.40,9.59,9.82,10.07,10.42,9.94,1993-10-18,2018-04-27
2012-11-20,600680,*ST上普,电子元件,9.22,9.32,9.16,9.2,9.16,50600,465520.00,0.0197,,,否,,,,,,否,382225337,257425337,3516473100.40,2368313100.40,,,,9.26,9.33,9.55,9.78,10.05,10.40,9.94,1993-10-18,2018-04-27
2012-11-21,600680,*ST上普,电子元件,9.2,9.25,8.98,9.21,8.98,179399,1652264.79,0.0697,,,否,,,,,,否,382225337,257425337,3520295353.77,2370887353.77,,,,9.23,9.28,9.52,9.74,10.03,10.39,9.94,1993-10-18,2018-04-27
2012-11-22,600680,*ST上普,电子元件,9.2,9.21,9.05,9.13,9.05,126711,1156871.43,0.0492,,,否,,,,,,否,382225337,257425337,3489717326.81,2350293326.81,,,,9.19,9.26,9.49,9.70,10.02,10.38,9.94,1993-10-18,2018-04-27
2012-11-23,600680,*ST上普,电子元件,9.13,9.15,9.04,9.12,9.04,246840,2251180.80,0.0959,,,否,,,,,,否,382225337,257425337,3485895073.44,2347719073.44,,,,9.17,9.24,9.47,9.65,10.00,10.36,9.94,1993-10-18,2018-04-27
2012-11-26,600680,*ST上普,电子元件,9.14,9.16,9.02,9.08,9.02,130130,1181580.40,0.0506,,,否,,,,,,否,382225337,257425337,3470606059.96,2337422059.96,,,,9.15,9.22,9.45,9.62,9.99,10.35,9.94,1993-10-18,2018-04-27
2012-11-27,600680,*ST上普,电子元件,8.54,9.11,8.5,8.51,8.5,281440,2395054.40,0.1093,,,否,,,,,,否,382225337,257425337,3252737617.87,2190689617.87,,,,9.01,9.13,9.40,9.56,9.97,10.33,9.93,1993-10-18,2018-04-27
2012-11-28,600680,*ST上普,电子元件,8.67,9.25,8.2,8.23,8.2,566800,4664764.00,0.2202,,,否,,,,,,否,382225337,257425337,3145714523.51,2118610523.51,,,,8.81,9.02,9.31,9.50,9.95,10.31,9.92,1993-10-18,2018-04-27
2012-11-29,600680,*ST上普,电子元件,8.2,8.33,7.83,8.14,7.83,603399,4911667.86,0.2344,,,否,,,,,,否,382225337,257425337,3111314243.18,2095442243.18,,,,8.62,8.91,9.22,9.43,9.92,10.29,9.91,1993-10-18,2018-04-27
2012-11-30,600680,*ST上普,电子元件,8.15,8.2,8.02,8.1,8.02,200800,1626480.00,0.0780,,,否,,,,,,否,382225337,257425337,3096025229.70,2085145229.70,,,,8.41,8.79,9.13,9.36,9.89,10.27,9.89,1993-10-18,2018-04-27
2012-12-03,600680,*ST上普,电子元件,8.11,8.18,7.91,8.03,7.91,362111,2907751.33,0.1407,,,否,,,,,,否,382225337,257425337,3069269456.11,2067125456.11,,,,8.20,8.68,9.04,9.29,9.86,10.25,9.89,1993-10-18,2018-04-27
2012-12-04,600680,*ST上普,电子元件,7.95,8.25,7.9,8.24,7.9,360070,2966976.80,0.1399,,,否,,,,,,否,382225337,257425337,3149536776.88,2121184776.88,,,,8.15,8.58,8.96,9.22,9.83,10.23,9.87,1993-10-18,2018-04-27
2012-12-05,600680,*ST上普,电子元件,8.3,8.48,8.2,8.43,8.2,387865,3269701.95,0.1507,,,否,,,,,,否,382225337,257425337,3222159590.91,2170095590.91,,,,8.19,8.50,8.89,9.18,9.80,10.22,9.86,1993-10-18,2018-04-27
2012-12-06,600680,*ST上普,电子元件,8.43,8.58,8.3,8.31,8.3,323499,2688276.69,0.1257,,,否,,,,,,否,382225337,257425337,3176292550.47,2139204550.47,,,,8.22,8.42,8.84,9.13,9.76,10.20,9.86,1993-10-18,2018-04-27
2012-12-07,600680,*ST上普,电子元件,8.46,8.59,8.28,8.56,8.28,382229,3271880.24,0.1485,,,否,,,,,,否,382225337,257425337,3271848884.72,2203560884.72,,,,8.31,8.36,8.80,9.10,9.73,10.18,9.85,1993-10-18,2018-04-27
2012-12-10,600680,*ST上普,电子元件,8.64,8.73,8.46,8.69,8.46,368452,3201847.88,0.1431,,,否,,,,,,否,382225337,257425337,3321538178.53,2237026178.53,,,,8.45,8.32,8.77,9.07,9.69,10.16,9.84,1993-10-18,2018-04-27
2012-12-11,600680,*ST上普,电子元件,8.6,8.66,8.48,8.49,8.48,332293,2821167.57,0.1291,,,否,,,,,,否,382225337,257425337,3245093111.13,2185541111.13,,,,8.50,8.32,8.73,9.04,9.66,10.14,9.84,1993-10-18,2018-04-27
2012-12-12,600680,*ST上普,电子元件,9.01,9.34,8.86,9.34,8.86,2329909,21761350.06,0.9051,,,否,,,,,,是,382225337,257425337,3569984647.58,2404352647.58,,,,8.68,8.43,8.73,9.02,9.63,10.13,9.83,1993-10-18,2018-04-27
2012-12-13,600680,*ST上普,电子元件,9.34,10.2,9.23,9.79,9.23,2911049,28499169.71,1.1308,,,否,,,,,,否,382225337,257425337,3741986049.23,2520194049.23,,,,8.97,8.60,8.75,9.01,9.61,10.11,9.83,1993-10-18,2018-04-27
2012-12-14,600680,*ST上普,电子元件,9.59,10.24,9.3,10.01,9.3,3103303,31064063.03,1.2055,,,否,,,,,,否,382225337,257425337,3826075623.37,2576827623.37,,,,9.26,8.79,8.79,9.02,9.59,10.09,9.83,1993-10-18,2018-04-27
2012-12-17,600680,*ST上普,电子元件,9.8,10.06,9.71,9.86,9.71,2000926,19729130.36,0.7773,,,否,,,,,,否,382225337,257425337,3768741822.82,2538213822.82,,,,9.50,8.97,8.82,9.02,9.58,10.08,9.83,1993-10-18,2018-04-27
2012-12-18,600680,*ST上普,电子元件,9.7,9.94,9.69,9.82,9.69,1264727,12419619.14,0.4913,,,否,,,,,,否,382225337,257425337,3753452809.34,2527916809.34,,,,9.76,9.13,8.85,9.01,9.56,10.06,9.83,1993-10-18,2018-04-27
2012-12-19,600680,*ST上普,电子元件,9.85,10.72,9.59,10.36,9.59,2357586,24424590.96,0.9158,,,否,,,,,,否,382225337,257425337,3959854491.32,2666926491.32,,,,9.97,9.32,8.91,9.04,9.56,10.05,9.83,1993-10-18,2018-04-27
2012-12-20,600680,*ST上普,电子元件,10.5,10.83,9.9,10.15,9.9,3823719,38810747.85,1.4854,,,否,,,,,,否,382225337,257425337,3879587170.55,2612867170.55,,,,10.04,9.51,8.96,9.06,9.55,10.04,9.83,1993-10-18,2018-04-27
2012-12-21,600680,*ST上普,电子元件,9.84,10.17,9.84,9.93,9.84,1879952,18667923.36,0.7303,,,否,,,,,,否,382225337,257425337,3795497596.41,2556233596.41,,,,10.02,9.64,9.00,9.08,9.54,10.03,9.83,1993-10-18,2018-04-27
2012-12-24,600680,*ST上普,电子元件,9.94,9.98,9.67,9.76,9.67,984872,9612350.72,0.3826,,,否,,,,,,否,382225337,257425337,3730519289.12,2512471289.12,,,,10.00,9.75,9.04,9.10,9.53,10.01,9.82,1993-10-18,2018-04-27
2012-12-25,600680,*ST上普,电子元件,9.68,10.02,9.68,9.88,9.68,946561,9352022.68,0.3677,,,否,,,,,,否,382225337,257425337,3776386329.56,2543362329.56,,,,10.02,9.89,9.11,9.12,9.53,9.99,9.82,1993-10-18,2018-04-27
2012-12-26,600680,*ST上普,电子元件,9.88,9.97,9.72,9.88,9.72,1057134,10444483.92,0.4107,,,否,,,,,,否,382225337,257425337,3776386329.56,2543362329.56,,,,9.92,9.94,9.19,9.13,9.53,9.96,9.82,1993-10-18,2018-04-27
2012-12-27,600680,*ST上普,电子元件,9.88,9.97,9.7,9.7,9.7,809486,7852014.20,0.3145,,,否,,,,,,否,382225337,257425337,3707585768.90,2497025768.90,,,,9.83,9.94,9.27,9.15,9.52,9.94,9.83,1993-10-18,2018-04-27
2012-12-28,600680,*ST上普,电子元件,9.7,9.81,9.6,9.74,9.6,1159425,11292799.50,0.4504,,,否,,,,,,否,382225337,257425337,3722874782.38,2507322782.38,,,,9.79,9.91,9.35,9.16,9.51,9.92,9.83,1993-10-18,2018-04-27
2012-12-31,600680,*ST上普,电子元件,9.79,9.82,9.65,9.75,9.65,850167,8289128.25,0.3303,,,否,,,,,,否,382225337,257425337,3726697035.75,2509897035.75,,,,9.79,9.90,9.43,9.18,9.50,9.91,9.83,1993-10-18,2018-04-27
2013-01-04,600680,*ST上普,电子元件,9.79,9.96,9.71,9.83,9.71,1702849,16739005.67,0.6615,,,否,,,,,,否,382225337,257425337,3757275062.71,2530491062.71,,,,9.78,9.90,9.51,9.20,9.49,9.90,9.83,1993-10-18,2018-04-27
2013-01-07,600680,*ST上普,电子元件,9.89,9.89,9.75,9.87,9.75,907061,8952692.07,0.3524,,,否,,,,,,否,382225337,257425337,3772564076.19,2540788076.19,,,,9.78,9.85,9.59,9.22,9.48,9.89,9.84,1993-10-18,2018-04-27
2013-01-08,600680,*ST上普,电子元件,9.9,10.18,9.75,10.03,9.75,2487594,24950567.82,0.9663,,,否,,,,,,否,382225337,257425337,3833720130.11,2581976130.11,,,,9.84,9.84,9.67,9.25,9.48,9.88,9.84,1993-10-18,2018-04-27
2013-01-09,600680,*ST上普,电子元件,9.93,10.16,9.82,9.89,9.82,1692854,16742326.06,0.6576,,,否,,,,,,否,382225337,257425337,3780208582.93,2545936582.93,,,,9.87,9.83,9.74,9.28,9.47,9.88,9.85,1993-10-18,2018-04-27
2013-01-10,600680,*ST上普,电子元件,9.89,9.9,9.74,9.78,9.74,859710,8407963.80,0.3340,,,否,,,,,,否,382225337,257425337,3738163795.86,2517619795.86,,,,9.88,9.84,9.79,9.30,9.46,9.87,9.85,1993-10-18,2018-04-27
2013-01-11,600680,*ST上普,电子元件,9.79,9.86,9.31,9.35,9.31,1468834,13733597.90,0.5706,,,否,,,,,,否,382225337,257425337,3573806900.95,2406926900.95,,,,9.78,9.78,9.84,9.33,9.45,9.86,9.86,1993-10-18,2018-04-27
2013-01-14,600680,*ST上普,电子元件,9.3,9.63,9.18,9.56,9.18,1182171,11301554.76,0.4592,,,否,,,,,,否,382225337,257425337,3654074221.72,2460986221.72,,,,9.72,9.75,9.85,9.38,9.44,9.86,9.86,1993-10-18,2018-04-27
2013-01-15,600680,*ST上普,电子元件,9.5,9.75,9.5,9.7,9.5,1081199,10487630.30,0.4200,,,否,,,,,,否,382225337,257425337,3707585768.90,2497025768.90,,,,9.66,9.75,9.84,9.43,9.43,9.85,9.87,1993-10-18,2018-04-27
2013-01-16,600680,*ST上普,电子元件,10.0,10.21,9.65,10.18,9.65,4509386,45905549.48,1.7517,,,否,,,,,,否,382225337,257425337,3891053930.66,2620589930.66,,,,9.71,9.79,9.85,9.50,9.43,9.85,9.87,1993-10-18,2018-04-27
2013-01-17,600680,*ST上普,电子元件,10.56,10.62,9.95,10.0,9.95,2808336,28083360.00,1.0909,,,否,,,,,,否,382225337,257425337,3822253370.00,2574253370.00,,,,9.76,9.82,9.86,9.56,9.42,9.85,9.88,1993-10-18,2018-04-27
2013-01-18,600680,*ST上普,电子元件,9.91,10.19,9.74,10.13,9.74,2904014,29417661.82,1.1281,,,否,,,,,,否,382225337,257425337,3871942663.81,2607718663.81,,,,9.91,9.85,9.87,9.63,9.42,9.85,9.89,1993-10-18,2018-04-27
2013-01-21,600680,*ST上普,电子元件,10.56,10.56,9.6,10.01,9.6,6121754,61278757.54,2.3781,,,否,,,,,,否,382225337,257425337,3826075623.37,2576827623.37,,,,10.00,9.86,9.86,9.68,9.43,9.85,9.90,1993-10-18,2018-04-27
2013-01-22,600680,*ST上普,电子元件,9.8,9.8,9.47,9.5,9.47,5223384,49622148.00,2.0291,,,否,,,,,,否,382225337,257425337,3631140701.50,2445540701.50,,,,9.96,9.81,9.82,9.72,9.43,9.85,9.91,1993-10-18,2018-04-27
2013-01-23,600680,*ST上普,电子元件,9.44,9.47,8.98,9.22,8.98,3574476,32956668.72,1.3885,,,否,,,,,,否,382225337,257425337,3524117607.14,2373461607.14,,,,9.77,9.74,9.79,9.74,9.42,9.84,9.91,1993-10-18,2018-04-27
2013-01-24,600680,*ST上普,电子元件,9.22,9.37,8.98,9.04,8.98,2666666,24106660.64,1.0359,,,否,,,,,,否,382225337,257425337,3455317046.48,2327125046.48,,,,9.58,9.67,9.75,9.75,9.41,9.84,9.92,1993-10-18,2018-04-27
2013-01-25,600680,*ST上普,电子元件,9.03,9.27,9.0,9.14,9.0,1948866,17812635.24,0.7571,,,否,,,,,,否,382225337,257425337,3493539580.18,2352867580.18,,,,9.38,9.65,9.72,9.77,9.41,9.83,9.92,1993-10-18,2018-04-27
2013-01-28,600680,*ST上普,电子元件,8.96,9.0,8.7,8.99,8.7,3114755,28001647.45,1.2100,,,否,,,,,,否,382225337,257425337,3436205779.63,2314253779.63,,,,9.18,9.59,9.67,9.76,9.39,9.82,9.93,1993-10-18,2018-04-27
2013-01-29,600680,*ST上普,电子元件,8.95,9.04,8.87,9.01,8.87,2146073,19336117.73,0.8337,,,否,,,,,,否,382225337,257425337,3443850286.37,2319402286.37,,,,9.08,9.52,9.64,9.74,9.37,9.81,9.93,1993-10-18,2018-04-27
2013-01-30,600680,*ST上普,电子元件,8.98,9.08,8.91,9.0,8.91,1721893,15497037.00,0.6689,,,否,,,,,,否,382225337,257425337,3440028033.00,2316828033.00,,,,9.04,9.40,9.60,9.70,9.36,9.80,9.94,1993-10-18,2018-04-27
2013-01-31,600680,*ST上普,电子元件,9.05,9.05,8.72,8.79,8.72,2047922,18001234.38,0.7955,,,否,,,,,,否,382225337,257425337,3359760712.23,2262768712.23,,,,8.99,9.28,9.55,9.67,9.34,9.79,9.94,1993-10-18,2018-04-27
2013-02-01,600680,*ST上普,电子元件,8.8,8.91,8.66,8.9,8.66,1568840,13962676.00,0.6094,,,否,,,,,,否,382225337,257425337,3401805499.30,2291085499.30,,,,8.94,9.16,9.50,9.64,9.32,9.77,9.95,1993-10-18,2018-04-27
2013-02-04,600680,*ST上普,电子元件,9.42,9.79,9.36,9.79,9.36,9066612,88762131.48,3.5220,,,否,,,,,,是,382225337,257425337,3741986049.23,2520194049.23,,,,9.10,9.14,9.50,9.62,9.33,9.77,9.95,1993-10-18,2018-04-27
2013-02-05,600680,*ST上普,电子元件,9.6,9.77,9.38,9.5,9.38,4811796,45712062.00,1.8692,,,否,,,,,,否,382225337,257425337,3631140701.50,2445540701.50,,,,9.20,9.14,9.47,9.60,9.33,9.76,9.96,1993-10-18,2018-04-27
2013-02-06,600680,*ST上普,电子元件,9.35,9.45,9.25,9.39,9.25,2562580,24062626.20,0.9955,,,否,,,,,,否,382225337,257425337,3589095914.43,2417223914.43,,,,9.27,9.16,9.45,9.58,9.33,9.75,9.97,1993-10-18,2018-04-27
2013-02-07,600680,*ST上普,电子元件,9.31,9.47,9.3,9.34,9.3,1562763,14596206.42,0.6071,,,否,,,,,,否,382225337,257425337,3569984647.58,2404352647.58,,,,9.38,9.19,9.43,9.56,9.33,9.74,9.97,1993-10-18,2018-04-27
2013-02-08,600680,*ST上普,电子元件,9.33,9.44,9.33,9.35,9.33,1437615,13441700.25,0.5585,,,否,,,,,,否,382225337,257425337,3573806900.95,2406926900.95,,,,9.47,9.21,9.43,9.55,9.33,9.73,9.98,1993-10-18,2018-04-27
2013-02-18,600680,*ST上普,电子元件,9.37,9.48,9.26,9.45,9.26,1775964,16782859.80,0.6899,,,否,,,,,,否,382225337,257425337,3612029434.65,2432669434.65,,,,9.41,9.25,9.42,9.53,9.33,9.72,9.98,1993-10-18,2018-04-27
2013-02-19,600680,*ST上普,电子元件,9.48,9.64,9.4,9.6,9.4,2976603,28575388.80,1.1563,,,否,,,,,,否,382225337,257425337,3669363235.20,2471283235.20,,,,9.43,9.31,9.42,9.53,9.34,9.72,9.99,1993-10-18,2018-04-27
2013-02-20,600680,*ST上普,电子元件,9.53,9.68,9.4,9.54,9.4,1922074,18336585.96,0.7467,,,否,,,,,,否,382225337,257425337,3646429714.98,2455837714.98,,,,9.46,9.37,9.38,9.52,9.34,9.71,10.00,1993-10-18,2018-04-27
2013-02-21,600680,*ST上普,电子元件,9.47,9.54,9.08,9.13,9.08,2161567,19735106.71,0.8397,,,否,,,,,,否,382225337,257425337,3489717326.81,2350293326.81,,,,9.41,9.40,9.34,9.50,9.34,9.70,10.00,1993-10-18,2018-04-27
2013-02-22,600680,*ST上普,电子元件,9.13,9.19,9.07,9.12,9.07,1105361,10080892.32,0.4294,,,否,,,,,,否,382225337,257425337,3485895073.44,2347719073.44,,,,9.37,9.42,9.29,9.48,9.34,9.69,10.00,1993-10-18,2018-04-27
2013-02-25,600680,*ST上普,电子元件,9.15,9.23,9.06,9.17,9.06,765164,7016553.88,0.2972,,,否,,,,,,否,382225337,257425337,3505006340.29,2360590340.29,,,,9.31,9.36,9.25,9.45,9.34,9.69,10.00,1993-10-18,2018-04-27
2013-02-26,600680,*ST上普,电子元件,9.18,9.22,9.07,9.08,9.07,988394,8974617.52,0.3840,,,否,,,,,,否,382225337,257425337,3470606059.96,2337422059.96,,,,9.21,9.32,9.23,9.42,9.34,9.68,10.01,1993-10-18,2018-04-27
2013-02-27,600680,*ST上普,电子元件,9.16,9.16,8.9,8.97,8.9,1141100,10235667.00,0.4433,,,否,,,,,,否,382225337,257425337,3428561272.89,2309105272.89,,,,9.09,9.28,9.22,9.39,9.34,9.67,10.01,1993-10-18,2018-04-27
2013-02-28,600680,*ST上普,电子元件,8.99,9.14,8.93,9.13,8.93,984179,8985554.27,0.3823,,,否,,,,,,否,382225337,257425337,3489717326.81,2350293326.81,,,,9.09,9.25,9.22,9.37,9.34,9.66,10.01,1993-10-18,2018-04-27
2013-03-01,600680,*ST上普,电子元件,9.14,9.25,9.13,9.24,9.13,1477744,13654354.56,0.5740,,,否,,,,,,否,382225337,257425337,3531762113.88,2378610113.88,,,,9.12,9.24,9.22,9.37,9.35,9.66,10.01,1993-10-18,2018-04-27
2013-03-04,600680,*ST上普,电子元件,9.19,9.25,8.94,8.97,8.94,1645689,14761830.33,0.6393,,,否,,,,,,否,382225337,257425337,3428561272.89,2309105272.89,,,,9.08,9.20,9.22,9.35,9.36,9.66,10.01,1993-10-18,2018-04-27
2013-03-05,600680,*ST上普,电子元件,8.91,9.12,8.91,9.09,8.91,799886,7270963.74,0.3107,,,否,,,,,,否,382225337,257425337,3474428313.33,2339996313.33,,,,9.08,9.14,9.23,9.33,9.38,9.65,10.02,1993-10-18,2018-04-27
2013-03-06,600680,*ST上普,电子元件,9.15,9.38,9.11,9.34,9.11,2204686,20591767.24,0.8564,,,否,,,,,,否,382225337,257425337,3569984647.58,2404352647.58,,,,9.15,9.12,9.24,9.30,9.40,9.64,10.02,1993-10-18,2018-04-27
2013-03-07,600680,*ST上普,电子元件,9.29,9.36,9.12,9.17,9.12,1413656,12963225.52,0.5492,,,否,,,,,,否,382225337,257425337,3505006340.29,2360590340.29,,,,9.16,9.13,9.26,9.27,9.42,9.64,10.02,1993-10-18,2018-04-27
2013-03-08,600680,*ST上普,电子元件,9.18,9.26,9.12,9.24,9.12,965667,8922763.08,0.3751,,,否,,,,,,否,382225337,257425337,3531762113.88,2378610113.88,,,,9.16,9.14,9.28,9.24,9.43,9.63,10.02,1993-10-18,2018-04-27
2013-03-11,600680,*ST上普,电子元件,9.12,9.29,9.06,9.08,9.06,779794,7080529.52,0.3029,,,否,,,,,,否,382225337,257425337,3470606059.96,2337422059.96,,,,9.18,9.13,9.25,9.21,9.44,9.62,10.02,1993-10-18,2018-04-27
2013-03-12,600680,*ST上普,电子元件,9.08,9.16,8.56,8.7,8.56,1742181,15156974.70,0.6768,,,否,,,,,,否,382225337,257425337,3325360431.90,2239600431.90,,,,9.11,9.09,9.21,9.18,9.45,9.61,10.02,1993-10-18,2018-04-27
2013-03-13,600680,*ST上普,电子元件,8.68,8.77,8.55,8.62,8.55,782087,6741589.94,0.3038,,,否,,,,,,否,382225337,257425337,3294782404.94,2219006404.94,,,,8.96,9.06,9.17,9.16,9.45,9.59,10.02,1993-10-18,2018-04-27
2013-03-14,600680,*ST上普,电子元件,8.81,9.48,8.78,9.48,8.78,3827981,36289259.88,1.4870,,,否,,,,,,是,382225337,257425337,3623496194.76,2440392194.76,,,,9.02,9.09,9.17,9.18,9.46,9.58,10.02,1993-10-18,2018-04-27
2013-03-15,600680,*ST上普,电子元件,9.6,10.18,9.34,9.44,9.34,8756288,82659358.72,3.4015,,,否,,,,,,否,382225337,257425337,3608207181.28,2430095181.28,,,,9.06,9.11,9.18,9.19,9.48,9.57,10.02,1993-10-18,2018-04-27
2013-03-18,600680,*ST上普,电子元件,9.26,9.26,8.8,8.85,8.8,4039082,35745875.70,1.5690,,,否,,,,,,否,382225337,257425337,3382694232.45,2278214232.45,,,,9.02,9.10,9.15,9.18,9.47,9.55,10.01,1993-10-18,2018-04-27
2013-03-19,600680,*ST上普,电子元件,8.77,8.99,8.72,8.95,8.72,2101689,18810116.55,0.8164,,,否,,,,,,否,382225337,257425337,3420916766.15,2303956766.15,,,,9.07,9.09,9.12,9.18,9.46,9.53,10.01,1993-10-18,2018-04-27
2013-03-20,600680,*ST上普,电子元件,8.88,9.03,8.85,9.01,8.85,2445938,22037901.38,0.9502,,,否,,,,,,否,382225337,257425337,3443850286.37,2319402286.37,,,,9.15,9.05,9.09,9.18,9.44,9.52,10.01,1993-10-18,2018-04-27
2013-03-21,600680,*ST上普,电子元件,9.06,9.29,8.92,9.16,8.92,3039979,27846207.64,1.1809,,,否,,,,,,否,382225337,257425337,3501184086.92,2358016086.92,,,,9.08,9.05,9.09,9.19,9.43,9.50,10.01,1993-10-18,2018-04-27
2013-03-22,600680,*ST上普,电子元件,9.04,9.09,8.92,8.99,8.92,1694156,15230462.44,0.6581,,,否,,,,,,否,382225337,257425337,3436205779.63,2314253779.63,,,,8.99,9.03,9.08,9.20,9.42,9.49,10.00,1993-10-18,2018-04-27
2013-03-25,600680,*ST上普,电子元件,8.99,9.01,8.87,8.91,8.87,1070286,9536248.26,0.4158,,,否,,,,,,否,382225337,257425337,3405627752.67,2293659752.67,,,,9.00,9.01,9.07,9.17,9.39,9.48,10.00,1993-10-18,2018-04-27
2013-03-26,600680,*ST上普,电子元件,8.91,9.14,8.9,8.98,8.9,1828504,16419965.92,0.7103,,,否,,,,,,否,382225337,257425337,3432383526.26,2311679526.26,,,,9.01,9.04,9.07,9.15,9.37,9.46,10.00,1993-10-18,2018-04-27
2013-03-27,600680,*ST上普,电子元件,8.98,9.14,8.91,9.04,8.91,1490630,13475295.20,0.5791,,,否,,,,,,否,382225337,257425337,3455317046.48,2327125046.48,,,,9.02,9.08,9.07,9.14,9.36,9.45,9.99,1993-10-18,2018-04-27
2013-03-28,600680,*ST上普,电子元件,8.98,8.98,8.58,8.6,8.58,1520613,13077271.80,0.5907,,,否,,,,,,否,382225337,257425337,3287137898.20,2213857898.20,,,,8.90,8.99,9.04,9.11,9.34,9.44,9.99,1993-10-18,2018-04-27
2013-03-29,600680,*ST上普,电子元件,8.61,8.73,8.6,8.69,8.6,829043,7204383.67,0.3221,,,否,,,,,,否,382225337,257425337,3321538178.53,2237026178.53,,,,8.84,8.92,9.02,9.09,9.32,9.42,9.98,1993-10-18,2018-04-27
2013-04-01,600680,*ST上普,电子元件,8.75,8.78,8.62,8.71,8.62,630671,5493144.41,0.2450,,,否,,,,,,否,382225337,257425337,3329182685.27,2242174685.27,,,,8.80,8.90,9.00,9.07,9.30,9.41,9.97,1993-10-18,2018-04-27
2013-04-02,600680,*ST上普,电子元件,8.72,8.88,8.6,8.62,8.6,792294,6829574.28,0.3078,,,否,,,,,,否,382225337,257425337,3294782404.94,2219006404.94,,,,8.73,8.87,8.98,9.03,9.28,9.40,9.97,1993-10-18,2018-04-27
2013-04-03,600680,*ST上普,电子元件,8.61,8.7,8.45,8.48,8.45,789131,6691830.88,0.3065,,,否,,,,,,否,382225337,257425337,3241270857.76,2182966857.76,,,,8.62,8.82,8.94,9.00,9.26,9.38,9.96,1993-10-18,2018-04-27
2013-04-08,600680,*ST上普,电子元件,8.48,8.48,8.1,8.29,8.1,1219826,10112357.54,0.4739,,,否,,,,,,否,382225337,257425337,3168648043.73,2134056043.73,,,,8.56,8.73,8.89,8.97,9.24,9.37,9.96,1993-10-18,2018-04-27
2013-04-09,600680,*ST上普,电子元件,8.33,8.5,8.26,8.4,8.26,1207044,10139169.60,0.4689,,,否,,,,,,否,382225337,257425337,3210692830.80,2162372830.80,,,,8.50,8.67,8.85,8.95,9.21,9.35,9.95,1993-10-18,2018-04-27
2013-04-10,600680,*ST上普,电子元件,8.3,8.6,8.3,8.59,8.3,1203328,10336587.52,0.4674,,,否,,,,,,否,382225337,257425337,3283315644.83,2211283644.83,,,,8.48,8.64,8.83,8.93,9.19,9.34,9.94,1993-10-18,2018-04-27
2013-04-11,600680,*ST上普,电子元件,8.67,9.0,8.67,8.85,8.67,3482223,30817673.55,1.3527,,,否,,,,,,否,382225337,257425337,3382694232.45,2278214232.45,,,,8.52,8.63,8.83,8.92,9.17,9.32,9.94,1993-10-18,2018-04-27
2013-04-12,600680,*ST上普,电子元件,8.78,8.78,8.5,8.56,8.5,1068605,9147258.80,0.4151,,,否,,,,,,否,382225337,257425337,3271848884.72,2203560884.72,,,,8.54,8.58,8.83,8.91,9.15,9.31,9.93,1993-10-18,2018-04-27
2013-04-15,600680,*ST上普,电子元件,8.63,8.63,8.23,8.29,8.23,880719,7301160.51,0.3421,,,否,,,,,,否,382225337,257425337,3168648043.73,2134056043.73,,,,8.54,8.55,8.77,8.88,9.12,9.29,9.93,1993-10-18,2018-04-27
2013-04-16,600680,*ST上普,电子元件,8.2,8.36,8.11,8.33,8.11,638030,5314789.90,0.2479,,,否,,,,,,否,382225337,257425337,3183937057.21,2144353057.21,,,,8.52,8.51,8.72,8.85,9.11,9.28,9.92,1993-10-18,2018-04-27
2013-04-17,600680,*ST上普,电子元件,8.28,8.35,8.23,8.31,8.23,767250,6375847.50,0.2980,,,否,,,,,,否,382225337,257425337,3176292550.47,2139204550.47,,,,8.47,8.47,8.69,8.83,9.09,9.26,9.91,1993-10-18,2018-04-27
2013-04-18,600680,*ST上普,电子元件,8.24,8.35,8.24,8.29,8.24,459526,3809470.54,0.1785,,,否,,,,,,否,382225337,257425337,3168648043.73,2134056043.73,,,,8.36,8.44,8.66,8.80,9.06,9.25,9.91,1993-10-18,2018-04-27
2013-04-19,600680,*ST上普,电子元件,8.33,8.47,8.29,8.44,8.29,1084672,9154631.68,0.4214,,,否,,,,,,否,382225337,257425337,3225981844.28,2172669844.28,,,,8.33,8.44,8.63,8.77,9.03,9.23,9.90,1993-10-18,2018-04-27
2013-04-22,600680,*ST上普,电子元件,8.41,8.48,8.32,8.47,8.32,924767,7832776.49,0.3592,,,否,,,,,,否,382225337,257425337,3237448604.39,2180392604.39,,,,8.37,8.45,8.59,8.75,9.01,9.22,9.89,1993-10-18,2018-04-27
2013-04-23,600680,*ST上普,电子元件,8.46,8.59,8.26,8.26,8.26,1103443,9114439.18,0.4286,,,否,,,,,,否,382225337,257425337,3157181283.62,2126333283.62,,,,8.35,8.44,8.56,8.71,8.98,9.20,9.88,1993-10-18,2018-04-27
2013-04-24,600680,*ST上普,电子元件,8.18,8.54,8.18,8.52,8.18,1469831,12522960.12,0.5710,,,否,,,,,,否,382225337,257425337,3256559871.24,2193263871.24,,,,8.40,8.43,8.54,8.69,8.95,9.19,9.88,1993-10-18,2018-04-27
2013-04-25,600680,*ST上普,电子元件,8.45,8.54,8.3,8.33,8.3,848298,7066322.34,0.3295,,,否,,,,,,否,382225337,257425337,3183937057.21,2144353057.21,,,,8.40,8.38,8.50,8.68,8.93,9.18,9.87,1993-10-18,2018-04-27
2013-04-26,600680,*ST上普,电子元件,8.32,8.4,8.11,8.15,8.11,808906,6592583.90,0.3142,,,否,,,,,,否,382225337,257425337,3115136496.55,2098016496.55,,,,8.35,8.34,8.46,8.67,8.91,9.17,9.86,1993-10-18,2018-04-27
2013-05-02,600680,*ST上普,电子元件,8.15,8.26,7.92,8.01,7.92,1175106,9412599.06,0.4565,,,否,,,,,,否,382225337,257425337,3061624949.37,2061976949.37,,,,8.25,8.31,8.43,8.62,8.90,9.16,9.85,1993-10-18,2018-04-27
2013-05-03,600680,*ST上普,电子元件,8.01,8.59,8.01,8.34,8.01,1528960,12751526.40,0.5939,,,否,,,,,,否,382225337,257425337,3187759310.58,2146927310.58,,,,8.27,8.31,8.41,8.58,8.88,9.15,9.84,1993-10-18,2018-04-27
2013-05-06,600680,*ST上普,电子元件,8.4,8.57,8.33,8.52,8.33,1890243,16104870.36,0.7343,,,否,,,,,,否,382225337,257425337,3256559871.24,2193263871.24,,,,8.27,8.33,8.40,8.57,8.88,9.13,9.83,1993-10-18,2018-04-27
2013-05-07,600680,*ST上普,电子元件,8.59,8.59,8.36,8.45,8.36,1027424,8681732.80,0.3991,,,否,,,,,,否,382225337,257425337,3229804097.65,2175244097.65,,,,8.29,8.35,8.39,8.55,8.87,9.12,9.82,1993-10-18,2018-04-27
2013-05-08,600680,*ST上普,电子元件,8.41,8.76,8.41,8.61,8.41,1872475,16122009.75,0.7274,,,否,,,,,,否,382225337,257425337,3290960151.57,2216432151.57,,,,8.39,8.37,8.40,8.54,8.86,9.11,9.82,1993-10-18,2018-04-27
2013-05-09,600680,*ST上普,电子元件,8.62,8.75,8.55,8.69,8.55,1951610,16959490.90,0.7581,,,否,,,,,,否,382225337,257425337,3321538178.53,2237026178.53,,,,8.52,8.39,8.42,8.52,8.86,9.10,9.81,1993-10-18,2018-04-27
2013-05-10,600680,*ST上普,电子元件,8.75,8.92,8.65,8.8,8.65,2193938,19306654.40,0.8523,,,否,,,,,,否,382225337,257425337,3363582965.60,2265342965.60,,,,8.61,8.44,8.44,8.52,8.86,9.09,9.81,1993-10-18,2018-04-27
2013-05-13,600680,*ST上普,电子元件,8.8,8.85,8.66,8.79,8.66,1451051,12754738.29,0.5637,,,否,,,,,,否,382225337,257425337,3359760712.23,2262768712.23,,,,8.67,8.47,8.45,8.51,8.84,9.08,9.80,1993-10-18,2018-04-27
2013-05-14,600680,*ST上普,电子元件,8.8,8.8,8.52,8.6,8.52,837917,7206086.20,0.3255,,,否,,,,,,否,382225337,257425337,3287137898.20,2213857898.20,,,,8.70,8.50,8.44,8.50,8.83,9.08,9.80,1993-10-18,2018-04-27
2013-05-15,600680,*ST上普,电子元件,8.65,8.72,8.55,8.69,8.55,838830,7289432.70,0.3259,,,否,,,,,,否,382225337,257425337,3321538178.53,2237026178.53,,,,8.71,8.55,8.44,8.49,8.81,9.07,9.79,1993-10-18,2018-04-27
2013-05-16,600680,*ST上普,电子元件,8.69,8.84,8.62,8.75,8.62,1675103,14657151.25,0.6507,,,否,,,,,,否,382225337,257425337,3344471698.75,2252471698.75,,,,8.73,8.62,8.47,8.49,8.80,9.07,9.79,1993-10-18,2018-04-27
2013-05-17,600680,*ST上普,电子元件,8.75,8.83,8.65,8.81,8.65,1946977,17152867.37,0.7563,,,否,,,,,,否,382225337,257425337,3367405218.97,2267917218.97,,,,8.73,8.67,8.49,8.50,8.79,9.06,9.78,1993-10-18,2018-04-27
2013-05-20,600680,*ST上普,电子元件,8.81,9.22,8.8,9.19,8.8,3926350,36083156.50,1.5252,,,否,,,,,,否,382225337,257425337,3512650847.03,2365738847.03,,,,8.81,8.74,8.54,8.51,8.79,9.06,9.78,1993-10-18,2018-04-27
2013-05-21,600680,*ST上普,电子元件,9.14,9.55,9.05,9.39,9.05,6002078,56359512.42,2.3316,,,否,,,,,,否,382225337,257425337,3589095914.43,2417223914.43,,,,8.97,8.83,8.59,8.54,8.79,9.06,9.78,1993-10-18,2018-04-27
2013-05-22,600680,*ST上普,电子元件,9.35,9.45,9.0,9.14,9.0,3608213,32979066.82,1.4017,,,否,,,,,,否,382225337,257425337,3493539580.18,2352867580.18,,,,9.06,8.89,8.63,8.56,8.78,9.06,9.77,1993-10-18,2018-04-27
2013-05-23,600680,*ST上普,电子元件,9.09,9.81,9.01,9.52,9.01,5832413,55524571.76,2.2657,,,否,,,,,,否,382225337,257425337,3638785208.24,2450689208.24,,,,9.21,8.97,8.68,8.60,8.79,9.06,9.77,1993-10-18,2018-04-27
2013-05-24,600680,*ST上普,电子元件,9.35,9.54,9.33,9.5,9.33,3906744,37114068.00,1.5176,,,否,,,,,,否,382225337,257425337,3631140701.50,2445540701.50,,,,9.35,9.04,8.74,8.64,8.79,9.07,9.77,1993-10-18,2018-04-27
2013-05-27,600680,*ST上普,电子元件,9.49,9.54,9.36,9.44,9.36,2802793,26458365.92,1.0888,,,否,,,,,,否,382225337,257425337,3608207181.28,2430095181.28,,,,9.40,9.10,8.79,8.67,8.80,9.07,9.77,1993-10-18,2018-04-27
2013-05-28,600680,*ST上普,电子元件,9.44,9.44,9.06,9.23,9.06,2637531,24344411.13,1.0246,,,否,,,,,,否,382225337,257425337,3527939860.51,2376035860.51,,,,9.37,9.17,8.83,8.68,8.80,9.07,9.76,1993-10-18,2018-04-27
2013-05-29,600680,*ST上普,电子元件,9.22,9.55,9.2,9.39,9.2,2352424,22089261.36,0.9138,,,否,,,,,,否,382225337,257425337,3589095914.43,2417223914.43,,,,9.42,9.24,8.89,8.71,8.81,9.07,9.76,1993-10-18,2018-04-27
2013-05-30,600680,*ST上普,电子元件,9.27,9.38,9.22,9.31,9.22,1652981,15389253.11,0.6421,,,否,,,,,,否,382225337,257425337,3558517887.47,2396629887.47,,,,9.37,9.29,8.96,8.74,8.81,9.07,9.75,1993-10-18,2018-04-27
2013-05-31,600680,*ST上普,电子元件,9.65,10.0,9.42,9.45,9.42,5145356,48623614.20,1.9988,,,否,,,,,,否,382225337,257425337,3612029434.65,2432669434.65,,,,9.36,9.36,9.01,8.78,8.81,9.08,9.75,1993-10-18,2018-04-27
2013-06-03,600680,*ST上普,电子元件,9.25,9.36,9.1,9.26,9.1,2388566,22118121.16,0.9279,,,否,,,,,,否,382225337,257425337,3539406620.62,2383758620.62,,,,9.33,9.36,9.05,8.81,8.82,9.09,9.74,1993-10-18,2018-04-27
2013-06-04,600680,*ST上普,电子元件,9.24,9.24,8.99,9.04,8.99,1452325,13129018.00,0.5642,,,否,,,,,,否,382225337,257425337,3455317046.48,2327125046.48,,,,9.29,9.33,9.08,8.84,8.82,9.10,9.73,1993-10-18,2018-04-27
2013-06-05,600680,*ST上普,电子元件,9.03,9.11,8.98,9.07,8.98,858127,7783211.89,0.3333,,,否,,,,,,否,382225337,257425337,3466783806.59,2334847806.59,,,,9.23,9.32,9.10,8.86,8.81,9.11,9.73,1993-10-18,2018-04-27
2013-06-06,600680,*ST上普,电子元件,9.09,9.09,8.82,8.86,8.82,872600,7731236.00,0.3390,,,否,,,,,,否,382225337,257425337,3386516485.82,2280788485.82,,,,9.14,9.26,9.11,8.87,8.81,9.11,9.72,1993-10-18,2018-04-27
2013-06-07,600680,*ST上普,电子元件,8.88,8.95,8.54,8.67,8.54,1062103,9208433.01,0.4126,,,否,,,,,,否,382225337,257425337,3313893671.79,2231877671.79,,,,8.98,9.17,9.11,8.88,8.80,9.12,9.71,1993-10-18,2018-04-27
2013-06-13,600680,*ST上普,电子元件,8.65,8.65,8.3,8.41,8.3,825824,6945179.84,0.3208,,,否,,,,,,否,382225337,257425337,3214515084.17,2164947084.17,,,,8.81,9.07,9.09,8.88,8.79,9.12,9.70,1993-10-18,2018-04-27
2013-06-14,600680,*ST上普,电子元件,8.45,8.59,8.4,8.51,8.4,672384,5721987.84,0.2612,,,否,,,,,,否,382225337,257425337,3252737617.87,2190689617.87,,,,8.70,9.00,9.08,8.89,8.78,9.12,9.69,1993-10-18,2018-04-27
2013-06-17,600680,*ST上普,电子元件,8.56,8.86,8.45,8.71,8.45,1402487,12215661.77,0.5448,,,否,,,,,,否,382225337,257425337,3329182685.27,2242174685.27,,,,8.63,8.93,9.08,8.91,8.79,9.12,9.69,1993-10-18,2018-04-27
2013-06-18,600680,*ST上普,电子元件,8.67,8.75,8.55,8.59,8.55,1049142,9012129.78,0.4076,,,否,,,,,,否,382225337,257425337,3283315644.83,2211283644.83,,,,8.58,8.86,9.07,8.92,8.77,9.12,9.68,1993-10-18,2018-04-27
2013-06-19,600680,*ST上普,电子元件,8.59,8.77,8.43,8.68,8.43,832639,7227306.52,0.3234,,,否,,,,,,否,382225337,257425337,3317715925.16,2234451925.16,,,,8.58,8.78,9.07,8.94,8.76,9.12,9.67,1993-10-18,2018-04-27
2013-06-20,600680,*ST上普,电子元件,8.69,8.69,8.32,8.34,8.32,928738,7745674.92,0.3608,,,否,,,,,,否,382225337,257425337,3187759310.58,2146927310.58,,,,8.57,8.69,9.03,8.93,8.75,9.11,9.66,1993-10-18,2018-04-27
2013-06-21,600680,*ST上普,电子元件,8.34,8.35,8.16,8.34,8.16,668741,5577299.94,0.2598,,,否,,,,,,否,382225337,257425337,3187759310.58,2146927310.58,,,,8.53,8.62,8.97,8.93,8.74,9.10,9.65,1993-10-18,2018-04-27
2013-06-24,600680,*ST上普,电子元件,8.39,8.55,7.74,7.75,7.74,2345042,18174075.50,0.9110,,,否,,,,,,否,382225337,257425337,2962246361.75,1995046361.75,,,,8.34,8.49,8.90,8.90,8.72,9.08,9.64,1993-10-18,2018-04-27
2013-06-25,600680,*ST上普,电子元件,7.67,7.78,7.15,7.65,7.15,1287980,9853047.00,0.5003,,,否,,,,,,否,382225337,257425337,2924023828.05,1969303828.05,,,,8.15,8.37,8.81,8.86,8.69,9.06,9.63,1993-10-18,2018-04-27
2013-06-26,600680,*ST上普,电子元件,7.65,7.79,7.53,7.77,7.53,751375,5838183.75,0.2919,,,否,,,,,,否,382225337,257425337,2969890868.49,2000194868.49,,,,7.97,8.28,8.72,8.83,8.67,9.04,9.62,1993-10-18,2018-04-27
2013-06-27,600680,*ST上普,电子元件,7.89,7.95,7.49,7.51,7.49,838246,6295227.46,0.3256,,,否,,,,,,否,382225337,257425337,2870512280.87,1933264280.87,,,,7.80,8.19,8.63,8.79,8.65,9.02,9.61,1993-10-18,2018-04-27
2013-06-28,600680,*ST上普,电子元件,7.45,7.69,7.41,7.48,7.41,560360,4191492.80,0.2177,,,否,,,,,,否,382225337,257425337,2859045520.76,1925541520.76,,,,7.63,8.08,8.54,8.75,8.62,9.00,9.59,1993-10-18,2018-04-27
2013-07-01,600680,*ST上普,电子元件,7.44,7.65,7.44,7.6,7.44,449600,3416960.00,0.1747,,,否,,,,,,否,382225337,257425337,2904912561.20,1956432561.20,,,,7.60,7.97,8.45,8.71,8.60,8.98,9.58,1993-10-18,2018-04-27
2013-07-02,600680,*ST上普,电子元件,7.67,7.77,7.58,7.74,7.58,573554,4439307.96,0.2228,,,否,,,,,,否,382225337,257425337,2958424108.38,1992472108.38,,,,7.62,7.89,8.37,8.68,8.59,8.96,9.57,1993-10-18,2018-04-27
2013-07-03,600680,*ST上普,电子元件,7.7,7.75,7.43,7.73,7.43,826838,6391457.74,0.3212,,,否,,,,,,否,382225337,257425337,2954601855.01,1989897855.01,,,,7.61,7.79,8.29,8.64,8.57,8.94,9.56,1993-10-18,2018-04-27
2013-07-04,600680,*ST上普,电子元件,7.66,8.05,7.63,7.97,7.63,1262074,10058729.78,0.4903,,,否,,,,,,否,382225337,257425337,3046335935.89,2051679935.89,,,,7.70,7.75,8.22,8.60,8.56,8.93,9.54,1993-10-18,2018-04-27
2013-07-05,600680,*ST上普,电子元件,8.02,8.02,7.76,7.8,7.76,864696,6744628.80,0.3359,,,否,,,,,,否,382225337,257425337,2981357628.60,2007917628.60,,,,7.77,7.70,8.16,8.55,8.54,8.91,9.53,1993-10-18,2018-04-27
2013-07-08,600680,*ST上普,电子元件,7.78,7.78,7.4,7.41,7.4,626947,4645677.27,0.2435,,,否,,,,,,否,382225337,257425337,2832289747.17,1907521747.17,,,,7.73,7.67,8.08,8.49,8.53,8.89,9.51,1993-10-18,2018-04-27
2013-07-09,600680,*ST上普,电子元件,7.39,7.51,7.39,7.42,7.39,500660,3714897.20,0.1945,,,否,,,,,,否,382225337,257425337,2836112000.54,1910096000.54,,,,7.67,7.64,8.00,8.42,8.51,8.87,9.49,1993-10-18,2018-04-27
2013-07-10,600680,*ST上普,电子元件,7.45,7.75,7.45,7.68,7.45,594010,4561996.80,0.2308,,,否,,,,,,否,382225337,257425337,2935490588.16,1977026588.16,,,,7.66,7.63,7.95,8.36,8.50,8.86,9.48,1993-10-18,2018-04-27
2013-07-11,600680,*ST上普,电子元件,7.61,7.95,7.61,7.91,7.61,827789,6547810.99,0.3216,,,否,,,,,,否,382225337,257425337,3023402415.67,2036234415.67,,,,7.64,7.67,7.93,8.31,8.49,8.84,9.46,1993-10-18,2018-04-27
2013-07-12,600680,*ST上普,电子元件,7.86,7.98,7.81,7.83,7.81,674884,5284341.72,0.2622,,,否,,,,,,否,382225337,257425337,2992824388.71,2015640388.71,,,,7.65,7.71,7.90,8.26,8.47,8.82,9.45,1993-10-18,2018-04-27
2013-07-15,600680,*ST上普,电子元件,7.91,8.2,7.91,8.05,7.91,971338,7819270.90,0.3773,,,否,,,,,,否,382225337,257425337,3076913962.85,2072273962.85,,,,7.78,7.75,7.86,8.22,8.46,8.81,9.43,1993-10-18,2018-04-27
2013-07-16,600680,*ST上普,电子元件,8.02,8.2,7.95,8.19,7.95,1025341,8397542.79,0.3983,,,否,,,,,,否,382225337,257425337,3130425510.03,2108313510.03,,,,7.93,7.80,7.84,8.18,8.46,8.79,9.42,1993-10-18,2018-04-27
2013-07-17,600680,*ST上普,电子元件,8.19,8.58,8.03,8.25,8.03,2247037,18538055.25,0.8729,,,否,,,,,,否,382225337,257425337,3153359030.25,2123759030.25,,,,8.05,7.85,7.82,8.14,8.46,8.78,9.40,1993-10-18,2018-04-27
2013-07-18,600680,*ST上普,电子元件,8.18,8.5,8.0,8.39,8.0,1950076,16361137.64,0.7575,,,否,,,,,,否,382225337,257425337,3206870577.43,2159798577.43,,,,8.14,7.89,7.82,8.11,8.46,8.77,9.38,1993-10-18,2018-04-27
2013-07-19,600680,*ST上普,电子元件,8.57,8.87,8.18,8.2,8.18,3000176,24601443.20,1.1655,,,否,,,,,,否,382225337,257425337,3134247763.40,2110887763.40,,,,8.22,7.93,7.82,8.08,8.46,8.76,9.37,1993-10-18,2018-04-27
2013-07-22,600680,*ST上普,电子元件,8.09,8.43,7.9,8.36,7.9,1567231,13102051.16,0.6088,,,否,,,,,,否,382225337,257425337,3195403817.32,2152075817.32,,,,8.28,8.03,7.85,8.06,8.46,8.75,9.35,1993-10-18,2018-04-27
2013-07-23,600680,*ST上普,电子元件,8.43,8.68,8.36,8.65,8.36,1882145,16280554.25,0.7311,,,否,,,,,,否,382225337,257425337,3306249165.05,2226729165.05,,,,8.37,8.15,7.90,8.05,8.46,8.73,9.34,1993-10-18,2018-04-27
2013-07-24,600680,*ST上普,电子元件,8.64,8.64,8.4,8.55,8.4,1868713,15977496.15,0.7259,,,否,,,,,,否,382225337,257425337,3268026631.35,2200986631.35,,,,8.43,8.24,7.94,8.05,8.47,8.72,9.33,1993-10-18,2018-04-27
2013-07-25,600680,*ST上普,电子元件,8.47,8.68,8.31,8.35,8.31,1377109,11498860.15,0.5350,,,否,,,,,,否,382225337,257425337,3191581563.95,2149501563.95,,,,8.42,8.28,7.98,8.05,8.46,8.71,9.32,1993-10-18,2018-04-27
2013-07-26,600680,*ST上普,电子元件,8.29,8.37,8.2,8.31,8.2,782652,6503838.12,0.3040,,,否,,,,,,否,382225337,257425337,3176292550.47,2139204550.47,,,,8.44,8.33,8.02,8.04,8.46,8.70,9.31,1993-10-18,2018-04-27
2013-07-29,600680,*ST上普,电子元件,8.32,8.35,8.04,8.07,8.04,910080,7344345.60,0.3535,,,否,,,,,,否,382225337,257425337,3084558469.59,2077422469.59,,,,8.39,8.33,8.04,8.02,8.46,8.69,9.30,1993-10-18,2018-04-27
2013-07-30,600680,*ST上普,电子元件,8.14,8.2,7.99,8.05,7.99,615968,4958542.40,0.2393,,,否,,,,,,否,382225337,257425337,3076913962.85,2072273962.85,,,,8.27,8.32,8.06,8.00,8.46,8.68,9.29,1993-10-18,2018-04-27
2013-07-31,600680,*ST上普,电子元件,8.15,8.24,8.08,8.13,8.08,519983,4227461.79,0.2020,,,否,,,,,,否,382225337,257425337,3107491989.81,2092867989.81,,,,8.18,8.31,8.08,7.98,8.46,8.67,9.28,1993-10-18,2018-04-27
2013-08-01,600680,*ST上普,电子元件,8.15,8.44,8.1,8.42,8.1,1425868,12005808.56,0.5539,,,否,,,,,,否,382225337,257425337,3218337337.54,2167521337.54,,,,8.20,8.31,8.10,7.99,8.46,8.67,9.28,1993-10-18,2018-04-27
2013-08-02,600680,*ST上普,电子元件,8.42,8.47,8.36,8.42,8.36,1105009,9304175.78,0.4293,,,否,,,,,,否,382225337,257425337,3218337337.54,2167521337.54,,,,8.22,8.33,8.13,7.99,8.46,8.66,9.27,1993-10-18,2018-04-27
2013-08-05,600680,*ST上普,电子元件,8.29,8.49,8.29,8.47,8.29,868088,7352705.36,0.3372,,,否,,,,,,否,382225337,257425337,3237448604.39,2180392604.39,,,,8.30,8.34,8.19,8.01,8.45,8.66,9.26,1993-10-18,2018-04-27
2013-08-06,600680,*ST上普,电子元件,8.43,8.66,8.37,8.56,8.37,1312670,11236455.20,0.5099,,,否,,,,,,否,382225337,257425337,3271848884.72,2203560884.72,,,,8.40,8.33,8.24,8.04,8.45,8.66,9.26,1993-10-18,2018-04-27
2013-08-07,600680,*ST上普,电子元件,8.56,8.57,8.33,8.39,8.33,1315077,11033496.03,0.5109,,,否,,,,,,否,382225337,257425337,3206870577.43,2159798577.43,,,,8.45,8.32,8.28,8.06,8.45,8.65,9.25,1993-10-18,2018-04-27
2013-08-08,600680,*ST上普,电子元件,8.34,8.52,8.34,8.44,8.34,926197,7817102.68,0.3598,,,否,,,,,,否,382225337,257425337,3225981844.28,2172669844.28,,,,8.46,8.33,8.30,8.09,8.44,8.64,9.24,1993-10-18,2018-04-27
2013-08-09,600680,*ST上普,电子元件,8.46,8.46,8.25,8.4,8.25,1009233,8477557.20,0.3920,,,否,,,,,,否,382225337,257425337,3210692830.80,2162372830.80,,,,8.45,8.34,8.33,8.12,8.44,8.63,9.24,1993-10-18,2018-04-27
2013-08-12,600680,*ST上普,电子元件,8.48,8.62,8.38,8.58,8.38,1553083,13325452.14,0.6033,,,否,,,,,,否,382225337,257425337,3279493391.46,2208709391.46,,,,8.47,8.39,8.36,8.16,8.43,8.62,9.23,1993-10-18,2018-04-27
2013-08-13,600680,*ST上普,电子元件,8.64,8.64,8.53,8.61,8.53,1473495,12686791.95,0.5724,,,否,,,,,,否,382225337,257425337,3290960151.57,2216432151.57,,,,8.48,8.44,8.38,8.19,8.43,8.62,9.22,1993-10-18,2018-04-27
2013-08-14,600680,*ST上普,电子元件,8.6,8.84,8.51,8.66,8.51,2046493,17722629.38,0.7950,,,否,,,,,,否,382225337,257425337,3310071418.42,2229303418.42,,,,8.54,8.50,8.40,8.22,8.43,8.61,9.22,1993-10-18,2018-04-27
2013-08-15,600680,*ST上普,电子元件,8.85,9.53,8.84,9.53,8.84,9062232,86363070.96,3.5203,,,否,,,,,,是,382225337,257425337,3642607461.61,2453263461.61,,,,8.76,8.61,8.46,8.27,8.44,8.61,9.22,1993-10-18,2018-04-27
2013-08-16,600680,*ST上普,电子元件,9.49,10.09,9.35,9.6,9.35,15008976,144086169.60,5.8304,,,否,,,,,,否,382225337,257425337,3669363235.20,2471283235.20,,,,9.00,8.72,8.53,8.33,8.44,8.61,9.22,1993-10-18,2018-04-27
2013-08-19,600680,*ST上普,电子元件,9.42,10.03,9.1,9.89,9.1,11155798,110330842.22,4.3336,,,否,,,,,,否,382225337,257425337,3780208582.93,2545936582.93,,,,9.26,8.87,8.60,8.41,8.45,8.62,9.21,1993-10-18,2018-04-27
2013-08-20,600680,*ST上普,电子元件,9.71,10.56,9.58,10.27,9.58,10717911,110072945.97,4.1635,,,否,,,,,,否,382225337,257425337,3925454210.99,2643758210.99,,,,9.59,9.04,8.69,8.51,8.46,8.63,9.21,1993-10-18,2018-04-27
2013-08-21,600680,*ST上普,电子元件,10.12,10.48,9.97,10.1,9.97,7658488,77350728.80,2.9750,,,否,,,,,,否,382225337,257425337,3860475903.70,2599995903.70,,,,9.88,9.21,8.76,8.59,8.47,8.63,9.21,1993-10-18,2018-04-27
2013-08-22,600680,*ST上普,电子元件,10.05,10.24,9.84,9.9,9.84,7378640,73048536.00,2.8663,,,否,,,,,,否,382225337,257425337,3784030836.30,2548510836.30,,,,9.95,9.35,8.84,8.65,8.48,8.64,9.21,1993-10-18,2018-04-27
2013-08-23,600680,*ST上普,电子元件,9.83,10.54,9.83,10.37,9.83,11198331,116126692.47,4.3501,,,否,,,,,,否,382225337,257425337,3963676744.69,2669500744.69,,,,10.11,9.55,8.94,8.74,8.50,8.65,9.21,1993-10-18,2018-04-27
2013-08-26,600680,*ST上普,电子元件,10.32,11.41,10.18,11.17,10.18,14953084,167025948.28,5.8087,,,否,,,,,,否,382225337,257425337,4269457014.29,2875441014.29,,,,10.36,9.81,9.10,8.84,8.53,8.67,9.21,1993-10-18,2018-04-27
2013-08-27,600680,*ST上普,电子元件,11.0,11.89,10.86,11.35,10.86,14391120,163339212.00,5.5904,,,否,,,,,,否,382225337,257425337,4338257574.95,2921777574.95,,,,10.58,10.08,9.26,8.95,8.56,8.69,9.22,1993-10-18,2018-04-27
2013-08-28,600680,*ST上普,电子元件,11.1,11.67,10.91,11.08,10.91,10359544,114783747.52,4.0243,,,否,,,,,,否,382225337,257425337,4235056733.96,2852272733.96,,,,10.77,10.33,9.41,9.04,8.59,8.70,9.22,1993-10-18,2018-04-27
2013-08-29,600680,*ST上普,电子元件,10.99,11.05,10.68,10.76,10.68,6309822,67893684.72,2.4511,,,否,,,,,,否,382225337,257425337,4112744626.12,2769896626.12,,,,10.95,10.45,9.53,9.12,8.62,8.72,9.22,1993-10-18,2018-04-27
2013-08-30,600680,*ST上普,电子元件,10.77,11.05,10.45,10.51,10.45,6954819,73095147.69,2.7017,,,否,,,,,,否,382225337,257425337,4017188291.87,2705540291.87,,,,10.97,10.54,9.63,9.20,8.64,8.73,9.22,1993-10-18,2018-04-27
2013-09-02,600680,*ST上普,电子元件,10.41,10.48,10.03,10.21,10.03,4984257,50889263.97,1.9362,,,否,,,,,,否,382225337,257425337,3902520690.77,2628312690.77,,,,10.78,10.57,9.72,9.26,8.66,8.74,9.22,1993-10-18,2018-04-27
2013-09-03,600680,*ST上普,电子元件,10.16,10.55,10.11,10.54,10.11,4538080,47831363.20,1.7629,,,否,,,,,,否,382225337,257425337,4028655051.98,2713263051.98,,,,10.62,10.60,9.82,9.32,8.69,8.75,9.22,1993-10-18,2018-04-27
2013-09-04,600680,*ST上普,电子元件,10.44,10.49,10.2,10.24,10.2,4003278,40993566.72,1.5551,,,否,,,,,,否,382225337,257425337,3913987450.88,2636035450.88,,,,10.45,10.61,9.91,9.38,8.71,8.76,9.22,1993-10-18,2018-04-27
2013-09-05,600680,*ST上普,电子元件,10.19,10.37,10.11,10.25,10.11,3282542,33646055.50,1.2751,,,否,,,,,,否,382225337,257425337,3917809704.25,2638609704.25,,,,10.35,10.65,10.00,9.44,8.74,8.77,9.22,1993-10-18,2018-04-27
2013-09-06,600680,*ST上普,电子元件,10.25,10.67,10.21,10.53,10.21,5602815,58997641.95,2.1765,,,否,,,,,,否,382225337,257425337,4024832798.61,2710688798.61,,,,10.35,10.66,10.11,9.52,8.78,8.78,9.22,1993-10-18,2018-04-27
2013-09-09,600680,*ST上普,电子元件,10.65,10.8,10.38,10.45,10.38,5814104,60757386.80,2.2586,,,否,,,,,,否,382225337,257425337,3994254771.65,2690094771.65,,,,10.40,10.59,10.20,9.60,8.81,8.80,9.23,1993-10-18,2018-04-27
2013-09-10,600680,*ST上普,电子元件,10.48,11.25,10.48,11.14,10.48,9076540,101112655.60,3.5259,,,否,,,,,,否,382225337,257425337,4257990254.18,2867718254.18,,,,10.52,10.57,10.33,9.70,8.85,8.81,9.23,1993-10-18,2018-04-27
2013-09-11,600680,*ST上普,电子元件,11.1,11.1,10.48,10.6,10.48,5387161,57103906.60,2.0927,,,否,,,,,,否,382225337,257425337,4051588572.20,2728708572.20,,,,10.59,10.52,10.42,9.78,8.88,8.82,9.24,1993-10-18,2018-04-27
2013-09-12,600680,*ST上普,电子元件,10.56,10.9,10.31,10.41,10.31,4418224,45993711.84,1.7163,,,否,,,,,,否,382225337,257425337,3978965758.17,2679797758.17,,,,10.63,10.49,10.47,9.85,8.92,8.83,9.24,1993-10-18,2018-04-27
2013-09-13,600680,*ST上普,电子元件,10.4,10.4,10.01,10.21,10.01,3557478,36321850.38,1.3819,,,否,,,,,,否,382225337,257425337,3902520690.77,2628312690.77,,,,10.56,10.46,10.50,9.91,8.95,8.84,9.24,1993-10-18,2018-04-27
2013-09-16,600680,*ST上普,电子元件,10.17,10.41,10.11,10.29,10.11,2213491,22776822.39,0.8599,,,否,,,,,,否,382225337,257425337,3933098717.73,2648906717.73,,,,10.53,10.47,10.52,9.97,8.99,8.85,9.24,1993-10-18,2018-04-27
2013-09-17,600680,*ST上普,电子元件,10.21,10.31,10.0,10.1,10.0,2307182,23302538.20,0.8963,,,否,,,,,,否,382225337,257425337,3860475903.70,2599995903.70,,,,10.32,10.42,10.51,10.02,9.03,8.86,9.24,1993-10-18,2018-04-27
2013-09-18,600680,*ST上普,电子元件,10.25,10.42,10.15,10.37,10.15,2992864,31035999.68,1.1626,,,否,,,,,,否,382225337,257425337,3963676744.69,2669500744.69,,,,10.28,10.44,10.52,10.09,9.07,8.87,9.24,1993-10-18,2018-04-27
2013-09-23,600680,*ST上普,电子元件,10.35,10.58,10.26,10.57,10.26,3917218,41404994.26,1.5217,,,否,,,,,,否,382225337,257425337,4040121812.09,2720985812.09,,,,10.31,10.47,10.56,10.16,9.13,8.89,9.24,1993-10-18,2018-04-27
2013-09-24,600680,*ST上普,电子元件,10.59,10.89,10.3,10.78,10.3,6186946,66695277.88,2.4034,,,否,,,,,,否,382225337,257425337,4120389132.86,2775045132.86,,,,10.42,10.49,10.58,10.24,9.18,8.90,9.25,1993-10-18,2018-04-27
2013-09-25,600680,*ST上普,电子元件,10.84,11.18,10.73,10.76,10.73,7459146,80260410.96,2.8976,,,否,,,,,,否,382225337,257425337,4112744626.12,2769896626.12,,,,10.52,10.52,10.56,10.31,9.23,8.92,9.25,1993-10-18,2018-04-27
2013-09-26,600680,*ST上普,电子元件,10.63,10.66,9.81,9.84,9.81,4792182,47155070.88,1.8616,,,否,,,,,,否,382225337,257425337,3761097316.08,2533065316.08,,,,10.46,10.39,10.48,10.35,9.27,8.93,9.24,1993-10-18,2018-04-27
2013-09-27,600680,*ST上普,电子元件,9.63,10.0,9.63,9.71,9.63,2234555,21697529.05,0.8680,,,否,,,,,,否,382225337,257425337,3711408022.27,2499600022.27,,,,10.33,10.30,10.41,10.38,9.30,8.94,9.24,1993-10-18,2018-04-27
2013-09-30,600680,*ST上普,电子元件,9.6,10.18,9.6,10.04,9.6,1827705,18350158.20,0.7100,,,否,,,,,,否,382225337,257425337,3837542383.48,2584550383.48,,,,10.23,10.27,10.38,10.40,9.34,8.95,9.24,1993-10-18,2018-04-27
2013-10-08,600680,*ST上普,电子元件,9.99,10.5,9.88,10.48,9.88,3026981,31722760.88,1.1759,,,否,,,,,,否,382225337,257425337,4005721531.76,2697817531.76,,,,10.17,10.29,10.38,10.43,9.38,8.96,9.23,1993-10-18,2018-04-27
2013-10-09,600680,*ST上普,电子元件,10.5,10.57,10.32,10.51,10.32,2495929,26232213.79,0.9696,,,否,,,,,,否,382225337,257425337,4017188291.87,2705540291.87,,,,10.12,10.32,10.39,10.45,9.43,8.98,9.23,1993-10-18,2018-04-27
2013-10-10,600680,*ST上普,电子元件,10.52,10.72,10.26,10.35,10.26,3045805,31524081.75,1.1832,,,否,,,,,,否,382225337,257425337,3956032237.95,2664352237.95,,,,10.22,10.34,10.38,10.45,9.48,9.00,9.23,1993-10-18,2018-04-27
2013-10-11,600680,*ST上普,电子元件,10.42,11.39,10.42,11.22,10.42,10662235,119630276.70,4.1419,,,否,,,,,,否,382225337,257425337,4288568281.14,2888312281.14,,,,10.52,10.43,10.43,10.49,9.54,9.02,9.23,1993-10-18,2018-04-27
2013-10-14,600680,*ST上普,电子元件,11.33,11.33,10.89,11.09,10.89,5459058,60540953.22,2.1206,,,否,,,,,,否,382225337,257425337,4238878987.33,2854846987.33,,,,10.73,10.48,10.47,10.53,9.59,9.04,9.23,1993-10-18,2018-04-27
2013-10-15,600680,*ST上普,电子元件,11.09,11.17,10.75,10.9,10.75,4048930,44133337.00,1.5729,,,否,,,,,,否,382225337,257425337,4166256173.30,2805936173.30,,,,10.81,10.49,10.49,10.55,9.64,9.06,9.23,1993-10-18,2018-04-27
2013-10-16,600680,*ST上普,电子元件,10.89,10.89,10.43,10.57,10.43,2382749,25185656.93,0.9256,,,否,,,,,,否,382225337,257425337,4040121812.09,2720985812.09,,,,10.83,10.47,10.50,10.53,9.69,9.07,9.24,1993-10-18,2018-04-27
2013-10-17,600680,*ST上普,电子元件,10.55,10.8,10.54,10.61,10.54,1559559,16546920.99,0.6058,,,否,,,,,,否,382225337,257425337,4055410825.57,2731282825.57,,,,10.88,10.55,10.47,10.50,9.73,9.09,9.24,1993-10-18,2018-04-27
2013-10-18,600680,*ST上普,电子元件,10.61,10.99,10.56,10.94,10.56,2817142,30819533.48,1.0944,,,否,,,,,,否,382225337,257425337,4181545186.78,2816233186.78,,,,10.82,10.67,10.49,10.50,9.77,9.12,9.24,1993-10-18,2018-04-27
2013-10-21,600680,*ST上普,电子元件,11.05,11.3,10.92,11.05,10.92,4222406,46657586.30,1.6402,,,否,,,,,,否,382225337,257425337,4223589973.85,2844549973.85,,,,10.81,10.77,10.52,10.51,9.82,9.14,9.24,1993-10-18,2018-04-27
2013-10-22,600680,*ST上普,电子元件,10.95,11.65,10.9,11.29,10.9,5331651,60194339.79,2.0711,,,否,,,,,,否,382225337,257425337,4315324054.73,2906332054.73,,,,10.89,10.85,10.57,10.54,9.87,9.16,9.25,1993-10-18,2018-04-27
2013-10-23,600680,*ST上普,电子元件,11.2,11.2,10.16,10.16,10.16,5437286,55242825.76,2.1122,,,否,,,,,,否,382225337,257425337,3883409423.92,2615441423.92,,,,10.81,10.82,10.57,10.53,9.90,9.18,9.25,1993-10-18,2018-04-27
2013-10-24,600680,*ST上普,电子元件,10.1,10.26,10.03,10.14,10.03,1813165,18385493.10,0.7043,,,否,,,,,,否,382225337,257425337,3875764917.18,2610292917.18,,,,10.72,10.80,10.57,10.52,9.92,9.19,9.25,1993-10-18,2018-04-27
2013-10-25,600680,*ST上普,电子元件,10.18,10.18,9.55,9.66,9.55,2702176,26103020.16,1.0497,,,否,,,,,,否,382225337,257425337,3692296755.42,2486728755.42,,,,10.46,10.64,10.53,10.50,9.94,9.20,9.24,1993-10-18,2018-04-27
2013-10-28,600680,*ST上普,电子元件,9.69,9.77,9.45,9.61,9.45,1047658,10067993.38,0.4070,,,否,,,,,,否,382225337,257425337,3673185488.57,2473857488.57,,,,10.17,10.49,10.49,10.48,9.96,9.21,9.24,1993-10-18,2018-04-27
2013-10-29,600680,*ST上普,电子元件,9.61,9.74,8.82,9.05,8.82,2287848,20705024.40,0.8887,,,否,,,,,,否,382225337,257425337,3459139299.85,2329699299.85,,,,9.72,10.31,10.40,10.43,9.97,9.22,9.24,1993-10-18,2018-04-27
2013-10-30,600680,*ST上普,电子元件,9.13,9.22,9.0,9.17,9.0,1208087,11078157.79,0.4693,,,否,,,,,,否,382225337,257425337,3505006340.29,2360590340.29,,,,9.53,10.17,10.32,10.39,9.99,9.23,9.23,1993-10-18,2018-04-27
2013-10-31,600680,*ST上普,电子元件,9.16,9.22,9.07,9.18,9.07,917237,8420235.66,0.3563,,,否,,,,,,否,382225337,257425337,3508828593.66,2363164593.66,,,,9.33,10.03,10.29,10.32,10.01,9.24,9.23,1993-10-18,2018-04-27
2013-11-01,600680,*ST上普,电子元件,9.18,9.23,9.02,9.07,9.02,829766,7525977.62,0.3223,,,否,,,,,,否,382225337,257425337,3466783806.59,2334847806.59,,,,9.22,9.84,10.25,10.27,10.03,9.24,9.22,1993-10-18,2018-04-27
2013-11-04,600680,*ST上普,电子元件,9.07,9.24,9.01,9.23,9.01,724415,6686350.45,0.2814,,,否,,,,,,否,382225337,257425337,3527939860.51,2376035860.51,,,,9.14,9.66,10.21,10.23,10.04,9.25,9.22,1993-10-18,2018-04-27
2013-11-05,600680,*ST上普,电子元件,9.2,9.39,9.1,9.36,9.1,978841,9161951.76,0.3802,,,否,,,,,,否,382225337,257425337,3577629154.32,2409501154.32,,,,9.20,9.46,10.16,10.20,10.06,9.26,9.21,1993-10-18,2018-04-27
2013-11-06,600680,*ST上普,电子元件,9.3,9.46,9.13,9.14,9.13,1337672,12226322.08,0.5196,,,否,,,,,,否,382225337,257425337,3493539580.18,2352867580.18,,,,9.20,9.36,10.09,10.17,10.07,9.26,9.21,1993-10-18,2018-04-27
2013-11-07,600680,*ST上普,电子元件,9.15,9.18,8.82,8.85,8.82,1369568,12120676.80,0.5320,,,否,,,,,,否,382225337,257425337,3382694232.45,2278214232.45,,,,9.13,9.23,10.01,10.12,10.07,9.26,9.20,1993-10-18,2018-04-27
2013-11-08,600680,*ST上普,电子元件,8.8,8.9,8.5,8.52,8.5,1431338,12194999.76,0.5560,,,否,,,,,,否,382225337,257425337,3256559871.24,2193263871.24,,,,9.02,9.12,9.88,10.06,10.07,9.26,9.20,1993-10-18,2018-04-27
2013-11-11,600680,*ST上普,电子元件,8.56,8.86,8.46,8.77,8.46,1259960,11049849.20,0.4894,,,否,,,,,,否,382225337,257425337,3352116205.49,2257620205.49,,,,8.93,9.03,9.76,10.00,10.08,9.26,9.19,1993-10-18,2018-04-27
2013-11-12,600680,*ST上普,电子元件,8.78,8.91,8.68,8.87,8.68,804096,7132331.52,0.3124,,,否,,,,,,否,382225337,257425337,3390338739.19,2283362739.19,,,,8.83,9.02,9.66,9.94,10.09,9.26,9.19,1993-10-18,2018-04-27
2013-11-13,600680,*ST上普,电子元件,8.88,9.21,8.7,9.1,8.7,2171578,19761359.80,0.8436,,,否,,,,,,否,382225337,257425337,3478250566.70,2342570566.70,,,,8.82,9.01,9.59,9.88,10.10,9.27,9.19,1993-10-18,2018-04-27
2013-11-14,600680,*ST上普,电子元件,9.09,9.49,8.96,9.4,8.96,2904802,27305138.80,1.1284,,,否,,,,,,否,382225337,257425337,3592918167.80,2419798167.80,,,,8.93,9.03,9.53,9.87,10.11,9.27,9.19,1993-10-18,2018-04-27
2013-11-15,600680,*ST上普,电子元件,9.3,9.54,9.27,9.33,9.27,3332876,31095733.08,1.2947,,,否,,,,,,否,382225337,257425337,3566162394.21,2401778394.21,,,,9.09,9.06,9.45,9.86,10.12,9.27,9.19,1993-10-18,2018-04-27
2013-11-18,600680,*ST上普,电子元件,9.35,9.43,9.3,9.42,9.3,1854088,17465508.96,0.7202,,,否,,,,,,否,382225337,257425337,3600562674.54,2424946674.54,,,,9.22,9.08,9.37,9.83,10.12,9.28,9.19,1993-10-18,2018-04-27
2013-11-19,600680,*ST上普,电子元件,9.48,9.48,9.3,9.38,9.3,1196010,11218573.80,0.4646,,,否,,,,,,否,382225337,257425337,3585273661.06,2414649661.06,,,,9.33,9.08,9.27,9.80,10.11,9.28,9.18,1993-10-18,2018-04-27
2013-11-20,600680,*ST上普,电子元件,9.38,9.59,9.31,9.57,9.31,1836428,17574615.96,0.7134,,,否,,,,,,否,382225337,257425337,3657896475.09,2463560475.09,,,,9.42,9.12,9.24,9.77,10.11,9.28,9.18,1993-10-18,2018-04-27
2013-11-21,600680,*ST上普,电子元件,9.57,9.57,9.34,9.42,9.34,1292157,12172118.94,0.5020,,,否,,,,,,否,382225337,257425337,3600562674.54,2424946674.54,,,,9.42,9.18,9.21,9.74,10.09,9.28,9.18,1993-10-18,2018-04-27
2013-11-22,600680,*ST上普,电子元件,9.44,9.5,9.32,9.38,9.32,915703,8589294.14,0.3557,,,否,,,,,,否,382225337,257425337,3585273661.06,2414649661.06,,,,9.43,9.26,9.19,9.67,10.08,9.28,9.18,1993-10-18,2018-04-27
2013-11-25,600680,*ST上普,电子元件,9.35,9.67,9.35,9.52,9.35,1875287,17852732.24,0.7285,,,否,,,,,,否,382225337,257425337,3638785208.24,2450689208.24,,,,9.45,9.34,9.19,9.62,10.08,9.28,9.18,1993-10-18,2018-04-27
2013-11-26,600680,*ST上普,电子元件,9.39,9.64,9.39,9.59,9.39,1504681,14429890.79,0.5845,,,否,,,,,,否,382225337,257425337,3665540981.83,2468708981.83,,,,9.50,9.41,9.21,9.58,10.06,9.28,9.18,1993-10-18,2018-04-27
2013-11-27,600680,*ST上普,电子元件,9.52,9.73,9.5,9.68,9.5,1698846,16444829.28,0.6599,,,否,,,,,,否,382225337,257425337,3699941262.16,2491877262.16,,,,9.52,9.47,9.24,9.55,10.04,9.28,9.18,1993-10-18,2018-04-27
2013-11-28,600680,*ST上普,电子元件,9.68,9.77,9.6,9.61,9.6,1590246,15282264.06,0.6178,,,否,,,,,,否,382225337,257425337,3673185488.57,2473857488.57,,,,9.56,9.49,9.26,9.52,10.01,9.29,9.18,1993-10-18,2018-04-27
2013-11-29,600680,*ST上普,电子元件,9.63,9.94,9.63,9.77,9.63,1938003,18934289.31,0.7528,,,否,,,,,,否,382225337,257425337,3734341542.49,2515045542.49,,,,9.63,9.53,9.30,9.48,9.99,9.29,9.18,1993-10-18,2018-04-27
2013-12-02,600680,*ST上普,电子元件,9.52,9.6,8.79,8.89,8.79,2821854,25086282.06,1.0962,,,否,,,,,,否,382225337,257425337,3397983245.93,2288511245.93,,,,9.51,9.48,9.28,9.40,9.96,9.29,9.18,1993-10-18,2018-04-27
2013-12-03,600680,*ST上普,电子元件,8.81,9.4,8.81,9.36,8.81,1695234,15867390.24,0.6585,,,否,,,,,,否,382225337,257425337,3577629154.32,2409501154.32,,,,9.46,9.48,9.28,9.34,9.94,9.29,9.18,1993-10-18,2018-04-27
2013-12-04,600680,*ST上普,电子元件,9.27,9.8,9.23,9.64,9.23,2539364,24479468.96,0.9864,,,否,,,,,,否,382225337,257425337,3684652248.68,2481580248.68,,,,9.45,9.49,9.30,9.32,9.93,9.29,9.18,1993-10-18,2018-04-27
2013-12-05,600680,*ST上普,电子元件,9.7,9.7,9.5,9.52,9.5,1216676,11582755.52,0.4726,,,否,,,,,,否,382225337,257425337,3638785208.24,2450689208.24,,,,9.44,9.50,9.34,9.30,9.91,9.30,9.18,1993-10-18,2018-04-27
2013-12-06,600680,*ST上普,电子元件,9.5,9.62,9.5,9.51,9.5,648889,6170934.39,0.2521,,,否,,,,,,否,382225337,257425337,3634962954.87,2448114954.87,,,,9.38,9.51,9.39,9.30,9.90,9.31,9.19,1993-10-18,2018-04-27
2013-12-09,600680,*ST上普,电子元件,9.51,9.74,9.51,9.67,9.51,953484,9220190.28,0.3704,,,否,,,,,,否,382225337,257425337,3696119008.79,2489303008.79,,,,9.54,9.52,9.43,9.30,9.89,9.32,9.19,1993-10-18,2018-04-27
2013-12-10,600680,*ST上普,电子元件,9.72,10.2,9.72,9.91,9.72,3004697,29776547.27,1.1672,,,否,,,,,,否,382225337,257425337,3787853089.67,2551085089.67,,,,9.65,9.56,9.48,9.33,9.88,9.33,9.19,1993-10-18,2018-04-27
2013-12-11,600680,*ST上普,电子元件,9.7,9.88,9.54,9.6,9.54,1585002,15216019.20,0.6157,,,否,,,,,,否,382225337,257425337,3669363235.20,2471283235.20,,,,9.64,9.55,9.51,9.34,9.86,9.34,9.19,1993-10-18,2018-04-27
2013-12-12,600680,*ST上普,电子元件,9.55,9.87,9.48,9.76,9.48,1441248,14066580.48,0.5599,,,否,,,,,,否,382225337,257425337,3730519289.12,2512471289.12,,,,9.69,9.56,9.53,9.36,9.84,9.35,9.20,1993-10-18,2018-04-27
2013-12-13,600680,*ST上普,电子元件,9.66,9.74,9.52,9.67,9.52,1162765,11243937.55,0.4517,,,否,,,,,,否,382225337,257425337,3696119008.79,2489303008.79,,,,9.72,9.55,9.54,9.38,9.83,9.35,9.20,1993-10-18,2018-04-27
2013-12-16,600680,*ST上普,电子元件,9.72,9.72,9.2,9.3,9.2,1418850,13195305.00,0.5512,,,否,,,,,,否,382225337,257425337,3554695634.10,2394055634.10,,,,9.65,9.59,9.54,9.38,9.81,9.36,9.20,1993-10-18,2018-04-27
2013-12-17,600680,*ST上普,电子元件,9.32,9.37,9.23,9.3,9.23,485062,4511076.60,0.1884,,,否,,,,,,否,382225337,257425337,3554695634.10,2394055634.10,,,,9.53,9.59,9.53,9.38,9.79,9.37,9.21,1993-10-18,2018-04-27
2013-12-18,600680,*ST上普,电子元件,9.25,9.39,9.25,9.3,9.25,522150,4855995.00,0.2028,,,否,,,,,,否,382225337,257425337,3554695634.10,2394055634.10,,,,9.47,9.55,9.52,9.39,9.78,9.38,9.21,1993-10-18,2018-04-27
2013-12-19,600680,*ST上普,电子元件,9.38,9.38,9.08,9.11,9.08,787970,7178406.70,0.3061,,,否,,,,,,否,382225337,257425337,3482072820.07,2345144820.07,,,,9.34,9.51,9.50,9.40,9.76,9.40,9.22,1993-10-18,2018-04-27
2013-12-20,600680,*ST上普,电子元件,9.11,9.28,9.0,9.06,9.0,597408,5412516.48,0.2321,,,否,,,,,,否,382225337,257425337,3462961553.22,2332273553.22,,,,9.21,9.47,9.49,9.41,9.74,9.41,9.22,1993-10-18,2018-04-27
2013-12-23,600680,*ST上普,电子元件,9.28,9.28,8.8,8.85,8.8,865888,7663108.80,0.3364,,,否,,,,,,否,382225337,257425337,3382694232.45,2278214232.45,,,,9.12,9.39,9.46,9.42,9.71,9.42,9.22,1993-10-18,2018-04-27
2013-12-24,600680,*ST上普,电子元件,8.9,9.04,8.88,8.97,8.88,716012,6422627.64,0.2781,,,否,,,,,,否,382225337,257425337,3428561272.89,2309105272.89,,,,9.06,9.29,9.42,9.42,9.68,9.43,9.23,1993-10-18,2018-04-27
2013-12-25,600680,*ST上普,电子元件,9.02,9.18,8.94,9.16,8.94,603531,5528343.96,0.2344,,,否,,,,,,否,382225337,257425337,3501184086.92,2358016086.92,,,,9.03,9.25,9.40,9.42,9.65,9.44,9.23,1993-10-18,2018-04-27
2013-12-26,600680,*ST上普,电子元件,9.15,9.15,8.89,8.9,8.89,572899,5098801.10,0.2225,,,否,,,,,,否,382225337,257425337,3401805499.30,2291085499.30,,,,8.99,9.16,9.36,9.41,9.64,9.45,9.23,1993-10-18,2018-04-27
2013-12-27,600680,*ST上普,电子元件,8.97,9.09,8.88,9.04,8.88,729335,6593188.40,0.2833,,,否,,,,,,否,382225337,257425337,3455317046.48,2327125046.48,,,,8.98,9.10,9.33,9.40,9.63,9.46,9.23,1993-10-18,2018-04-27
2013-12-30,600680,*ST上普,电子元件,9.05,9.17,9.04,9.13,9.04,699932,6390379.16,0.2719,,,否,,,,,,否,382225337,257425337,3489717326.81,2350293326.81,,,,9.04,9.08,9.34,9.39,9.61,9.47,9.23,1993-10-18,2018-04-27
2013-12-31,600680,*ST上普,电子元件,9.13,9.22,9.08,9.19,9.08,676646,6218376.74,0.2629,,,否,,,,,,否,382225337,257425337,3512650847.03,2365738847.03,,,,9.08,9.07,9.33,9.38,9.59,9.48,9.23,1993-10-18,2018-04-27
2014-01-02,600680,*ST上普,电子元件,9.11,9.28,9.1,9.26,9.1,703924,6518336.24,0.2734,,,否,,,,,,否,382225337,257425337,3539406620.62,2383758620.62,,,,9.10,9.07,9.31,9.37,9.57,9.50,9.22,1993-10-18,2018-04-27
2014-01-03,600680,*ST上普,电子元件,9.23,9.27,8.96,9.03,8.96,942307,8509032.21,0.3661,,,否,,,,,,否,382225337,257425337,3451494793.11,2324550793.11,,,,9.13,9.06,9.29,9.36,9.55,9.51,9.22,1993-10-18,2018-04-27
2014-01-06,600680,*ST上普,电子元件,9.02,9.02,8.7,8.71,8.7,713268,6212564.28,0.2771,,,否,,,,,,否,382225337,257425337,3329182685.27,2242174685.27,,,,9.06,9.02,9.25,9.33,9.50,9.52,9.22,1993-10-18,2018-04-27
2014-01-07,600680,*ST上普,电子元件,8.78,8.87,8.71,8.79,8.71,467760,4111610.40,0.1817,,,否,,,,,,否,382225337,257425337,3359760712.23,2262768712.23,,,,9.00,9.02,9.20,9.31,9.47,9.53,9.21,1993-10-18,2018-04-27
2014-01-08,600680,*ST上普,电子元件,8.75,8.87,8.62,8.69,8.62,763901,6638299.69,0.2967,,,否,,,,,,否,382225337,257425337,3321538178.53,2237026178.53,,,,8.90,8.99,9.14,9.28,9.43,9.54,9.21,1993-10-18,2018-04-27
2014-01-09,600680,*ST上普,电子元件,8.69,8.95,8.6,8.66,8.6,795565,6889592.90,0.3090,,,否,,,,,,否,382225337,257425337,3310071418.42,2229303418.42,,,,8.78,8.94,9.09,9.25,9.40,9.54,9.20,1993-10-18,2018-04-27
2014-01-10,600680,*ST上普,电子元件,8.63,8.74,8.55,8.58,8.55,455385,3907203.30,0.1769,,,否,,,,,,否,382225337,257425337,3279493391.46,2208709391.46,,,,8.69,8.91,9.04,9.21,9.36,9.54,9.20,1993-10-18,2018-04-27
2014-01-13,600680,*ST上普,电子元件,8.58,8.66,8.42,8.45,8.42,497498,4203858.10,0.1933,,,否,,,,,,否,382225337,257425337,3229804097.65,2175244097.65,,,,8.63,8.85,8.97,9.17,9.32,9.55,9.19,1993-10-18,2018-04-27
2014-01-14,600680,*ST上普,电子元件,8.55,8.67,8.35,8.66,8.35,552173,4781818.18,0.2145,,,否,,,,,,否,382225337,257425337,3310071418.42,2229303418.42,,,,8.61,8.80,8.94,9.16,9.28,9.55,9.18,1993-10-18,2018-04-27
2014-01-15,600680,*ST上普,电子元件,8.79,9.08,8.74,8.87,8.74,1228507,10896857.09,0.4772,,,否,,,,,,否,382225337,257425337,3390338739.19,2283362739.19,,,,8.64,8.77,8.92,9.14,9.24,9.55,9.18,1993-10-18,2018-04-27
2014-01-16,600680,*ST上普,电子元件,8.81,8.99,8.8,8.94,8.8,901237,8057058.78,0.3501,,,否,,,,,,否,382225337,257425337,3417094512.78,2301382512.78,,,,8.70,8.74,8.90,9.12,9.22,9.56,9.18,1993-10-18,2018-04-27
2014-01-17,600680,*ST上普,电子元件,8.87,8.96,8.78,8.84,8.78,462856,4091647.04,0.1798,,,否,,,,,,否,382225337,257425337,3378871979.08,2275639979.08,,,,8.75,8.72,8.89,9.10,9.20,9.56,9.17,1993-10-18,2018-04-27
2014-01-20,600680,*ST上普,电子元件,8.84,8.9,8.69,8.76,8.69,426579,3736832.04,0.1657,,,否,,,,,,否,382225337,257425337,3348293952.12,2255045952.12,,,,8.81,8.72,8.87,9.07,9.18,9.56,9.17,1993-10-18,2018-04-27
2014-01-21,600680,*ST上普,电子元件,8.76,9.58,8.61,9.25,8.61,2085621,19291994.25,0.8102,,,否,,,,,,否,382225337,257425337,3535584367.25,2381184367.25,,,,8.93,8.77,8.89,9.06,9.18,9.57,9.17,1993-10-18,2018-04-27
2014-01-22,600680,*ST上普,电子元件,9.15,9.77,9.02,9.63,9.02,3613812,34801009.56,1.4038,,,否,,,,,,否,382225337,257425337,3680829995.31,2479005995.31,,,,9.08,8.86,8.93,9.05,9.19,9.58,9.17,1993-10-18,2018-04-27
2014-01-23,600680,*ST上普,电子元件,9.5,10.06,9.45,9.77,9.45,3778772,36918602.44,1.4679,,,否,,,,,,否,382225337,257425337,3734341542.49,2515045542.49,,,,9.25,8.98,8.96,9.05,9.20,9.59,9.17,1993-10-18,2018-04-27
2014-01-24,600680,*ST上普,电子元件,9.72,10.0,9.61,9.74,9.61,3302523,32166574.02,1.2829,,,否,,,,,,否,382225337,257425337,3722874782.38,2507322782.38,,,,9.43,9.09,9.00,9.05,9.21,9.61,9.17,1993-10-18,2018-04-27
2014-01-27,600680,*ST上普,电子元件,9.74,10.05,9.7,9.82,9.7,2711985,26631692.70,1.0535,,,否,,,,,,否,382225337,257425337,3753452809.34,2527916809.34,,,,9.64,9.23,9.04,9.06,9.22,9.62,9.17,1993-10-18,2018-04-27
2014-01-28,600680,*ST上普,电子元件,9.86,10.02,9.8,9.94,9.8,2287410,22736855.40,0.8886,,,否,,,,,,否,382225337,257425337,3799319849.78,2558807849.78,,,,9.78,9.36,9.08,9.08,9.23,9.64,9.17,1993-10-18,2018-04-27
2014-01-29,600680,*ST上普,电子元件,9.99,9.99,9.76,9.92,9.76,2231529,22136767.68,0.8669,,,否,,,,,,否,382225337,257425337,3791675343.04,2553659343.04,,,,9.84,9.46,9.12,9.10,9.24,9.65,9.17,1993-10-18,2018-04-27
2014-01-30,600680,*ST上普,电子元件,9.95,10.27,9.92,9.93,9.92,2228987,22133840.91,0.8659,,,否,,,,,,否,382225337,257425337,3795497596.41,2556233596.41,,,,9.87,9.56,9.15,9.12,9.25,9.66,9.17,1993-10-18,2018-04-27
2014-02-07,600680,*ST上普,电子元件,9.84,10.28,9.7,10.26,9.7,2880512,29554053.12,1.1190,,,否,,,,,,否,382225337,257425337,3921631957.62,2641183957.62,,,,9.97,9.70,9.21,9.16,9.28,9.67,9.17,1993-10-18,2018-04-27
2014-02-10,600680,*ST上普,电子元件,10.31,10.78,10.31,10.72,10.31,5001104,53611834.88,1.9427,,,否,,,,,,否,382225337,257425337,4097455612.64,2759599612.64,,,,10.15,9.90,9.31,9.22,9.31,9.69,9.17,1993-10-18,2018-04-27
2014-02-11,600680,*ST上普,电子元件,10.62,10.76,10.43,10.46,10.43,3207859,33554205.14,1.2461,,,否,,,,,,否,382225337,257425337,3998077025.02,2692669025.02,,,,10.26,10.02,9.39,9.27,9.34,9.71,9.17,1993-10-18,2018-04-27
2014-02-12,600680,*ST上普,电子元件,10.59,11.0,10.51,10.95,10.51,4774246,52277993.70,1.8546,,,否,,,,,,否,382225337,257425337,4185367440.15,2818807440.15,,,,10.46,10.15,9.51,9.34,9.38,9.73,9.18,1993-10-18,2018-04-27
2014-02-13,600680,*ST上普,电子元件,10.93,11.48,10.66,10.68,10.66,5554506,59322124.08,2.1577,,,否,,,,,,否,382225337,257425337,4082166599.16,2749302599.16,,,,10.61,10.24,9.61,9.39,9.40,9.75,9.19,1993-10-18,2018-04-27
2014-02-14,600680,*ST上普,电子元件,10.68,10.8,10.39,10.55,10.39,3692132,38951992.60,1.4343,,,否,,,,,,否,382225337,257425337,4032477305.35,2715837305.35,,,,10.67,10.32,9.71,9.44,9.42,9.77,9.19,1993-10-18,2018-04-27
2014-02-17,600680,*ST上普,电子元件,10.6,11.1,10.42,10.95,10.42,5267225,57676113.75,2.0461,,,否,,,,,,否,382225337,257425337,4185367440.15,2818807440.15,,,,10.72,10.44,9.83,9.50,9.45,9.78,9.20,1993-10-18,2018-04-27
2014-02-18,600680,*ST上普,电子元件,11.0,11.0,10.81,10.84,10.81,2855188,30950237.92,1.1091,,,否,,,,,,否,382225337,257425337,4143322653.08,2790490653.08,,,,10.79,10.53,9.94,9.56,9.47,9.80,9.21,1993-10-18,2018-04-27
2014-02-19,600680,*ST上普,电子元件,10.88,10.95,10.54,10.61,10.54,2780250,29498452.50,1.0800,,,否,,,,,,否,382225337,257425337,4055410825.57,2731282825.57,,,,10.73,10.60,10.03,9.61,9.49,9.80,9.21,1993-10-18,2018-04-27
2014-02-20,600680,*ST上普,电子元件,10.57,10.65,10.28,10.3,10.28,2512118,25874815.40,0.9759,,,否,,,,,,否,382225337,257425337,3936920971.10,2651480971.10,,,,10.65,10.63,10.10,9.64,9.51,9.81,9.22,1993-10-18,2018-04-27
2014-02-21,600680,*ST上普,电子元件,10.31,10.48,10.13,10.3,10.13,1953473,20120771.90,0.7589,,,否,,,,,,否,382225337,257425337,3936920971.10,2651480971.10,,,,10.60,10.64,10.17,9.69,9.52,9.81,9.22,1993-10-18,2018-04-27
2014-02-24,600680,*ST上普,电子元件,10.3,10.47,10.08,10.42,10.08,1762064,18360706.88,0.6845,,,否,,,,,,否,382225337,257425337,3982788011.54,2682372011.54,,,,10.49,10.61,10.25,9.74,9.54,9.81,9.23,1993-10-18,2018-04-27
2014-02-25,600680,*ST上普,电子元件,10.4,10.61,9.87,9.95,9.87,2679348,26659512.60,1.0408,,,否,,,,,,否,382225337,257425337,3803142103.15,2561382103.15,,,,10.32,10.56,10.29,9.78,9.55,9.81,9.23,1993-10-18,2018-04-27
2014-02-26,600680,*ST上普,电子元件,10.95,10.95,10.95,10.95,10.95,3028412,33161111.40,1.1764,,,否,,,,,,是,382225337,257425337,4185367440.15,2818807440.15,,,,10.38,10.56,10.35,9.86,9.57,9.82,9.24,1993-10-18,2018-04-27
2014-02-27,600680,*ST上普,电子元件,12.05,12.05,12.05,12.05,12.05,1474327,17765640.35,0.5727,,,否,,,,,,是,382225337,257425337,4605815310.85,3101975310.85,,,,10.73,10.69,10.47,9.97,9.61,9.82,9.25,1993-10-18,2018-04-27
2014-02-28,600680,*ST上普,电子元件,13.26,13.26,12.92,13.26,12.92,24346178,322830320.28,9.4576,,,否,,,,,,是,382225337,257425337,5068307968.62,3413459968.62,,,,11.33,10.96,10.64,10.13,9.67,9.84,9.26,1993-10-18,2018-04-27
2014-03-03,600680,*ST上普,电子元件,13.86,14.59,13.86,14.59,13.86,23834749,347748987.91,9.2589,,,否,,,,,,是,382225337,257425337,5576667666.83,3755835666.83,,,,12.16,11.33,10.88,10.33,9.75,9.87,9.28,1993-10-18,2018-04-27
2014-03-04,600680,*ST上普,电子元件,14.83,16.05,14.66,16.05,14.66,20103742,322665059.10,7.8095,,,否,,,,,,是,382225337,257425337,6134716658.85,4131676658.85,,,,13.38,11.85,11.19,10.58,9.87,9.91,9.31,1993-10-18,2018-04-27
2014-03-05,600680,*ST上普,电子元件,16.87,17.66,16.87,17.66,16.87,7316083,129202025.78,2.8420,,,否,,,,,,是,382225337,257425337,6750099451.42,4546131451.42,,,,14.72,12.55,11.57,10.87,10.01,9.97,9.34,1993-10-18,2018-04-27
2014-03-06,600680,*ST上普,电子元件,18.99,19.43,18.19,19.43,18.19,31613877,614257630.11,12.2808,,,否,,,,,,是,382225337,257425337,7426638297.91,5001774297.91,,,,16.20,13.47,12.05,11.22,10.17,10.05,9.38,1993-10-18,2018-04-27
2014-03-07,600680,*ST上普,电子元件,18.85,21.37,18.5,20.3,18.5,27241274,552997862.20,10.5822,,,否,,,,,,否,382225337,257425337,7759174341.10,5225734341.10,,,,17.61,14.47,12.55,11.60,10.35,10.13,9.43,1993-10-18,2018-04-27
2014-03-10,600680,*ST上普,电子元件,19.8,19.8,18.27,18.27,18.27,20354956,371885046.12,7.9071,,,否,,,,,,否,382225337,257425337,6983256906.99,4703160906.99,,,,18.34,15.25,12.93,11.92,10.50,10.20,9.46,1993-10-18,2018-04-27
2014-03-11,600680,*ST上普,电子元件,18.29,18.48,17.11,17.51,17.11,17323049,303326587.99,6.7293,,,否,,,,,,否,382225337,257425337,6692765650.87,4507517650.87,,,,18.63,16.01,13.28,12.19,10.63,10.26,9.50,1993-10-18,2018-04-27
2014-03-12,600680,*ST上普,电子元件,17.22,18.18,16.61,17.71,16.61,19846815,351487093.65,7.7097,,,否,,,,,,否,382225337,257425337,6769210718.27,4559002718.27,,,,18.64,16.68,13.62,12.46,10.76,10.32,9.53,1993-10-18,2018-04-27
2014-03-13,600680,*ST上普,电子元件,17.0,17.3,16.6,17.24,16.6,12923714,222804829.36,5.0204,,,否,,,,,,否,382225337,257425337,6589564809.88,4438012809.88,,,,18.21,17.20,13.95,12.71,10.88,10.37,9.56,1993-10-18,2018-04-27
2014-03-14,600680,*ST上普,电子元件,17.16,17.48,16.73,16.96,16.73,10112573,171509238.08,3.9284,,,否,,,,,,否,382225337,257425337,6482541715.52,4365933715.52,,,,17.54,17.57,14.27,12.95,11.00,10.42,9.60,1993-10-18,2018-04-27
2014-03-17,600680,*ST上普,电子元件,16.7,17.57,16.5,17.5,16.5,12382631,216696042.50,4.8102,,,否,,,,,,否,382225337,257425337,6688943397.50,4504943397.50,,,,17.38,17.86,14.60,13.21,11.13,10.48,9.63,1993-10-18,2018-04-27
2014-03-18,600680,*ST上普,电子元件,17.89,18.29,17.0,17.02,17.0,17980170,306022493.40,6.9846,,,否,,,,,,否,382225337,257425337,6505475235.74,4381379235.74,,,,17.29,17.96,14.90,13.44,11.26,10.54,9.66,1993-10-18,2018-04-27
2014-03-19,600680,*ST上普,电子元件,16.45,17.7,16.22,17.39,16.22,14646238,254698078.82,5.6895,,,否,,,,,,否,382225337,257425337,6646898610.43,4476626610.43,,,,17.22,17.93,15.24,13.69,11.40,10.59,9.69,1993-10-18,2018-04-27
2014-03-20,600680,*ST上普,电子元件,17.01,17.3,16.0,16.13,16.0,11766005,189785660.65,4.5706,,,否,,,,,,否,382225337,257425337,6165294685.81,4152270685.81,,,,17.00,17.60,15.53,13.90,11.51,10.64,9.72,1993-10-18,2018-04-27
2014-03-21,600680,*ST上普,电子元件,16.13,17.02,15.88,16.96,15.88,10277268,174302465.28,3.9923,,,否,,,,,,否,382225337,257425337,6482541715.52,4365933715.52,,,,17.00,17.27,15.87,14.12,11.64,10.70,9.75,1993-10-18,2018-04-27
2014-03-24,600680,*ST上普,电子元件,16.78,17.1,16.52,16.81,16.52,7437379,125022340.99,2.8891,,,否,,,,,,否,382225337,257425337,6425207914.97,4327319914.97,,,,16.86,17.12,16.19,14.33,11.77,10.75,9.78,1993-10-18,2018-04-27
2014-03-25,600680,*ST上普,电子元件,16.65,18.49,16.5,18.17,16.5,19874763,361124443.71,7.7206,,,否,,,,,,否,382225337,257425337,6945034373.29,4677418373.29,,,,17.09,17.19,16.60,14.58,11.93,10.82,9.82,1993-10-18,2018-04-27
2014-03-26,600680,*ST上普,电子元件,17.78,19.35,17.55,18.63,17.55,18059970,336457241.10,7.0156,,,否,,,,,,否,382225337,257425337,7120858028.31,4795834028.31,,,,17.34,17.28,16.98,14.84,12.09,10.88,9.86,1993-10-18,2018-04-27
2014-03-27,600680,*ST上普,电子元件,18.82,18.86,16.77,16.77,16.77,15134312,253802412.24,5.8791,,,否,,,,,,否,382225337,257425337,6409918901.49,4317022901.49,,,,17.47,17.23,17.22,15.04,12.21,10.93,9.89,1993-10-18,2018-04-27
2014-03-28,600680,*ST上普,电子元件,16.0,16.38,15.09,15.09,15.09,12174095,183707093.55,4.7292,,,否,,,,,,否,382225337,257425337,5767780335.33,3884548335.33,,,,17.09,17.05,17.31,15.19,12.32,10.98,9.91,1993-10-18,2018-04-27
2014-03-31,600680,*ST上普,电子元件,15.09,15.17,14.57,14.75,14.57,6338800,93497300.00,2.4624,,,否,,,,,,否,382225337,257425337,5637823720.75,3797023720.75,,,,16.68,16.77,17.32,15.32,12.41,11.02,9.93,1993-10-18,2018-04-27
2014-04-01,600680,*ST上普,电子元件,14.8,15.42,14.69,15.41,14.69,8229955,126823606.55,3.1970,,,否,,,,,,否,382225337,257425337,5890092443.17,3966924443.17,,,,16.13,16.61,17.29,15.47,12.52,11.06,9.96,1993-10-18,2018-04-27
2014-04-02,600680,*ST上普,电子元件,15.5,15.8,15.17,15.6,15.17,9734044,151851086.40,3.7813,,,否,,,,,,否,382225337,257425337,5962715257.20,4015835257.20,,,,15.52,16.43,17.18,15.64,12.62,11.11,9.99,1993-10-18,2018-04-27
2014-04-03,600680,*ST上普,电子元件,15.43,15.69,15.02,15.25,15.02,6350764,96849151.00,2.4670,,,否,,,,,,否,382225337,257425337,5828936389.25,3925736389.25,,,,15.22,16.34,16.97,15.80,12.72,11.15,10.01,1993-10-18,2018-04-27
2014-04-04,600680,*ST上普,电子元件,15.17,15.62,15.0,15.5,15.0,4693595,72750722.50,1.8233,,,否,,,,,,否,382225337,257425337,5924492723.50,3990092723.50,,,,15.30,16.20,16.73,15.98,12.83,11.19,10.04,1993-10-18,2018-04-27
2014-04-08,600680,*ST上普,电子元件,15.23,15.59,15.13,15.34,15.13,5005553,76785183.02,1.9445,,,否,,,,,,否,382225337,257425337,5863336669.58,3948904669.58,,,,15.42,16.05,16.59,16.14,12.94,11.22,10.06,1993-10-18,2018-04-27
2014-04-09,600680,*ST上普,电子元件,15.45,15.66,15.31,15.61,15.31,5905546,92185573.06,2.2941,,,否,,,,,,否,382225337,257425337,5966537510.57,4018409510.57,,,,15.46,15.80,16.49,16.33,13.06,11.26,10.09,1993-10-18,2018-04-27
2014-04-10,600680,*ST上普,电子元件,15.59,16.58,15.39,16.08,15.39,9277231,149177874.48,3.6039,,,否,,,,,,否,382225337,257425337,6146183418.96,4139399418.96,,,,15.56,15.54,16.41,16.50,13.18,11.30,10.12,1993-10-18,2018-04-27
2014-04-11,600680,*ST上普,电子元件,15.86,16.88,15.8,16.55,15.8,9453666,156458172.30,3.6724,,,否,,,,,,否,382225337,257425337,6325829327.35,4260389327.35,,,,15.82,15.52,16.38,16.65,13.31,11.35,10.15,1993-10-18,2018-04-27
2014-04-14,600680,*ST上普,电子元件,16.36,18.21,16.28,18.2,16.28,11724238,213381131.60,4.5544,,,否,,,,,,否,382225337,257425337,6956501133.40,4685141133.40,,,,16.36,15.83,16.44,16.82,13.47,11.42,10.19,1993-10-18,2018-04-27
2014-04-15,600680,*ST上普,电子元件,18.18,18.2,17.4,17.95,17.4,10068912,180736970.40,3.9114,,,否,,,,,,否,382225337,257425337,6860944799.15,4620784799.15,,,,16.88,16.15,16.46,16.93,13.63,11.48,10.22,1993-10-18,2018-04-27
2014-04-16,600680,*ST上普,电子元件,17.88,19.75,17.61,19.07,17.61,19009015,362501916.05,7.3843,,,否,,,,,,否,382225337,257425337,7289037176.59,4909101176.59,,,,17.57,16.52,16.56,17.03,13.80,11.54,10.27,1993-10-18,2018-04-27
2014-04-17,600680,*ST上普,电子元件,18.72,19.84,18.55,18.92,18.55,13683093,258884119.56,5.3154,,,否,,,,,,否,382225337,257425337,7231703376.04,4870487376.04,,,,18.14,16.85,16.64,17.07,13.97,11.61,10.31,1993-10-18,2018-04-27
2014-04-18,600680,*ST上普,电子元件,18.58,19.99,17.6,19.5,17.6,15029559,293076400.50,5.8384,,,否,,,,,,否,382225337,257425337,7453394071.50,5019794071.50,,,,18.73,17.27,16.81,17.07,14.15,11.68,10.35,1993-10-18,2018-04-27
2014-04-21,600680,*ST上普,电子元件,18.53,18.95,18.07,18.16,18.07,14198407,257843071.12,5.5155,,,否,,,,,,否,382225337,257425337,6941212119.92,4674844119.92,,,,18.72,17.54,16.87,17.00,14.30,11.75,10.39,1993-10-18,2018-04-27
2014-04-22,600680,*ST上普,电子元件,18.45,18.6,17.22,17.43,17.22,9538757,166260534.51,3.7054,,,否,,,,,,否,382225337,257425337,6662187623.91,4486923623.91,,,,18.62,17.75,16.90,16.97,14.45,11.82,10.43,1993-10-18,2018-04-27
2014-04-23,600680,*ST上普,电子元件,17.37,17.37,15.69,15.86,15.69,13173350,208929331.00,5.1173,,,否,,,,,,否,382225337,257425337,6062093844.82,4082765844.82,,,,17.97,17.77,16.78,16.92,14.56,11.87,10.46,1993-10-18,2018-04-27
2014-04-24,600680,*ST上普,电子元件,15.86,16.25,15.47,15.57,15.47,8151738,126922560.66,3.1666,,,否,,,,,,否,382225337,257425337,5951248497.09,4008112497.09,,,,17.30,17.72,16.63,16.85,14.66,11.92,10.48,1993-10-18,2018-04-27
2014-04-25,600680,*ST上普,电子元件,15.52,15.54,14.52,14.64,14.52,8896966,130251582.24,3.4561,,,否,,,,,,否,382225337,257425337,5595778933.68,3768706933.68,,,,16.33,17.53,16.52,16.76,14.74,11.97,10.51,1993-10-18,2018-04-27
2014-04-28,600680,*ST上普,电子元件,14.7,14.75,14.14,14.33,14.14,4833415,69262836.95,1.8776,,,否,,,,,,否,382225337,257425337,5477289079.21,3688905079.21,,,,15.57,17.14,16.49,16.67,14.81,12.01,10.53,1993-10-18,2018-04-27
2014-04-29,600680,*ST上普,电子元件,14.3,14.71,14.23,14.63,14.23,5106311,74705329.93,1.9836,,,否,,,,,,否,382225337,257425337,5591956680.31,3766132680.31,,,,15.01,16.81,16.48,16.58,14.89,12.06,10.56,1993-10-18,2018-04-27
2014-04-30,600680,*ST上普,电子元件,14.68,15.09,14.41,14.88,14.41,6140118,91364955.84,2.3852,,,否,,,,,,否,382225337,257425337,5687513014.56,3830489014.56,,,,14.81,16.39,16.45,16.51,14.98,12.10,10.58,1993-10-18,2018-04-27
2014-05-05,600680,*ST上普,电子元件,14.88,15.17,14.5,15.1,14.5,5448758,82276245.80,2.1166,,,否,,,,,,否,382225337,257425337,5771602588.70,3887122588.70,,,,14.72,16.01,16.43,16.43,15.06,12.15,10.61,1993-10-18,2018-04-27
2014-05-06,600680,*ST上普,电子元件,14.96,15.3,14.85,14.95,14.85,5660590,84625820.50,2.1989,,,否,,,,,,否,382225337,257425337,5714268788.15,3848508788.15,,,,14.78,15.56,16.41,16.39,15.15,12.20,10.64,1993-10-18,2018-04-27
2014-05-07,600680,*ST上普,电子元件,14.85,14.88,13.9,13.95,13.9,5547672,77390024.40,2.1551,,,否,,,,,,否,382225337,257425337,5332043451.15,3591083451.15,,,,14.70,15.13,16.34,16.29,15.21,12.24,10.66,1993-10-18,2018-04-27
2014-05-08,600680,*ST上普,电子元件,13.73,15.35,13.65,14.98,13.65,11786567,176562773.66,4.5786,,,否,,,,,,否,382225337,257425337,5725735548.26,3856231548.26,,,,14.77,14.89,16.32,16.23,15.28,12.30,10.68,1993-10-18,2018-04-27
2014-05-09,600680,*ST上普,电子元件,14.6,14.77,14.1,14.33,14.1,6199549,88839537.17,2.4083,,,否,,,,,,否,382225337,257425337,5477289079.21,3688905079.21,,,,14.66,14.74,16.25,16.10,15.34,12.34,10.71,1993-10-18,2018-04-27
2014-05-12,600680,*ST上普,电子元件,14.5,14.98,14.35,14.81,14.35,5976095,88505966.95,2.3215,,,否,,,,,,否,382225337,257425337,5660757240.97,3812469240.97,,,,14.60,14.66,16.19,15.97,15.41,12.39,10.73,1993-10-18,2018-04-27
2014-05-13,600680,*ST上普,电子元件,14.88,15.5,14.7,14.75,14.7,6367034,93913751.50,2.4734,,,否,,,,,,否,382225337,257425337,5637823720.75,3797023720.75,,,,14.56,14.67,16.10,15.91,15.47,12.44,10.76,1993-10-18,2018-04-27
2014-05-14,600680,*ST上普,电子元件,14.71,15.08,14.5,14.89,14.5,4308009,64146254.01,1.6735,,,否,,,,,,否,382225337,257425337,5691335267.93,3833063267.93,,,,14.75,14.73,15.94,15.90,15.55,12.48,10.79,1993-10-18,2018-04-27
2014-05-15,600680,*ST上普,电子元件,14.8,14.87,14.08,14.16,14.08,4718897,66819581.52,1.8331,,,否,,,,,,否,382225337,257425337,5412310771.92,3645142771.92,,,,14.59,14.68,15.75,15.88,15.60,12.53,10.81,1993-10-18,2018-04-27
2014-05-16,600680,*ST上普,电子元件,14.21,14.3,13.7,14.22,13.7,3380172,48066045.84,1.3131,,,否,,,,,,否,382225337,257425337,5435244292.14,3660588292.14,,,,14.57,14.61,15.50,15.84,15.66,12.57,10.83,1993-10-18,2018-04-27
2014-05-19,600680,*ST上普,电子元件,14.05,14.25,13.8,14.04,13.8,1999906,28078680.24,0.7769,,,否,,,,,,否,382225337,257425337,5366443731.48,3614251731.48,,,,14.41,14.51,15.26,15.79,15.71,12.60,10.86,1993-10-18,2018-04-27
2014-05-20,600680,*ST上普,电子元件,14.09,14.36,13.95,14.1,13.95,3175512,44774719.20,1.2336,,,否,,,,,,否,382225337,257425337,5389377251.70,3629697251.70,,,,14.28,14.42,14.99,15.75,15.78,12.64,10.88,1993-10-18,2018-04-27
2014-05-21,600680,*ST上普,电子元件,14.11,14.88,13.81,14.71,13.81,5883753,86550006.63,2.2856,,,否,,,,,,否,382225337,257425337,5622534707.27,3786726707.27,,,,14.25,14.50,14.82,15.72,15.85,12.69,10.90,1993-10-18,2018-04-27
2014-05-22,600680,*ST上普,电子元件,14.62,14.8,14.52,14.57,14.52,5028736,73268683.52,1.9535,,,否,,,,,,否,382225337,257425337,5569023160.09,3750687160.09,,,,14.33,14.46,14.67,15.70,15.92,12.73,10.93,1993-10-18,2018-04-27
2014-05-23,600680,*ST上普,电子元件,14.57,15.08,14.51,15.06,14.51,6608485,99523784.10,2.5671,,,否,,,,,,否,382225337,257425337,5756313575.22,3876825575.22,,,,14.50,14.53,14.63,15.68,16.01,12.78,10.95,1993-10-18,2018-04-27
2014-05-26,600680,*ST上普,电子元件,16.29,16.57,15.8,16.56,15.8,17302517,286529681.52,6.7214,,,否,,,,,,否,382225337,257425337,6329651580.72,4262963580.72,,,,15.00,14.71,14.68,15.70,16.10,12.83,10.98,1993-10-18,2018-04-27
2014-05-27,600680,*ST上普,电子元件,16.13,16.5,15.81,16.46,15.81,12405954,204202002.84,4.8192,,,否,,,,,,否,382225337,257425337,6291429047.02,4237221047.02,,,,15.47,14.88,14.77,15.69,16.17,12.89,11.01,1993-10-18,2018-04-27
2014-05-28,600680,*ST上普,电子元件,16.65,17.55,16.49,16.58,16.49,15897310,263577399.80,6.1755,,,否,,,,,,否,382225337,257425337,6337296087.46,4268112087.46,,,,15.85,15.05,14.89,15.64,16.23,12.95,11.04,1993-10-18,2018-04-27
2014-05-29,600680,*ST上普,电子元件,16.22,16.59,15.73,15.85,15.73,9998910,158482723.50,3.8842,,,否,,,,,,否,382225337,257425337,6058271591.45,4080191591.45,,,,16.10,15.22,14.95,15.57,16.25,13.00,11.07,1993-10-18,2018-04-27
2014-05-30,600680,*ST上普,电子元件,15.8,16.1,15.35,15.85,15.35,6900527,109373352.95,2.6806,,,否,,,,,,否,382225337,257425337,6058271591.45,4080191591.45,,,,16.26,15.38,15.00,15.46,16.25,13.06,11.10,1993-10-18,2018-04-27
2014-06-03,600680,*ST上普,电子元件,15.74,16.05,15.61,15.85,15.61,5217293,82694094.05,2.0267,,,否,,,,,,否,382225337,257425337,6058271591.45,4080191591.45,,,,16.12,15.56,15.03,15.36,16.21,13.11,11.13,1993-10-18,2018-04-27
2014-06-04,600680,*ST上普,电子元件,15.71,15.74,15.09,15.35,15.09,4713122,72346422.70,1.8309,,,否,,,,,,否,382225337,257425337,5867158922.95,3951478922.95,,,,15.90,15.68,15.05,15.22,16.15,13.16,11.15,1993-10-18,2018-04-27
2014-06-05,600680,*ST上普,电子元件,15.16,15.68,15.16,15.67,15.16,3988081,62493229.27,1.5492,,,否,,,,,,否,382225337,257425337,5989471030.79,4033855030.79,,,,15.71,15.78,15.14,15.14,16.07,13.21,11.17,1993-10-18,2018-04-27
2014-06-06,600680,*ST上普,电子元件,15.61,15.93,15.26,15.91,15.26,5452581,86750563.71,2.1181,,,否,,,,,,否,382225337,257425337,6081205111.67,4095637111.67,,,,15.73,15.91,15.19,15.09,16.03,13.26,11.20,1993-10-18,2018-04-27
2014-06-09,600680,*ST上普,电子元件,15.89,16.53,15.78,16.23,15.78,9682152,157141326.96,3.7611,,,否,,,,,,否,382225337,257425337,6203517219.51,4178013219.51,,,,15.80,16.03,15.28,15.10,16.01,13.32,11.23,1993-10-18,2018-04-27
2014-06-10,600680,*ST上普,电子元件,16.01,16.48,15.63,16.46,15.63,8395097,138183296.62,3.2612,,,否,,,,,,否,382225337,257425337,6291429047.02,4237221047.02,,,,15.92,16.02,15.36,15.13,15.99,13.37,11.26,1993-10-18,2018-04-27
2014-06-11,600680,*ST上普,电子元件,16.31,16.97,16.21,16.67,16.21,9645202,160785517.34,3.7468,,,否,,,,,,否,382225337,257425337,6371696367.79,4291280367.79,,,,16.19,16.04,15.46,15.20,15.98,13.43,11.29,1993-10-18,2018-04-27
2014-06-12,600680,*ST上普,电子元件,16.55,16.99,16.3,16.32,16.3,7686623,125445687.36,2.9860,,,否,,,,,,否,382225337,257425337,6237917499.84,4201181499.84,,,,16.32,16.02,15.53,15.26,15.97,13.49,11.31,1993-10-18,2018-04-27
2014-06-13,600680,*ST上普,电子元件,16.4,17.4,16.23,16.87,16.23,12136200,204737694.00,4.7145,,,否,,,,,,否,382225337,257425337,6448141435.19,4342765435.19,,,,16.51,16.12,15.67,15.34,15.96,13.55,11.34,1993-10-18,2018-04-27
2014-06-16,600680,*ST上普,电子元件,16.9,17.17,16.64,16.86,16.64,7681634,129512349.24,2.9840,,,否,,,,,,否,382225337,257425337,6444319181.82,4340191181.82,,,,16.64,16.22,15.80,15.40,15.95,13.61,11.37,1993-10-18,2018-04-27
2014-06-17,600680,*ST上普,电子元件,16.93,16.93,16.36,16.65,16.36,6793687,113114888.55,2.6391,,,否,,,,,,否,382225337,257425337,6364051861.05,4286131861.05,,,,16.67,16.30,15.93,15.46,15.94,13.67,11.40,1993-10-18,2018-04-27
2014-06-18,600680,*ST上普,电子元件,16.65,16.65,16.16,16.55,16.16,6324946,104677856.30,2.4570,,,否,,,,,,否,382225337,257425337,6325829327.35,4260389327.35,,,,16.65,16.42,16.05,15.51,15.95,13.73,11.43,1993-10-18,2018-04-27
2014-06-19,600680,*ST上普,电子元件,16.98,16.99,14.92,15.38,14.92,7226216,111139202.08,2.8071,,,否,,,,,,否,382225337,257425337,5878625683.06,3959201683.06,,,,16.46,16.39,16.09,15.56,15.92,13.78,11.46,1993-10-18,2018-04-27
2014-06-20,600680,*ST上普,电子元件,15.28,15.72,15.02,15.52,15.02,3624799,56256880.48,1.4081,,,否,,,,,,否,382225337,257425337,5932137230.24,3995241230.24,,,,16.19,16.35,16.13,15.57,15.90,13.84,11.49,1993-10-18,2018-04-27
2014-06-23,600680,*ST上普,电子元件,15.5,15.74,15.29,15.38,15.29,3818243,58724577.34,1.4832,,,否,,,,,,否,382225337,257425337,5878625683.06,3959201683.06,,,,15.90,16.27,16.15,15.61,15.86,13.89,11.52,1993-10-18,2018-04-27
2014-06-24,600680,*ST上普,电子元件,15.37,15.78,15.35,15.66,15.35,4114147,64427542.02,1.5982,,,否,,,,,,否,382225337,257425337,5985648777.42,4031280777.42,,,,15.70,16.19,16.10,15.64,15.81,13.95,11.54,1993-10-18,2018-04-27
2014-06-25,600680,*ST上普,电子元件,15.6,15.6,15.08,15.19,15.08,4195862,63735143.78,1.6299,,,否,,,,,,否,382225337,257425337,5806002869.03,3910290869.03,,,,15.43,16.04,16.04,15.65,15.78,14.00,11.57,1993-10-18,2018-04-27
2014-06-26,600680,*ST上普,电子元件,15.19,15.6,15.11,15.53,15.11,3857861,59912581.33,1.4986,,,否,,,,,,否,382225337,257425337,5935959483.61,3997815483.61,,,,15.46,15.96,15.99,15.67,15.79,14.05,11.60,1993-10-18,2018-04-27
2014-06-27,600680,*ST上普,电子元件,15.59,16.5,15.5,16.15,15.5,8455870,136562300.50,3.2848,,,否,,,,,,否,382225337,257425337,6172939192.55,4157419192.55,,,,15.58,15.89,16.00,15.74,15.81,14.11,11.63,1993-10-18,2018-04-27
2014-06-30,600680,*ST上普,电子元件,15.98,16.93,15.76,16.77,15.76,10144341,170120598.57,3.9407,,,否,,,,,,否,382225337,257425337,6409918901.49,4317022901.49,,,,15.86,15.88,16.05,15.83,15.83,14.17,11.66,1993-10-18,2018-04-27
2014-07-01,600680,*ST上普,电子元件,16.75,17.24,16.4,16.64,16.4,9431967,156947930.88,3.6640,,,否,,,,,,否,382225337,257425337,6360229607.68,4283557607.68,,,,16.06,15.88,16.09,15.91,15.85,14.24,11.69,1993-10-18,2018-04-27
2014-07-02,600680,*ST上普,电子元件,16.63,16.88,16.39,16.81,16.39,6061523,101894201.63,2.3547,,,否,,,,,,否,382225337,257425337,6425207914.97,4327319914.97,,,,16.38,15.90,16.16,16.00,15.88,14.30,11.73,1993-10-18,2018-04-27
2014-07-03,600680,*ST上普,电子元件,16.98,18.49,16.83,18.49,16.83,16820370,311008641.30,6.5341,,,否,,,,,,是,382225337,257425337,7067346481.13,4759794481.13,,,,16.97,16.21,16.30,16.13,15.93,14.38,11.77,1993-10-18,2018-04-27
2014-07-04,600680,*ST上普,电子元件,19.17,19.26,17.93,18.07,17.93,17230798,311360519.86,6.6935,,,否,,,,,,否,382225337,257425337,6906811839.59,4651675839.59,,,,17.36,16.47,16.41,16.24,15.97,14.46,11.82,1993-10-18,2018-04-27
2014-07-07,600680,*ST上普,电子元件,17.75,18.29,17.67,17.89,17.67,8984957,160740880.73,3.4903,,,否,,,,,,否,382225337,257425337,6838011278.93,4605339278.93,,,,17.58,16.72,16.49,16.34,16.01,14.53,11.86,1993-10-18,2018-04-27
2014-07-08,600680,*ST上普,电子元件,17.69,18.2,16.93,18.11,16.93,10079798,182545141.78,3.9156,,,否,,,,,,否,382225337,257425337,6922100853.07,4661972853.07,,,,17.87,16.97,16.58,16.39,16.04,14.61,11.90,1993-10-18,2018-04-27
2014-07-09,600680,*ST上普,电子元件,18.01,19.3,17.88,18.05,17.88,13496454,243610994.70,5.2429,,,否,,,,,,否,382225337,257425337,6899167332.85,4646527332.85,,,,18.12,17.25,16.64,16.44,16.07,14.69,11.94,1993-10-18,2018-04-27
2014-07-10,600680,*ST上普,电子元件,18.59,19.25,18.01,18.41,18.01,14264117,262602393.97,5.5411,,,否,,,,,,否,382225337,257425337,7036768454.17,4739200454.17,,,,18.11,17.54,16.75,16.50,16.07,14.77,11.98,1993-10-18,2018-04-27
2014-07-11,600680,*ST上普,电子元件,18.02,18.39,17.73,17.9,17.73,8728452,156239290.80,3.3907,,,否,,,,,,否,382225337,257425337,6841833532.30,4607913532.30,,,,18.07,17.71,16.80,16.57,16.07,14.85,12.02,1993-10-18,2018-04-27
2014-07-14,600680,*ST上普,电子元件,18.11,19.57,18.02,18.91,18.02,13239309,250355333.19,5.1430,,,否,,,,,,否,382225337,257425337,7227881122.67,4867913122.67,,,,18.28,17.93,16.90,16.68,16.07,14.94,12.07,1993-10-18,2018-04-27
2014-07-15,600680,*ST上普,电子元件,18.75,20.8,18.46,20.8,18.46,18227637,379134849.60,7.0807,,,否,,,,,,是,382225337,257425337,7950287009.60,5354447009.60,,,,18.81,18.34,17.11,16.84,16.10,15.03,12.12,1993-10-18,2018-04-27
2014-07-16,600680,*ST上普,电子元件,21.0,21.0,19.33,19.45,19.33,15344973,298459724.85,5.9609,,,否,,,,,,否,382225337,257425337,7434282804.65,5006922804.65,,,,19.09,18.61,17.26,16.98,16.10,15.12,12.17,1993-10-18,2018-04-27
2014-07-17,600680,*ST上普,电子元件,19.0,20.76,18.91,19.57,18.91,14673455,287159514.35,5.7001,,,否,,,,,,否,382225337,257425337,7480149845.09,5037813845.09,,,,19.33,18.72,17.47,17.11,16.12,15.21,12.22,1993-10-18,2018-04-27
2014-07-18,600680,*ST上普,电子元件,18.8,19.49,18.58,18.97,18.58,8036950,152460941.50,3.1221,,,否,,,,,,否,382225337,257425337,7250814642.89,4883358642.89,,,,19.54,18.81,17.64,17.21,16.15,15.30,12.26,1993-10-18,2018-04-27
2014-07-21,600680,*ST上普,电子元件,18.65,19.7,18.65,19.1,18.65,7644398,146008001.80,2.9696,,,否,,,,,,否,382225337,257425337,7300503936.70,4916823936.70,,,,19.58,18.93,17.82,17.30,16.20,15.38,12.31,1993-10-18,2018-04-27
2014-07-22,600680,*ST上普,电子元件,19.22,20.38,19.22,19.98,19.22,13084728,261432865.44,5.0829,,,否,,,,,,否,382225337,257425337,7636862233.26,5143358233.26,,,,19.41,19.11,18.04,17.42,16.28,15.47,12.36,1993-10-18,2018-04-27
2014-07-23,600680,*ST上普,电子元件,19.99,20.09,18.8,19.02,18.8,9556169,181758334.38,3.7122,,,否,,,,,,否,382225337,257425337,7269925909.74,4896229909.74,,,,19.33,19.21,18.23,17.50,16.35,15.54,12.40,1993-10-18,2018-04-27
2014-07-24,600680,*ST上普,电子元件,18.82,18.97,17.5,18.19,17.5,7393105,134480579.95,2.8719,,,否,,,,,,否,382225337,257425337,6952678880.03,4682566880.03,,,,19.05,19.19,18.36,17.56,16.41,15.61,12.44,1993-10-18,2018-04-27
2014-07-25,600680,*ST上普,电子元件,18.28,18.62,17.84,18.17,17.84,4721860,85796196.20,1.8343,,,否,,,,,,否,382225337,257425337,6945034373.29,4677418373.29,,,,18.89,19.22,18.47,17.61,16.47,15.68,12.48,1993-10-18,2018-04-27
2014-07-28,600680,*ST上普,电子元件,18.1,18.51,18.01,18.48,18.01,5102709,94298062.32,1.9822,,,否,,,,,,否,382225337,257425337,7063524227.76,4757220227.76,,,,18.77,19.17,18.55,17.66,16.53,15.75,12.52,1993-10-18,2018-04-27
2014-07-29,600680,*ST上普,电子元件,18.55,19.41,18.55,19.24,18.55,8398228,161581906.72,3.2624,,,否,,,,,,否,382225337,257425337,7354015483.88,4952863483.88,,,,18.62,19.02,18.68,17.75,16.60,15.83,12.56,1993-10-18,2018-04-27
2014-07-30,600680,*ST上普,电子元件,19.15,19.68,18.81,19.27,18.81,7590179,146262749.33,2.9485,,,否,,,,,,否,382225337,257425337,7365482243.99,4960586243.99,,,,18.67,19.00,18.80,17.84,16.67,15.91,12.61,1993-10-18,2018-04-27
2014-07-31,600680,*ST上普,电子元件,19.41,20.28,19.41,19.84,19.41,10132099,201020844.16,3.9359,,,否,,,,,,否,382225337,257425337,7583350686.08,5107318686.08,,,,19.00,19.03,18.87,17.99,16.77,15.99,12.65,1993-10-18,2018-04-27
2014-08-01,600680,*ST上普,电子元件,19.65,19.65,19.0,19.11,19.0,6394924,122206997.64,2.4842,,,否,,,,,,否,382225337,257425337,7304326190.07,4919398190.07,,,,19.19,19.04,18.92,18.11,16.84,16.06,12.69,1993-10-18,2018-04-27
2014-08-04,600680,*ST上普,电子元件,19.11,19.29,19.03,19.27,19.03,3766118,72573093.86,1.4630,,,否,,,,,,否,382225337,257425337,7365482243.99,4960586243.99,,,,19.35,19.06,18.99,18.23,16.92,16.13,12.74,1993-10-18,2018-04-27
2014-08-05,600680,*ST上普,电子元件,19.27,19.28,18.67,18.98,18.67,4464346,84733287.08,1.7342,,,否,,,,,,否,382225337,257425337,7254636896.26,4885932896.26,,,,19.29,18.96,19.04,18.35,16.99,16.20,12.78,1993-10-18,2018-04-27
2014-08-06,600680,*ST上普,电子元件,18.8,19.28,18.53,19.25,18.53,4192255,80700908.75,1.6285,,,否,,,,,,否,382225337,257425337,7357837737.25,4955437737.25,,,,19.29,18.98,19.10,18.48,17.07,16.27,12.83,1993-10-18,2018-04-27
2014-08-07,600680,*ST上普,电子元件,19.3,19.54,18.83,18.92,18.83,5253066,99388008.72,2.0406,,,否,,,,,,否,382225337,257425337,7231703376.04,4870487376.04,,,,19.11,19.05,19.12,18.59,17.13,16.34,12.87,1993-10-18,2018-04-27
2014-08-08,600680,*ST上普,电子元件,18.94,19.06,18.71,18.88,18.71,2636145,49770417.60,1.0240,,,否,,,,,,否,382225337,257425337,7216414362.56,4860190362.56,,,,19.06,19.12,19.17,18.68,17.21,16.41,12.91,1993-10-18,2018-04-27
2014-08-11,600680,*ST上普,电子元件,18.9,19.28,18.82,19.15,18.82,3094358,59256955.70,1.2020,,,否,,,,,,否,382225337,257425337,7319615203.55,4929695203.55,,,,19.04,19.19,19.18,18.76,17.29,16.48,12.95,1993-10-18,2018-04-27
2014-08-12,600680,*ST上普,电子元件,19.18,19.64,19.04,19.56,19.04,5776544,112989200.64,2.2440,,,否,,,,,,否,382225337,257425337,7476327591.72,5035239591.72,,,,19.15,19.22,19.12,18.86,17.39,16.55,13.00,1993-10-18,2018-04-27
2014-08-13,600680,*ST上普,电子元件,19.47,19.47,19.0,19.21,19.0,3845947,73880641.87,1.4940,,,否,,,,,,否,382225337,257425337,7342548723.77,4945140723.77,,,,19.14,19.22,19.11,18.94,17.47,16.62,13.04,1993-10-18,2018-04-27
2014-08-14,600680,*ST上普,电子元件,19.19,19.45,18.88,18.9,18.88,3407037,64392999.30,1.3235,,,否,,,,,,否,382225337,257425337,7224058869.30,4865338869.30,,,,19.14,19.12,19.07,18.96,17.54,16.70,13.08,1993-10-18,2018-04-27
2014-08-15,600680,*ST上普,电子元件,18.65,18.89,18.49,18.58,18.49,4956969,92100484.02,1.9256,,,否,,,,,,否,382225337,257425337,7101746761.46,4782962761.46,,,,19.08,19.07,19.06,18.97,17.61,16.76,13.12,1993-10-18,2018-04-27
2014-08-18,600680,*ST上普,电子元件,18.65,18.8,18.54,18.75,18.54,3337270,62573812.50,1.2964,,,否,,,,,,否,382225337,257425337,7166725068.75,4826725068.75,,,,19.00,19.02,19.04,19.00,17.67,16.84,13.17,1993-10-18,2018-04-27
2014-08-19,600680,*ST上普,电子元件,18.78,19.5,18.55,19.16,18.55,6927759,132735862.44,2.6912,,,否,,,,,,否,382225337,257425337,7323437456.92,4932269456.92,,,,18.92,19.04,19.00,19.04,17.71,16.91,13.21,1993-10-18,2018-04-27
2014-08-20,600680,*ST上普,电子元件,18.9,19.09,18.74,18.9,18.74,3980099,75223871.10,1.5461,,,否,,,,,,否,382225337,257425337,7224058869.30,4865338869.30,,,,18.86,19.00,18.99,19.06,17.75,16.96,13.25,1993-10-18,2018-04-27
2014-08-21,600680,*ST上普,电子元件,18.9,19.25,18.8,19.1,18.8,4644768,88715068.80,1.8043,,,否,,,,,,否,382225337,257425337,7300503936.70,4916823936.70,,,,18.90,19.02,19.04,19.09,17.80,17.01,13.29,1993-10-18,2018-04-27
2014-08-22,600680,*ST上普,电子元件,19.08,19.28,18.85,19.03,18.85,3878133,73800870.99,1.5065,,,否,,,,,,否,382225337,257425337,7273748163.11,4898804163.11,,,,18.99,19.03,19.08,19.12,17.85,17.05,13.33,1993-10-18,2018-04-27
2014-08-25,600680,*ST上普,电子元件,18.8,18.8,18.15,18.2,18.15,5389502,98088936.40,2.0936,,,否,,,,,,否,382225337,257425337,6956501133.40,4685141133.40,,,,18.88,18.94,19.07,19.10,17.89,17.07,13.37,1993-10-18,2018-04-27
2014-08-26,600680,*ST上普,电子元件,18.13,18.3,17.83,17.94,17.83,2504727,44934802.38,0.9730,,,否,,,,,,否,382225337,257425337,6857122545.78,4618210545.78,,,,18.63,18.78,19.00,19.01,17.92,17.07,13.40,1993-10-18,2018-04-27
2014-08-27,600680,*ST上普,电子元件,18.3,18.63,18.12,18.14,18.12,2586444,46918094.16,1.0047,,,否,,,,,,否,382225337,257425337,6933567613.18,4669695613.18,,,,18.48,18.67,18.94,18.96,17.97,17.06,13.43,1993-10-18,2018-04-27
2014-08-28,600680,*ST上普,电子元件,18.03,18.05,17.3,17.54,17.3,3931637,68960912.98,1.5273,,,否,,,,,,否,382225337,257425337,6704232410.98,4515240410.98,,,,18.17,18.53,18.83,18.89,18.00,17.04,13.46,1993-10-18,2018-04-27
2014-08-29,600680,*ST上普,电子元件,17.53,17.9,17.32,17.82,17.32,2132631,38003484.42,0.8284,,,否,,,,,,否,382225337,257425337,6811255505.34,4587319505.34,,,,17.93,18.46,18.76,18.86,18.03,17.03,13.49,1993-10-18,2018-04-27
2014-09-01,600680,*ST上普,电子元件,17.9,18.18,17.84,18.14,17.84,2229558,40444182.12,0.8661,,,否,,,,,,否,382225337,257425337,6933567613.18,4669695613.18,,,,17.92,18.40,18.71,18.82,18.06,17.04,13.53,1993-10-18,2018-04-27
2014-09-02,600680,*ST上普,电子元件,18.2,18.75,18.11,18.5,18.11,4293794,79435189.00,1.6680,,,否,,,,,,否,382225337,257425337,7071168734.50,4762368734.50,,,,18.03,18.33,18.68,18.77,18.10,17.04,13.56,1993-10-18,2018-04-27
2014-09-03,600680,*ST上普,电子元件,18.45,18.67,18.45,18.5,18.45,3710859,68650891.50,1.4415,,,否,,,,,,否,382225337,257425337,7071168734.50,4762368734.50,,,,18.10,18.29,18.65,18.76,18.13,17.05,13.59,1993-10-18,2018-04-27
2014-09-04,600680,*ST上普,电子元件,18.55,18.66,18.49,18.59,18.49,2953511,54905769.49,1.1473,,,否,,,,,,否,382225337,257425337,7105569014.83,4785537014.83,,,,18.31,18.24,18.63,18.77,18.17,17.07,13.62,1993-10-18,2018-04-27
2014-09-05,600680,*ST上普,电子元件,18.63,19.02,18.4,18.98,18.4,6157772,116874512.56,2.3921,,,否,,,,,,否,382225337,257425337,7254636896.26,4885932896.26,,,,18.54,18.24,18.63,18.80,18.20,17.08,13.65,1993-10-18,2018-04-27
2014-09-09,600680,*ST上普,电子元件,19.12,19.25,18.72,18.85,18.72,4784031,90178984.35,1.8584,,,否,,,,,,否,382225337,257425337,7204947602.45,4852467602.45,,,,18.68,18.30,18.62,18.81,18.23,17.09,13.68,1993-10-18,2018-04-27
2014-09-10,600680,*ST上普,电子元件,18.71,18.77,18.4,18.62,18.4,3503770,65240197.40,1.3611,,,否,,,,,,否,382225337,257425337,7117035774.94,4793259774.94,,,,18.71,18.37,18.57,18.79,18.27,17.11,13.71,1993-10-18,2018-04-27
2014-09-11,600680,*ST上普,电子元件,18.62,18.8,18.32,18.47,18.32,3719036,68690594.92,1.4447,,,否,,,,,,否,382225337,257425337,7059701974.39,4754645974.39,,,,18.70,18.40,18.54,18.76,18.30,17.12,13.75,1993-10-18,2018-04-27
2014-09-12,600680,*ST上普,电子元件,18.36,18.71,18.36,18.58,18.36,2335214,43388276.12,0.9071,,,否,,,,,,否,382225337,257425337,7101746761.46,4782962761.46,,,,18.70,18.51,18.52,18.72,18.35,17.14,13.78,1993-10-18,2018-04-27
2014-09-15,600680,*ST上普,电子元件,18.57,18.7,18.49,18.69,18.49,2998011,56032825.59,1.1646,,,否,,,,,,否,382225337,257425337,7143791548.53,4811279548.53,,,,18.64,18.59,18.53,18.71,18.41,17.15,13.81,1993-10-18,2018-04-27
2014-09-16,600680,*ST上普,电子元件,18.74,18.78,17.85,17.88,17.85,4297145,76832952.60,1.6693,,,否,,,,,,否,382225337,257425337,6834189025.56,4602765025.56,,,,18.45,18.57,18.48,18.66,18.45,17.15,13.84,1993-10-18,2018-04-27
2014-09-17,600680,*ST上普,电子元件,17.8,18.69,17.47,18.4,17.47,4544146,83612286.40,1.7652,,,否,,,,,,否,382225337,257425337,7032946200.80,4736626200.80,,,,18.40,18.56,18.44,18.64,18.49,17.15,13.88,1993-10-18,2018-04-27
2014-09-18,600680,*ST上普,电子元件,18.19,18.3,18.0,18.11,18.0,2046195,37056591.45,0.7949,,,否,,,,,,否,382225337,257425337,6922100853.07,4661972853.07,,,,18.33,18.52,18.40,18.60,18.54,17.16,13.91,1993-10-18,2018-04-27
2014-09-19,600680,*ST上普,电子元件,18.2,18.27,17.7,18.06,17.7,1796770,32449666.20,0.6980,,,否,,,,,,否,382225337,257425337,6902989586.22,4649101586.22,,,,18.23,18.46,18.35,18.57,18.58,17.19,13.93,1993-10-18,2018-04-27
2014-09-22,600680,*ST上普,电子元件,18.03,18.15,17.6,17.72,17.6,1966531,34846929.32,0.7639,,,否,,,,,,否,382225337,257425337,6773032971.64,4561576971.64,,,,18.03,18.34,18.29,18.54,18.61,17.21,13.96,1993-10-18,2018-04-27
2014-09-23,600680,*ST上普,电子元件,17.76,17.9,17.59,17.85,17.59,1477814,26378979.90,0.5741,,,否,,,,,,否,382225337,257425337,6822722265.45,4595042265.45,,,,18.03,18.24,18.27,18.49,18.63,17.23,13.99,1993-10-18,2018-04-27
2014-09-24,600680,*ST上普,电子元件,17.85,18.05,17.63,18.04,17.63,2307035,41618911.40,0.8962,,,否,,,,,,否,382225337,257425337,6895345079.48,4643953079.48,,,,17.96,18.18,18.27,18.44,18.65,17.25,14.02,1993-10-18,2018-04-27
2014-09-25,600680,*ST上普,电子元件,18.02,18.55,18.0,18.17,18.0,3976238,72248244.46,1.5446,,,否,,,,,,否,382225337,257425337,6945034373.29,4677418373.29,,,,17.97,18.15,18.28,18.41,18.67,17.28,14.05,1993-10-18,2018-04-27
2014-09-26,600680,*ST上普,电子元件,18.19,18.24,17.68,17.85,17.68,2967625,52972106.25,1.1528,,,否,,,,,,否,382225337,257425337,6822722265.45,4595042265.45,,,,17.93,18.08,18.29,18.37,18.66,17.29,14.09,1993-10-18,2018-04-27
2014-09-29,600680,*ST上普,电子元件,17.95,18.23,17.78,18.01,17.78,2149188,38706875.88,0.8349,,,否,,,,,,否,382225337,257425337,6883878319.37,4636230319.37,,,,17.98,18.01,18.30,18.35,18.66,17.32,14.12,1993-10-18,2018-04-27
2014-09-30,600680,*ST上普,电子元件,18.1,18.5,18.0,18.39,18.0,3488956,64161900.84,1.3553,,,否,,,,,,否,382225337,257425337,7029123947.43,4734051947.43,,,,18.09,18.06,18.31,18.34,18.67,17.34,14.15,1993-10-18,2018-04-27
2014-10-08,600680,*ST上普,电子元件,18.77,18.87,18.4,18.58,18.4,4651346,86422008.68,1.8069,,,否,,,,,,否,382225337,257425337,7101746761.46,4782962761.46,,,,18.20,18.08,18.32,18.32,18.68,17.36,14.18,1993-10-18,2018-04-27
2014-10-09,600680,*ST上普,电子元件,18.69,19.88,18.58,19.56,18.58,15559450,304342842.00,6.0443,,,否,,,,,,否,382225337,257425337,7476327591.72,5035239591.72,,,,18.48,18.22,18.37,18.34,18.70,17.39,14.21,1993-10-18,2018-04-27
2014-10-10,600680,*ST上普,电子元件,19.01,19.23,18.85,19.06,18.85,6649159,126732970.54,2.5829,,,否,,,,,,否,382225337,257425337,7285214923.22,4906526923.22,,,,18.72,18.32,18.39,18.34,18.71,17.39,14.25,1993-10-18,2018-04-27
2014-10-13,600680,*ST上普,电子元件,18.99,18.99,18.0,18.42,18.0,5189186,95584806.12,2.0158,,,否,,,,,,否,382225337,257425337,7040590707.54,4741774707.54,,,,18.80,18.39,18.37,18.32,18.72,17.40,14.29,1993-10-18,2018-04-27
2014-10-14,600680,*ST上普,电子元件,18.49,18.51,18.09,18.22,18.09,3075507,56035737.54,1.1947,,,否,,,,,,否,382225337,257425337,6964145640.14,4690289640.14,,,,18.77,18.43,18.33,18.32,18.71,17.39,14.32,1993-10-18,2018-04-27
2014-10-15,600680,*ST上普,电子元件,18.2,18.4,18.1,18.34,18.1,2227327,40849177.18,0.8652,,,否,,,,,,否,382225337,257425337,7010012680.58,4721180680.58,,,,18.72,18.46,18.32,18.34,18.67,17.39,14.35,1993-10-18,2018-04-27
2014-10-16,600680,*ST上普,电子元件,18.28,18.28,17.7,17.72,17.7,4015318,71151434.96,1.5598,,,否,,,,,,否,382225337,257425337,6773032971.64,4561576971.64,,,,18.35,18.42,18.28,18.32,18.64,17.37,14.38,1993-10-18,2018-04-27
2014-10-17,600680,*ST上普,电子元件,17.5,17.5,16.36,16.74,16.36,5204531,87123848.94,2.0218,,,否,,,,,,否,382225337,257425337,6398452141.38,4309300141.38,,,,17.89,18.30,18.19,18.30,18.59,17.36,14.40,1993-10-18,2018-04-27
2014-10-20,600680,*ST上普,电子元件,16.7,17.29,16.64,17.28,16.64,3185230,55040774.40,1.2373,,,否,,,,,,否,382225337,257425337,6604853823.36,4448309823.36,,,,17.66,18.23,18.12,18.28,18.57,17.36,14.43,1993-10-18,2018-04-27
2014-10-21,600680,*ST上普,电子元件,17.3,18.1,17.19,18.05,17.19,5785104,104421127.20,2.2473,,,否,,,,,,否,382225337,257425337,6899167332.85,4646527332.85,,,,17.63,18.20,18.13,18.27,18.55,17.38,14.46,1993-10-18,2018-04-27
2014-10-22,600680,*ST上普,电子元件,18.0,18.47,17.75,17.98,17.75,4728436,85017279.28,1.8368,,,否,,,,,,否,382225337,257425337,6872411559.26,4628507559.26,,,,17.55,18.14,18.11,18.26,18.52,17.40,14.48,1993-10-18,2018-04-27
2014-10-23,600680,*ST上普,电子元件,18.0,18.29,17.6,17.9,17.6,3636180,65087622.00,1.4125,,,否,,,,,,否,382225337,257425337,6841833532.30,4607913532.30,,,,17.59,17.97,18.10,18.24,18.50,17.42,14.51,1993-10-18,2018-04-27
2014-10-24,600680,*ST上普,电子元件,17.8,19.69,17.71,19.2,17.71,15978703,306791097.60,6.2071,,,否,,,,,,否,382225337,257425337,7338726470.40,4942566470.40,,,,18.08,17.99,18.15,18.26,18.51,17.46,14.55,1993-10-18,2018-04-27
2014-10-27,600680,*ST上普,电子元件,18.93,19.01,18.55,18.93,18.55,4709070,89142695.10,1.8293,,,否,,,,,,否,382225337,257425337,7235525629.41,4873061629.41,,,,18.41,18.04,18.21,18.26,18.53,17.50,14.58,1993-10-18,2018-04-27
2014-10-28,600680,*ST上普,电子元件,18.93,19.78,18.55,19.25,18.55,20557591,395733626.75,7.9858,,,否,,,,,,否,382225337,257425337,7357837737.25,4955437737.25,,,,18.65,18.14,18.28,18.27,18.54,17.54,14.61,1993-10-18,2018-04-27
2014-10-29,600680,*ST上普,电子元件,18.78,19.09,18.54,18.88,18.54,14102694,266258862.72,5.4784,,,否,,,,,,否,382225337,257425337,7216414362.56,4860190362.56,,,,18.83,18.19,18.33,18.28,18.53,17.57,14.64,1993-10-18,2018-04-27
2014-10-30,600680,*ST上普,电子元件,18.86,18.86,18.43,18.45,18.43,6848737,126359197.65,2.6605,,,否,,,,,,否,382225337,257425337,7052057467.65,4749497467.65,,,,18.94,18.27,18.34,18.28,18.52,17.60,14.68,1993-10-18,2018-04-27
2014-10-31,600680,*ST上普,电子元件,18.6,18.65,17.92,18.09,17.92,4582043,82889157.87,1.7800,,,否,,,,,,否,382225337,257425337,6914456346.33,4656824346.33,,,,18.72,18.40,18.35,18.26,18.49,17.63,14.71,1993-10-18,2018-04-27
2014-11-03,600680,*ST上普,电子元件,18.07,18.2,17.9,18.1,17.9,2937037,53160369.70,1.1409,,,否,,,,,,否,382225337,257425337,6918278599.70,4659398599.70,,,,18.55,18.48,18.36,18.24,18.47,17.66,14.74,1993-10-18,2018-04-27
2014-11-04,600680,*ST上普,电子元件,18.01,18.02,17.8,17.85,17.8,2891174,51607455.90,1.1231,,,否,,,,,,否,382225337,257425337,6822722265.45,4595042265.45,,,,18.27,18.46,18.33,18.24,18.45,17.69,14.78,1993-10-18,2018-04-27
2014-11-05,600680,*ST上普,电子元件,17.79,18.06,17.51,18.04,17.51,2510031,45280959.24,0.9751,,,否,,,,,,否,382225337,257425337,6895345079.48,4643953079.48,,,,18.11,18.47,18.30,18.23,18.43,17.71,14.81,1993-10-18,2018-04-27
2014-11-06,600680,*ST上普,电子元件,17.96,18.13,17.82,18.09,17.82,1990251,36003640.59,0.7731,,,否,,,,,,否,382225337,257425337,6914456346.33,4656824346.33,,,,18.03,18.49,18.23,18.23,18.42,17.74,14.85,1993-10-18,2018-04-27
2014-11-07,600680,*ST上普,电子元件,18.12,18.2,17.74,17.87,17.74,2472170,44177677.90,0.9603,,,否,,,,,,否,382225337,257425337,6830366772.19,4600190772.19,,,,17.99,18.36,18.17,18.22,18.40,17.77,14.88,1993-10-18,2018-04-27
2014-11-10,600680,*ST上普,电子元件,17.96,17.99,17.58,17.75,17.58,2316267,41113739.25,0.8998,,,否,,,,,,否,382225337,257425337,6784499731.75,4569299731.75,,,,17.92,18.24,18.14,18.22,18.38,17.80,14.92,1993-10-18,2018-04-27
2014-11-11,600680,*ST上普,电子元件,17.75,17.9,16.7,16.94,16.7,4016479,68039154.26,1.5603,,,否,,,,,,否,382225337,257425337,6474897208.78,4360785208.78,,,,17.74,18.01,18.07,18.19,18.34,17.82,14.95,1993-10-18,2018-04-27
2014-11-12,600680,*ST上普,电子元件,16.9,17.29,16.63,17.23,16.63,2097215,36135014.45,0.8147,,,否,,,,,,否,382225337,257425337,6585742556.51,4435438556.51,,,,17.58,17.84,18.02,18.16,18.30,17.84,14.98,1993-10-18,2018-04-27
2014-11-13,600680,*ST上普,电子元件,17.37,17.4,16.74,16.96,16.74,1966745,33355995.20,0.7640,,,否,,,,,,否,382225337,257425337,6482541715.52,4365933715.52,,,,17.35,17.69,17.98,18.12,18.27,17.87,15.01,1993-10-18,2018-04-27
2014-11-14,600680,*ST上普,电子元件,16.81,17.15,16.8,16.92,16.8,1331451,22528150.92,0.5172,,,否,,,,,,否,382225337,257425337,6467252702.04,4355636702.04,,,,17.16,17.58,17.99,18.09,18.23,17.89,15.04,1993-10-18,2018-04-27
2014-11-17,600680,*ST上普,电子元件,17.0,17.44,16.98,17.2,16.98,1874326,32238407.20,0.7281,,,否,,,,,,否,382225337,257425337,6574275796.40,4427715796.40,,,,17.05,17.49,17.98,18.07,18.21,17.91,15.08,1993-10-18,2018-04-27
2014-11-18,600680,*ST上普,电子元件,17.18,17.2,16.98,17.09,16.98,1292362,22086466.58,0.5020,,,否,,,,,,否,382225337,257425337,6532231009.33,4399399009.33,,,,17.08,17.41,17.94,18.02,18.18,17.93,15.11,1993-10-18,2018-04-27
2014-11-19,600680,*ST上普,电子元件,17.05,17.2,16.95,17.18,16.95,1434233,24640122.94,0.5571,,,否,,,,,,否,382225337,257425337,6566631289.66,4422567289.66,,,,17.07,17.32,17.90,17.98,18.15,17.93,15.14,1993-10-18,2018-04-27
2014-11-20,600680,*ST上普,电子元件,17.05,17.17,16.82,16.89,16.82,1675766,28303687.74,0.6510,,,否,,,,,,否,382225337,257425337,6455785941.93,4347913941.93,,,,17.06,17.20,17.85,17.89,18.12,17.93,15.17,1993-10-18,2018-04-27
2014-11-21,600680,*ST上普,电子元件,16.86,17.03,16.86,16.88,16.86,1387478,23420628.64,0.5390,,,否,,,,,,否,382225337,257425337,6451963688.56,4345339688.56,,,,17.05,17.10,17.73,17.81,18.08,17.94,15.20,1993-10-18,2018-04-27
2014-11-24,600680,*ST上普,电子元件,17.0,17.5,16.9,17.27,16.9,2997143,51760659.61,1.1643,,,否,,,,,,否,382225337,257425337,6601031569.99,4445735569.99,,,,17.06,17.06,17.65,17.78,18.05,17.95,15.24,1993-10-18,2018-04-27
2014-11-25,600680,*ST上普,电子元件,17.3,17.86,17.3,17.68,17.3,3750507,66308963.76,1.4569,,,否,,,,,,否,382225337,257425337,6757743958.16,4551279958.16,,,,17.18,17.13,17.57,17.76,18.04,17.96,15.27,1993-10-18,2018-04-27
2014-11-26,600680,*ST上普,电子元件,18.22,18.67,17.76,18.0,17.76,6854078,123373404.00,2.6625,,,否,,,,,,否,382225337,257425337,6880056066.00,4633656066.00,,,,17.34,17.21,17.52,17.75,18.04,17.98,15.30,1993-10-18,2018-04-27
2014-11-27,600680,*ST上普,电子元件,18.12,18.17,17.62,17.74,17.62,3767319,66832239.06,1.4635,,,否,,,,,,否,382225337,257425337,6780677478.38,4566725478.38,,,,17.51,17.29,17.49,17.75,18.03,18.00,15.34,1993-10-18,2018-04-27
2014-11-28,600680,*ST上普,电子元件,17.86,17.86,17.43,17.53,17.43,2629887,46101919.11,1.0216,,,否,,,,,,否,382225337,257425337,6700410157.61,4512666157.61,,,,17.64,17.35,17.46,17.77,18.03,18.02,15.37,1993-10-18,2018-04-27
2014-12-01,600680,*ST上普,电子元件,17.6,17.6,17.0,17.14,17.0,2385988,40895834.32,0.9269,,,否,,,,,,否,382225337,257425337,6551342276.18,4412270276.18,,,,17.62,17.34,17.41,17.77,18.02,18.03,15.40,1993-10-18,2018-04-27
2014-12-02,600680,*ST上普,电子元件,17.14,17.52,17.1,17.24,17.1,1855313,31985596.12,0.7207,,,否,,,,,,否,382225337,257425337,6589564809.88,4438012809.88,,,,17.53,17.36,17.38,17.74,18.01,18.04,15.43,1993-10-18,2018-04-27
2014-12-03,600680,*ST上普,电子元件,17.28,17.72,17.01,17.55,17.01,3782189,66377416.95,1.4692,,,否,,,,,,否,382225337,257425337,6708054664.35,4517814664.35,,,,17.44,17.39,17.36,17.73,17.99,18.05,15.46,1993-10-18,2018-04-27
2014-12-04,600680,*ST上普,电子元件,17.45,17.59,17.42,17.56,17.42,3318818,58278444.08,1.2892,,,否,,,,,,否,382225337,257425337,6711876917.72,4520388917.72,,,,17.40,17.46,17.33,17.72,17.98,18.05,15.49,1993-10-18,2018-04-27
2014-12-05,600680,*ST上普,电子元件,17.58,17.58,16.72,16.93,16.72,3786178,64099993.54,1.4708,,,否,,,,,,否,382225337,257425337,6471074955.41,4358210955.41,,,,17.28,17.46,17.28,17.64,17.95,18.06,15.52,1993-10-18,2018-04-27
2014-12-08,600680,*ST上普,电子元件,16.8,17.57,16.73,17.22,16.73,3708595,63862005.90,1.4406,,,否,,,,,,否,382225337,257425337,6581920303.14,4432864303.14,,,,17.30,17.46,17.26,17.58,17.92,18.06,15.55,1993-10-18,2018-04-27
2014-12-09,600680,*ST上普,电子元件,17.28,17.51,16.8,16.8,16.8,4320557,72585357.60,1.6784,,,否,,,,,,否,382225337,257425337,6421385661.60,4324745661.60,,,,17.21,17.37,17.25,17.50,17.89,18.06,15.58,1993-10-18,2018-04-27
2014-12-10,600680,*ST上普,电子元件,15.26,16.99,15.26,16.83,15.26,3313140,55760146.20,1.2870,,,否,,,,,,否,382225337,257425337,6432852421.71,4332468421.71,,,,17.07,17.25,17.23,17.43,17.86,18.06,15.61,1993-10-18,2018-04-27
2014-12-11,600680,*ST上普,电子元件,16.79,17.2,16.55,16.89,16.55,2221335,37518348.15,0.8629,,,否,,,,,,否,382225337,257425337,6455785941.93,4347913941.93,,,,16.93,17.17,17.23,17.38,17.83,18.06,15.64,1993-10-18,2018-04-27
2014-12-12,600680,*ST上普,电子元件,16.88,17.13,16.71,17.04,16.71,2802243,47750220.72,1.0886,,,否,,,,,,否,382225337,257425337,6513119742.48,4386527742.48,,,,16.96,17.12,17.23,17.35,17.80,18.08,15.67,1993-10-18,2018-04-27
2014-12-15,600680,*ST上普,电子元件,16.96,17.08,16.87,17.01,16.87,1880220,31982542.20,0.7304,,,否,,,,,,否,382225337,257425337,6501652982.37,4378804982.37,,,,16.91,17.11,17.22,17.31,17.78,18.09,15.70,1993-10-18,2018-04-27
2014-12-16,600680,*ST上普,电子元件,16.98,17.01,16.67,16.69,16.67,2505849,41822619.81,0.9734,,,否,,,,,,否,382225337,257425337,6379340874.53,4296428874.53,,,,16.89,17.05,17.20,17.27,17.76,18.10,15.73,1993-10-18,2018-04-27
2014-12-17,600680,*ST上普,电子元件,16.67,16.67,15.88,16.11,15.88,3436595,55363545.45,1.3350,,,否,,,,,,否,382225337,257425337,6157650179.07,4147122179.07,,,,16.75,16.91,17.15,17.21,17.72,18.11,15.76,1993-10-18,2018-04-27
2014-12-18,600680,*ST上普,电子元件,16.11,16.28,16.0,16.0,16.0,1861923,29790768.00,0.7233,,,否,,,,,,否,382225337,257425337,6115605392.00,4118805392.00,,,,16.57,16.75,17.11,17.14,17.68,18.11,15.78,1993-10-18,2018-04-27
2014-12-19,600680,*ST上普,电子元件,15.98,15.98,15.36,15.52,15.36,2381409,36959467.68,0.9251,,,否,,,,,,否,382225337,257425337,5932137230.24,3995241230.24,,,,16.27,16.61,17.04,17.06,17.64,18.11,15.81,1993-10-18,2018-04-27
2014-12-22,600680,*ST上普,电子元件,15.52,15.69,14.48,14.57,14.48,2668810,38884561.70,1.0367,,,否,,,,,,否,382225337,257425337,5569023160.09,3750687160.09,,,,15.78,16.35,16.90,16.95,17.59,18.10,15.82,1993-10-18,2018-04-27
2014-12-23,600680,*ST上普,电子元件,14.6,14.76,14.41,14.6,14.41,1172717,17121668.20,0.4556,,,否,,,,,,否,382225337,257425337,5580489920.20,3758409920.20,,,,15.36,16.13,16.75,16.88,17.53,18.08,15.85,1993-10-18,2018-04-27
2014-12-24,600680,*ST上普,电子元件,14.77,14.89,14.65,14.85,14.65,1240470,18420979.50,0.4819,,,否,,,,,,否,382225337,257425337,5676046254.45,3822766254.45,,,,15.11,15.93,16.59,16.80,17.48,18.07,15.87,1993-10-18,2018-04-27
2014-12-25,600680,*ST上普,电子元件,14.86,14.9,14.7,14.82,14.7,1211299,17951451.18,0.4705,,,否,,,,,,否,382225337,257425337,5664579494.34,3815043494.34,,,,14.87,15.72,16.45,16.73,17.42,18.05,15.89,1993-10-18,2018-04-27
2014-12-26,600680,*ST上普,电子元件,14.73,14.89,14.68,14.79,14.68,1247509,18450658.11,0.4846,,,否,,,,,,否,382225337,257425337,5653112734.23,3807320734.23,,,,14.73,15.50,16.31,16.65,17.37,18.02,15.91,1993-10-18,2018-04-27
2014-12-29,600680,*ST上普,电子元件,14.83,14.92,14.5,14.55,14.5,1294292,18831948.60,0.5028,,,否,,,,,,否,382225337,257425337,5561378653.35,3745538653.35,,,,14.72,15.25,16.18,16.57,17.32,17.99,15.94,1993-10-18,2018-04-27
2014-12-30,600680,*ST上普,电子元件,14.45,14.72,14.45,14.49,14.45,1198901,17372075.49,0.4657,,,否,,,,,,否,382225337,257425337,5538445133.13,3730093133.13,,,,14.70,15.03,16.04,16.48,17.25,17.96,15.96,1993-10-18,2018-04-27
2014-12-31,600680,*ST上普,电子元件,14.49,14.65,14.45,14.64,14.45,892372,13064326.08,0.3467,,,否,,,,,,否,382225337,257425337,5595778933.68,3768706933.68,,,,14.66,14.88,15.90,16.39,17.19,17.93,15.98,1993-10-18,2018-04-27
2015-01-05,600680,*ST上普,电子元件,14.65,14.7,14.41,14.69,14.41,1764654,25922767.26,0.6855,,,否,,,,,,否,382225337,257425337,5614890200.53,3781578200.53,,,,14.63,14.75,15.75,16.32,17.10,17.90,16.00,1993-10-18,2018-04-27
2015-01-06,600680,*ST上普,电子元件,14.65,15.54,14.46,15.27,14.46,3473085,53034007.95,1.3492,,,否,,,,,,否,382225337,257425337,5836580895.99,3930884895.99,,,,14.73,14.73,15.67,16.27,17.04,17.88,16.03,1993-10-18,2018-04-27
2015-01-07,600680,*ST上普,电子元件,15.05,15.23,15.01,15.14,15.01,1453108,22000055.12,0.5645,,,否,,,,,,否,382225337,257425337,5786891602.18,3897419602.18,,,,14.85,14.78,15.57,16.20,16.99,17.85,16.05,1993-10-18,2018-04-27
2015-01-08,600680,*ST上普,电子元件,15.14,15.21,14.98,15.05,14.98,982712,14789815.60,0.3817,,,否,,,,,,否,382225337,257425337,5752491321.85,3874251321.85,,,,14.96,14.83,15.48,16.11,16.93,17.82,16.08,1993-10-18,2018-04-27
2015-01-09,600680,*ST上普,电子元件,15.09,15.24,14.97,14.98,14.97,1247702,18690575.96,0.4847,,,否,,,,,,否,382225337,257425337,5725735548.26,3856231548.26,,,,15.03,14.84,15.39,16.01,16.88,17.77,16.10,1993-10-18,2018-04-27
2015-01-12,600680,*ST上普,电子元件,15.38,16.48,15.38,16.48,15.38,7146949,117781719.52,2.7763,,,否,,,,,,是,382225337,257425337,6299073553.76,4242369553.76,,,,15.38,15.01,15.36,15.97,16.86,17.75,16.13,1993-10-18,2018-04-27
2015-01-13,600680,*ST上普,电子元件,16.87,17.72,16.51,17.35,16.51,13347329,231576158.15,5.1849,,,否,,,,,,否,382225337,257425337,6631609596.95,4466329596.95,,,,15.80,15.26,15.38,15.96,16.87,17.73,16.16,1993-10-18,2018-04-27
2015-01-14,600680,*ST上普,电子元件,17.0,17.69,16.18,16.35,16.18,6805976,111277707.60,2.6439,,,否,,,,,,否,382225337,257425337,6249384259.95,4208904259.95,,,,16.04,15.44,15.35,15.93,16.85,17.71,16.19,1993-10-18,2018-04-27
2015-01-15,600680,*ST上普,电子元件,16.1,16.42,15.78,16.27,15.78,5681679,92440917.33,2.2071,,,否,,,,,,否,382225337,257425337,6218806232.99,4188310232.99,,,,16.29,15.62,15.33,15.90,16.82,17.69,16.22,1993-10-18,2018-04-27
2015-01-16,600680,*ST上普,电子元件,16.3,17.15,16.3,16.79,16.3,8954757,150350370.03,3.4786,,,否,,,,,,否,382225337,257425337,6417563408.23,4322171408.23,,,,16.65,15.84,15.36,15.88,16.80,17.66,16.25,1993-10-18,2018-04-27
2015-01-19,600680,*ST上普,电子元件,15.97,16.6,15.5,15.86,15.5,5667343,89884059.98,2.2015,,,否,,,,,,否,382225337,257425337,6062093844.82,4082765844.82,,,,16.52,15.95,15.35,15.82,16.77,17.63,16.28,1993-10-18,2018-04-27
2015-01-20,600680,*ST上普,电子元件,15.99,16.47,15.89,16.39,15.89,3879461,63584365.79,1.5070,,,否,,,,,,否,382225337,257425337,6264673273.43,4219201273.43,,,,16.33,16.07,15.40,15.80,16.72,17.62,16.31,1993-10-18,2018-04-27
2015-01-21,600680,*ST上普,电子元件,16.28,16.67,16.27,16.63,16.27,4198683,69824098.29,1.6310,,,否,,,,,,否,382225337,257425337,6356407354.31,4280983354.31,,,,16.39,16.22,15.50,15.78,16.68,17.60,16.35,1993-10-18,2018-04-27
2015-01-22,600680,*ST上普,电子元件,16.53,16.97,16.44,16.69,16.44,4170688,69608782.72,1.6202,,,否,,,,,,否,382225337,257425337,6379340874.53,4296428874.53,,,,16.47,16.38,15.60,15.78,16.64,17.59,16.38,1993-10-18,2018-04-27
2015-01-23,600680,*ST上普,电子元件,16.67,16.85,16.21,16.37,16.21,3427748,56112234.76,1.3316,,,否,,,,,,否,382225337,257425337,6257028766.69,4214052766.69,,,,16.39,16.52,15.68,15.76,16.60,17.57,16.41,1993-10-18,2018-04-27
2015-01-26,600680,*ST上普,电子元件,16.3,16.83,16.22,16.73,16.22,3538395,59197348.35,1.3745,,,否,,,,,,否,382225337,257425337,6394629888.01,4306725888.01,,,,16.56,16.54,15.78,15.76,16.57,17.54,16.44,1993-10-18,2018-04-27
2015-01-27,600680,*ST上普,电子元件,16.73,16.96,16.46,16.9,16.46,4000169,67602856.10,1.5539,,,否,,,,,,否,382225337,257425337,6459608195.30,4350488195.30,,,,16.66,16.50,15.88,15.75,16.55,17.52,16.47,1993-10-18,2018-04-27
2015-01-28,600680,*ST上普,电子元件,16.91,16.91,16.6,16.64,16.6,2413712,40164167.68,0.9376,,,否,,,,,,否,382225337,257425337,6360229607.68,4283557607.68,,,,16.67,16.53,15.99,15.74,16.53,17.50,16.50,1993-10-18,2018-04-27
2015-01-29,600680,*ST上普,电子元件,16.5,16.51,16.2,16.22,16.2,2416616,39197511.52,0.9388,,,否,,,,,,否,382225337,257425337,6199694966.14,4175438966.14,,,,16.57,16.52,16.07,15.72,16.50,17.47,16.53,1993-10-18,2018-04-27
2015-01-30,600680,*ST上普,电子元件,16.2,16.44,15.98,16.06,15.98,1598292,25668569.52,0.6209,,,否,,,,,,否,382225337,257425337,6138538912.22,4134250912.22,,,,16.51,16.45,16.14,15.72,16.47,17.45,16.56,1993-10-18,2018-04-27
2015-02-02,600680,*ST上普,电子元件,16.06,16.06,15.77,15.78,15.77,1457520,22999665.60,0.5662,,,否,,,,,,否,382225337,257425337,6031515817.86,4062171817.86,,,,16.32,16.44,16.20,15.72,16.43,17.42,16.58,1993-10-18,2018-04-27
2015-02-03,600680,*ST上普,电子元件,15.78,16.32,15.78,16.22,15.78,2145920,34806822.40,0.8336,,,否,,,,,,否,382225337,257425337,6199694966.14,4175438966.14,,,,16.18,16.42,16.25,15.74,16.40,17.40,16.61,1993-10-18,2018-04-27
2015-02-04,600680,*ST上普,电子元件,16.32,16.8,16.15,16.68,16.15,4795744,79993009.92,1.8630,,,否,,,,,,否,382225337,257425337,6375518621.16,4293854621.16,,,,16.19,16.43,16.32,15.81,16.38,17.38,16.63,1993-10-18,2018-04-27
2015-02-05,600680,*ST上普,电子元件,16.59,17.24,16.46,16.73,16.46,5852438,97911287.74,2.2735,,,否,,,,,,否,382225337,257425337,6394629888.01,4306725888.01,,,,16.29,16.43,16.41,15.88,16.38,17.36,16.66,1993-10-18,2018-04-27
2015-02-06,600680,*ST上普,电子元件,16.68,17.24,16.61,16.83,16.61,4456971,75010821.93,1.7314,,,否,,,,,,否,382225337,257425337,6432852421.71,4332468421.71,,,,16.45,16.48,16.50,15.95,16.37,17.34,16.69,1993-10-18,2018-04-27
2015-02-09,600680,*ST上普,电子元件,16.83,17.05,16.21,16.58,16.21,2225781,36903448.98,0.8646,,,否,,,,,,否,382225337,257425337,6337296087.46,4268112087.46,,,,16.61,16.46,16.50,16.01,16.37,17.32,16.72,1993-10-18,2018-04-27
2015-02-10,600680,*ST上普,电子元件,16.5,16.69,16.26,16.48,16.26,1374159,22646140.32,0.5338,,,否,,,,,,否,382225337,257425337,6299073553.76,4242369553.76,,,,16.66,16.42,16.46,16.06,16.36,17.30,16.74,1993-10-18,2018-04-27
2015-02-11,600680,*ST上普,电子元件,16.5,16.85,16.5,16.74,16.5,1924981,32224181.94,0.7478,,,否,,,,,,否,382225337,257425337,6398452141.38,4309300141.38,,,,16.67,16.43,16.48,16.13,16.35,17.28,16.77,1993-10-18,2018-04-27
2015-02-12,600680,*ST上普,电子元件,16.81,17.54,16.78,17.28,16.78,5645494,97554136.32,2.1931,,,否,,,,,,否,382225337,257425337,6604853823.36,4448309823.36,,,,16.78,16.54,16.53,16.23,16.35,17.27,16.79,1993-10-18,2018-04-27
2015-02-13,600680,*ST上普,电子元件,17.29,18.07,17.11,17.72,17.11,9062369,160585178.68,3.5204,,,否,,,,,,否,382225337,257425337,6773032971.64,4561576971.64,,,,16.96,16.70,16.58,16.33,16.36,17.26,16.82,1993-10-18,2018-04-27
2015-02-16,600680,*ST上普,电子元件,17.73,18.55,17.68,18.18,17.68,8417297,153026459.46,3.2698,,,否,,,,,,否,382225337,257425337,6948856626.66,4679992626.66,,,,17.28,16.94,16.69,16.45,16.38,17.25,16.85,1993-10-18,2018-04-27
2015-02-17,600680,*ST上普,电子元件,18.48,20.0,18.29,20.0,18.29,12280279,245605580.00,4.7704,,,否,,,,,,是,382225337,257425337,7644506740.00,5148506740.00,,,,17.98,17.32,16.87,16.60,16.44,17.26,16.89,1993-10-18,2018-04-27
2015-02-25,600680,*ST上普,电子元件,20.3,20.38,19.11,19.97,19.11,12852061,256655658.17,4.9925,,,否,,,,,,否,382225337,257425337,7633039979.89,5140783979.89,,,,18.63,17.65,17.04,16.77,16.48,17.26,16.92,1993-10-18,2018-04-27
2015-02-26,600680,*ST上普,电子元件,19.73,20.07,19.13,19.39,19.13,7517097,145756510.83,2.9201,,,否,,,,,,否,382225337,257425337,7411349284.43,4991477284.43,,,,19.05,17.92,17.18,16.91,16.51,17.27,16.96,1993-10-18,2018-04-27
2015-02-27,600680,*ST上普,电子元件,19.29,19.59,18.86,19.53,18.86,7749562,151348945.86,3.0104,,,否,,,,,,否,382225337,257425337,7464860831.61,5027516831.61,,,,19.41,18.19,17.33,17.06,16.53,17.29,16.99,1993-10-18,2018-04-27
2015-03-02,600680,*ST上普,电子元件,19.53,19.96,19.32,19.78,19.32,7167070,141764644.60,2.7841,,,否,,,,,,否,382225337,257425337,7560417165.86,5091873165.86,,,,19.73,18.51,17.49,17.17,16.57,17.30,17.03,1993-10-18,2018-04-27
2015-03-03,600680,*ST上普,电子元件,19.56,20.0,19.15,19.39,19.15,5344766,103635012.74,2.0762,,,否,,,,,,否,382225337,257425337,7411349284.43,4991477284.43,,,,19.61,18.80,17.61,17.24,16.60,17.32,17.07,1993-10-18,2018-04-27
2015-03-04,600680,*ST上普,电子元件,19.26,19.79,19.2,19.76,19.2,4355416,86063020.16,1.6919,,,否,,,,,,否,382225337,257425337,7552772659.12,5086724659.12,,,,19.57,19.10,17.77,17.35,16.64,17.33,17.11,1993-10-18,2018-04-27
2015-03-05,600680,*ST上普,电子元件,19.76,21.74,19.32,21.54,19.32,14225230,306411454.20,5.5260,,,否,,,,,,否,382225337,257425337,8233133758.98,5544941758.98,,,,20.00,19.53,18.03,17.53,16.72,17.36,17.15,1993-10-18,2018-04-27
2015-03-06,600680,*ST上普,电子元件,21.2,21.2,19.39,19.39,19.39,18127389,351490072.71,7.0418,,,否,,,,,,否,382225337,257425337,7411349284.43,4991477284.43,,,,19.97,19.69,18.20,17.62,16.75,17.37,17.19,1993-10-18,2018-04-27
2015-03-09,600680,*ST上普,电子元件,18.6,19.2,18.45,18.94,18.45,6135269,116201994.86,2.3833,,,否,,,,,,否,382225337,257425337,7239347882.78,4875635882.78,,,,19.80,19.77,18.36,17.72,16.77,17.37,17.21,1993-10-18,2018-04-27
2015-03-10,600680,*ST上普,电子元件,19.1,19.39,18.64,19.23,18.64,5491215,105596064.45,2.1331,,,否,,,,,,否,382225337,257425337,7350193230.51,4950289230.51,,,,19.77,19.69,18.51,17.81,16.81,17.38,17.24,1993-10-18,2018-04-27
2015-03-11,600680,*ST上普,电子元件,19.01,19.41,18.84,18.99,18.84,5291143,100478805.57,2.0554,,,否,,,,,,否,382225337,257425337,7258459149.63,4888507149.63,,,,19.62,19.59,18.62,17.89,16.84,17.38,17.25,1993-10-18,2018-04-27
2015-03-12,600680,*ST上普,电子元件,18.99,19.1,18.1,18.34,18.1,6397183,117324336.22,2.4851,,,否,,,,,,否,382225337,257425337,7010012680.58,4721180680.58,,,,18.98,19.49,18.70,17.95,16.86,17.37,17.26,1993-10-18,2018-04-27
2015-03-13,600680,*ST上普,电子元件,18.53,18.69,18.3,18.56,18.3,5005064,92893987.84,1.9443,,,否,,,,,,否,382225337,257425337,7094102254.72,4777814254.72,,,,18.81,19.39,18.79,18.02,16.89,17.37,17.27,1993-10-18,2018-04-27
2015-03-16,600680,*ST上普,电子元件,18.61,19.2,18.6,19.15,18.6,6119576,117189880.40,2.3772,,,否,,,,,,否,382225337,257425337,7319615203.55,4929695203.55,,,,18.85,19.33,18.92,18.10,16.93,17.38,17.27,1993-10-18,2018-04-27
2015-03-17,600680,*ST上普,电子元件,19.13,19.55,19.03,19.47,19.03,7714528,150201860.16,2.9968,,,否,,,,,,否,382225337,257425337,7441927311.39,5012071311.39,,,,18.90,19.34,19.07,18.19,16.97,17.39,17.26,1993-10-18,2018-04-27
2015-03-18,600680,*ST上普,电子元件,19.46,19.79,19.21,19.7,19.21,7499255,147735323.50,2.9132,,,否,,,,,,否,382225337,257425337,7529839138.90,5071279138.90,,,,19.04,19.33,19.22,18.29,17.01,17.39,17.27,1993-10-18,2018-04-27
2015-03-19,600680,*ST上普,电子元件,19.71,19.89,19.3,19.54,19.3,7816124,152727062.96,3.0363,,,否,,,,,,否,382225337,257425337,7468683084.98,5030091084.98,,,,19.28,19.13,19.33,18.40,17.06,17.41,17.28,1993-10-18,2018-04-27
2015-03-20,600680,*ST上普,电子元件,19.46,19.95,19.42,19.74,19.42,7490574,147863930.76,2.9098,,,否,,,,,,否,382225337,257425337,7545128152.38,5081576152.38,,,,19.52,19.17,19.43,18.52,17.12,17.42,17.28,1993-10-18,2018-04-27
2015-03-23,600680,*ST上普,电子元件,19.79,20.05,19.7,19.92,19.7,10036898,199935008.16,3.8990,,,否,,,,,,否,382225337,257425337,7613928713.04,5127912713.04,,,,19.67,19.26,19.52,18.66,17.19,17.44,17.30,1993-10-18,2018-04-27
2015-03-24,600680,*ST上普,电子元件,19.9,20.61,19.63,20.54,19.63,14910598,306263682.92,5.7922,,,否,,,,,,否,382225337,257425337,7850908421.98,5287516421.98,,,,19.89,19.40,19.54,18.80,17.27,17.46,17.31,1993-10-18,2018-04-27
2015-03-25,600680,*ST上普,电子元件,20.55,21.99,20.06,21.08,20.06,13910012,293223052.96,5.4035,,,否,,,,,,否,382225337,257425337,8057310103.96,5426526103.96,,,,20.16,19.60,19.60,18.95,17.38,17.48,17.32,1993-10-18,2018-04-27
2015-03-26,600680,*ST上普,电子元件,20.9,20.9,19.8,20.03,19.8,9374398,187769191.94,3.6416,,,否,,,,,,否,382225337,257425337,7655973500.11,5156229500.11,,,,20.26,19.77,19.63,19.06,17.47,17.50,17.34,1993-10-18,2018-04-27
2015-03-27,600680,*ST上普,电子元件,19.96,20.9,19.83,20.68,19.83,8817795,182352000.60,3.4254,,,否,,,,,,否,382225337,257425337,7904419969.16,5323555969.16,,,,20.45,19.99,19.69,19.19,17.57,17.52,17.35,1993-10-18,2018-04-27
2015-03-30,600680,*ST上普,电子元件,20.76,22.75,20.5,22.75,20.5,13493708,306981857.00,5.2418,,,否,,,,,,是,382225337,257425337,8695626416.75,5856426416.75,,,,21.02,20.35,19.84,19.39,17.70,17.56,17.38,1993-10-18,2018-04-27
2015-03-31,600680,*ST上普,电子元件,23.5,23.5,22.16,22.56,22.16,15934394,359479928.64,6.1899,,,否,,,,,,否,382225337,257425337,8623003602.72,5807515602.72,,,,21.42,20.65,20.00,19.60,17.83,17.60,17.40,1993-10-18,2018-04-27
2015-04-01,600680,*ST上普,电子元件,22.65,24.82,22.65,24.82,22.65,27188302,674813655.64,10.5616,,,否,,,,,,是,382225337,257425337,9486832864.34,6389296864.34,,,,22.17,21.17,20.25,19.87,18.00,17.66,17.43,1993-10-18,2018-04-27
2015-04-02,600680,*ST上普,电子元件,24.94,27.3,24.3,27.08,24.3,26498308,717574180.64,10.2936,,,否,,,,,,否,382225337,257425337,10350662125.96,6971078125.96,,,,23.58,21.92,20.53,20.19,18.21,17.73,17.47,1993-10-18,2018-04-27
2015-04-03,600680,*ST上普,电子元件,26.0,26.86,25.6,26.12,25.6,18173325,474687249.00,7.0596,,,否,,,,,,否,382225337,257425337,9983725802.44,6723949802.44,,,,24.67,22.56,20.86,20.47,18.40,17.79,17.50,1993-10-18,2018-04-27
2015-04-07,600680,*ST上普,电子元件,26.14,26.25,25.22,25.76,25.22,11432275,294495404.00,4.4410,,,否,,,,,,否,382225337,257425337,9846124681.12,6631276681.12,,,,25.27,23.14,21.20,20.73,18.59,17.84,17.53,1993-10-18,2018-04-27
2015-04-08,600680,*ST上普,电子元件,26.0,26.98,24.82,26.49,24.82,15496196,410494232.04,6.0197,,,否,,,,,,否,382225337,257425337,10125149177.13,6819197177.13,,,,26.05,23.74,21.57,20.94,18.77,17.91,17.58,1993-10-18,2018-04-27
2015-04-09,600680,*ST上普,电子元件,26.0,26.38,23.85,25.23,23.85,8551206,215746927.38,3.3218,,,否,,,,,,否,382225337,257425337,9643545252.51,6494841252.51,,,,26.14,24.15,21.88,21.12,18.94,17.96,17.62,1993-10-18,2018-04-27
2015-04-10,600680,*ST上普,电子元件,25.0,25.88,24.66,25.54,24.66,6669712,170344444.48,2.5909,,,否,,,,,,否,382225337,257425337,9762035106.98,6574643106.98,,,,25.83,24.70,22.24,21.32,19.12,18.02,17.66,1993-10-18,2018-04-27
2015-04-13,600680,*ST上普,电子元件,25.61,26.62,25.36,26.38,25.36,10272272,270982535.36,3.9904,,,否,,,,,,否,382225337,257425337,10083104390.06,6790880390.06,,,,25.88,25.27,22.63,21.55,19.31,18.09,17.70,1993-10-18,2018-04-27
2015-04-14,600680,*ST上普,电子元件,26.19,26.19,25.25,25.54,25.25,7203187,183969395.98,2.7982,,,否,,,,,,否,382225337,257425337,9762035106.98,6574643106.98,,,,25.84,25.55,22.95,21.74,19.46,18.16,17.74,1993-10-18,2018-04-27
2015-04-15,600680,*ST上普,电子元件,25.14,25.39,23.8,24.09,23.8,6556589,157948229.01,2.5470,,,否,,,,,,否,382225337,257425337,9207808368.33,6201376368.33,,,,25.36,25.71,23.18,21.90,19.57,18.22,17.78,1993-10-18,2018-04-27
2015-04-16,600680,*ST上普,电子元件,23.85,25.05,23.83,24.48,23.83,4371496,107014222.08,1.6982,,,否,,,,,,否,382225337,257425337,9356876249.76,6301772249.76,,,,25.21,25.67,23.42,22.06,19.70,18.28,17.81,1993-10-18,2018-04-27
2015-04-17,600680,*ST上普,电子元件,25.0,25.65,24.61,24.7,24.61,8175368,201931589.60,3.1758,,,否,,,,,,否,382225337,257425337,9440965823.90,6358405823.90,,,,25.04,25.43,23.68,22.16,19.85,18.33,17.85,1993-10-18,2018-04-27
2015-04-20,600680,*ST上普,电子元件,24.57,24.57,23.0,23.12,23.0,8922439,206286789.68,3.4660,,,否,,,,,,否,382225337,257425337,8837049791.44,5951673791.44,,,,24.39,25.13,23.85,22.29,19.95,18.38,17.88,1993-10-18,2018-04-27
2015-04-21,600680,*ST上普,电子元件,22.89,24.06,22.88,23.85,22.88,5660587,135004999.95,2.1989,,,否,,,,,,否,382225337,257425337,9116074287.45,6139594287.45,,,,24.05,24.94,24.04,22.45,20.08,18.43,17.91,1993-10-18,2018-04-27
2015-04-22,600680,*ST上普,电子元件,23.99,24.69,23.7,24.5,23.7,8414440,206153780.00,3.2687,,,否,,,,,,否,382225337,257425337,9364520756.50,6306920756.50,,,,24.13,24.74,24.24,22.63,20.22,18.47,17.93,1993-10-18,2018-04-27
2015-04-23,600680,*ST上普,电子元件,24.41,25.57,24.2,24.97,24.2,11195182,279543694.54,4.3489,,,否,,,,,,否,382225337,257425337,9544166664.89,6427910664.89,,,,24.23,24.72,24.43,22.82,20.36,18.52,17.96,1993-10-18,2018-04-27
2015-04-24,600680,*ST上普,电子元件,24.5,25.5,24.01,24.6,24.01,6536892,160807543.20,2.5393,,,否,,,,,,否,382225337,257425337,9402743290.20,6332663290.20,,,,24.21,24.62,24.66,23.03,20.49,18.56,17.98,1993-10-18,2018-04-27
2015-04-27,600680,*ST上普,电子元件,24.6,25.08,23.96,24.35,23.96,6487217,157963733.95,2.5200,,,否,,,,,,否,382225337,257425337,9307186955.95,6268306955.95,,,,24.45,24.42,24.85,23.23,20.62,18.61,18.01,1993-10-18,2018-04-27
2015-04-28,600680,*ST上普,电子元件,24.37,25.15,24.08,24.2,24.08,7368818,178325395.60,2.8625,,,否,,,,,,否,382225337,257425337,9249853155.40,6229693155.40,,,,24.52,24.29,24.92,23.39,20.75,18.66,18.02,1993-10-18,2018-04-27
2015-04-29,600680,*ST上普,电子元件,23.2,24.44,22.65,23.98,22.65,4873913,116876433.74,1.8933,,,否,,,,,,否,382225337,257425337,9165763581.26,6173059581.26,,,,24.42,24.28,24.99,23.54,20.87,18.71,18.05,1993-10-18,2018-04-27
2015-04-30,600680,*ST上普,电子元件,24.02,24.57,23.75,24.04,23.75,4778279,114869827.16,1.8562,,,否,,,,,,否,382225337,257425337,9188697101.48,6188505101.48,,,,24.23,24.23,24.95,23.69,20.99,18.76,18.07,1993-10-18,2018-04-27
2015-05-04,600680,*ST上普,电子元件,24.2,24.3,23.52,23.9,23.52,3466496,82849254.40,1.3466,,,否,,,,,,否,382225337,257425337,9135185554.30,6152465554.30,,,,24.09,24.15,24.79,23.83,21.12,18.81,18.11,1993-10-18,2018-04-27
2015-05-05,600680,*ST上普,电子元件,23.95,23.96,21.95,22.83,21.95,5974918,136407377.94,2.3210,,,否,,,,,,否,382225337,257425337,8726204443.71,5877020443.71,,,,23.79,24.12,24.63,23.94,21.23,18.85,18.14,1993-10-18,2018-04-27
2015-05-06,600680,*ST上普,电子元件,23.0,23.3,21.8,22.25,21.8,3398759,75622387.75,1.3203,,,否,,,,,,否,382225337,257425337,8504513748.25,5727713748.25,,,,23.40,23.96,24.45,24.02,21.34,18.88,18.17,1993-10-18,2018-04-27
2015-05-07,600680,*ST上普,电子元件,22.02,22.99,21.91,22.7,21.91,3679644,83527918.80,1.4294,,,否,,,,,,否,382225337,257425337,8676515149.90,5843555149.90,,,,23.14,23.78,24.26,24.09,21.45,18.92,18.20,1993-10-18,2018-04-27
2015-05-08,600680,*ST上普,电子元件,22.91,24.15,22.91,24.06,22.91,7808863,187881243.78,3.0334,,,否,,,,,,否,382225337,257425337,9196341608.22,6193653608.22,,,,23.15,23.69,24.20,24.19,21.57,18.97,18.24,1993-10-18,2018-04-27
2015-05-11,600680,*ST上普,电子元件,24.3,26.08,23.61,25.77,23.61,10582496,272710921.92,4.1109,,,否,,,,,,否,382225337,257425337,9849946934.49,6633850934.49,,,,23.52,23.81,24.22,24.38,21.72,19.05,18.28,1993-10-18,2018-04-27
2015-05-12,600680,*ST上普,电子元件,25.8,25.98,25.0,25.84,25.0,6722036,173697410.24,2.6113,,,否,,,,,,否,382225337,257425337,9876702708.08,6651870708.08,,,,24.12,23.96,24.19,24.55,21.87,19.12,18.32,1993-10-18,2018-04-27
2015-05-13,600680,*ST上普,电子元件,25.72,26.59,25.02,25.79,25.02,7886941,203404208.39,3.0638,,,否,,,,,,否,382225337,257425337,9857591441.23,6638999441.23,,,,24.83,24.12,24.20,24.65,22.02,19.19,18.37,1993-10-18,2018-04-27
2015-05-14,600680,*ST上普,电子元件,25.8,27.9,25.56,27.14,25.56,13298913,360932498.82,5.1661,,,否,,,,,,否,382225337,257425337,10373595646.18,6986523646.18,,,,25.72,24.43,24.35,24.80,22.20,19.28,18.42,1993-10-18,2018-04-27
2015-05-15,600680,*ST上普,电子元件,26.55,26.77,25.0,25.86,25.0,7187863,185878137.18,2.7922,,,否,,,,,,否,382225337,257425337,9884347214.82,6657019214.82,,,,26.08,24.61,24.42,24.84,22.35,19.35,18.46,1993-10-18,2018-04-27
2015-05-18,600680,*ST上普,电子元件,25.86,26.1,25.27,25.34,25.27,7539457,191049840.38,2.9288,,,否,,,,,,否,382225337,257425337,9685590039.58,6523158039.58,,,,25.99,24.76,24.45,24.78,22.49,19.42,18.51,1993-10-18,2018-04-27
2015-05-19,600680,*ST上普,电子元件,25.33,25.74,24.88,25.73,24.88,5773261,148546005.53,2.2427,,,否,,,,,,否,382225337,257425337,9834657921.01,6623553921.01,,,,25.97,25.05,24.59,24.77,22.62,19.49,18.55,1993-10-18,2018-04-27
2015-05-20,600680,*ST上普,电子元件,25.76,26.99,25.74,26.59,25.74,9364227,248994795.93,3.6376,,,否,,,,,,否,382225337,257425337,10163371710.83,6844939710.83,,,,26.13,25.48,24.72,24.80,22.76,19.57,18.60,1993-10-18,2018-04-27
2015-05-21,600680,*ST上普,电子元件,26.6,28.79,26.6,28.25,26.6,11194693,316250077.25,4.3487,,,否,,,,,,否,382225337,257425337,10797865770.25,7272265770.25,,,,26.35,26.04,24.91,24.85,22.90,19.67,18.65,1993-10-18,2018-04-27
2015-05-22,600680,*ST上普,电子元件,28.9,28.93,26.86,27.96,26.86,9495422,265491999.12,3.6886,,,否,,,,,,否,382225337,257425337,10687020422.52,7197612422.52,,,,26.77,26.43,25.06,24.95,23.03,19.76,18.71,1993-10-18,2018-04-27
2015-05-25,600680,*ST上普,电子元件,27.98,28.5,27.4,28.48,27.4,10420013,296761970.24,4.0478,,,否,,,,,,否,382225337,257425337,10885777597.76,7331473597.76,,,,27.40,26.70,25.25,25.04,23.18,19.85,18.76,1993-10-18,2018-04-27
2015-05-26,600680,*ST上普,电子元件,28.5,30.0,28.5,29.9,28.5,12752552,381301304.80,4.9539,,,否,,,,,,否,382225337,257425337,11428537576.30,7697017576.30,,,,28.24,27.10,25.53,25.16,23.36,19.94,18.83,1993-10-18,2018-04-27
2015-05-27,600680,*ST上普,电子元件,29.9,29.9,28.39,28.42,28.39,10897844,309716726.48,4.2334,,,否,,,,,,否,382225337,257425337,10862844077.54,7316028077.54,,,,28.60,27.37,25.74,25.26,23.50,20.03,18.88,1993-10-18,2018-04-27
2015-05-28,600680,*ST上普,电子元件,27.96,27.96,25.58,25.58,25.58,11855823,303271952.34,4.6055,,,否,,,,,,否,382225337,257425337,9777324120.46,6584940120.46,,,,28.07,27.21,25.82,25.31,23.60,20.10,18.93,1993-10-18,2018-04-27
2015-05-29,600680,*ST上普,电子元件,25.29,26.78,23.68,26.1,23.68,7569889,197574102.90,2.9406,,,否,,,,,,否,382225337,257425337,9976081295.70,6718801295.70,,,,27.70,27.24,25.92,25.36,23.71,20.18,18.97,1993-10-18,2018-04-27
2015-06-01,600680,*ST上普,电子元件,26.0,27.84,26.0,27.46,26.0,6942821,190649864.66,2.6970,,,否,,,,,,否,382225337,257425337,10495907754.02,7068899754.02,,,,27.49,27.45,26.10,25.45,23.81,20.26,19.02,1993-10-18,2018-04-27
2015-06-02,600680,*ST上普,电子元件,27.45,30.21,27.0,30.21,27.0,16968819,512628021.99,6.5917,,,否,,,,,,是,382225337,257425337,11547027430.77,7776819430.77,,,,27.55,27.90,26.47,25.69,23.99,20.37,19.08,1993-10-18,2018-04-27
2015-06-03,600680,*ST上普,电子元件,31.0,33.23,29.32,33.23,29.32,18570287,617090637.01,7.2139,,,否,,,,,,是,382225337,257425337,12701347948.51,8554243948.51,,,,28.52,28.56,27.02,26.00,24.23,20.50,19.15,1993-10-18,2018-04-27
2015-06-04,600680,*ST上普,电子元件,32.0,32.93,30.0,31.98,30.0,12655678,404728582.44,4.9163,,,否,,,,,,否,382225337,257425337,12223566277.26,8232462277.26,,,,29.80,28.93,27.48,26.25,24.44,20.62,19.21,1993-10-18,2018-04-27
2015-06-05,600680,*ST上普,电子元件,32.03,32.71,31.31,32.14,31.31,12561218,403717546.52,4.8796,,,否,,,,,,否,382225337,257425337,12284722331.18,8273650331.18,,,,31.00,29.35,27.89,26.49,24.66,20.75,19.27,1993-10-18,2018-04-27
2015-06-08,600680,*ST上普,电子元件,32.35,32.35,29.15,30.64,29.15,11830523,362487224.72,4.5957,,,否,,,,,,否,382225337,257425337,11711384325.68,7887512325.68,,,,31.64,29.57,28.13,26.69,24.86,20.86,19.33,1993-10-18,2018-04-27
2015-06-09,600680,*ST上普,电子元件,30.6,30.99,29.65,29.98,29.65,6803921,203981551.58,2.6431,,,否,,,,,,否,382225337,257425337,11459115603.26,7717611603.26,,,,31.59,29.57,28.34,26.88,25.05,20.97,19.39,1993-10-18,2018-04-27
2015-06-10,600680,*ST上普,电子元件,30.0,30.96,29.09,30.43,29.09,6947877,211423897.11,2.6990,,,否,,,,,,否,382225337,257425337,11631117004.91,7833453004.91,,,,31.03,29.78,28.57,27.09,25.24,21.08,19.45,1993-10-18,2018-04-27
2015-06-11,600680,*ST上普,电子元件,30.46,32.51,30.17,32.26,30.17,12369840,399051038.40,4.8052,,,否,,,,,,否,382225337,257425337,12330589371.62,8304541371.62,,,,31.09,30.44,28.83,27.36,25.45,21.21,19.51,1993-10-18,2018-04-27
2015-06-12,600680,*ST上普,电子元件,32.49,34.07,31.51,31.59,31.51,12763329,403193563.11,4.9581,,,否,,,,,,否,382225337,257425337,12074498395.83,8132066395.83,,,,30.98,30.99,29.11,27.61,25.65,21.33,19.58,1993-10-18,2018-04-27
2015-06-15,600680,*ST上普,电子元件,31.63,31.65,30.08,30.11,30.08,7133880,214801126.80,2.7712,,,否,,,,,,否,382225337,257425337,11508804897.07,7751076897.07,,,,30.87,31.26,29.35,27.82,25.83,21.44,19.63,1993-10-18,2018-04-27
2015-06-16,600680,*ST上普,电子元件,29.89,29.89,27.96,28.47,27.96,4570138,130111828.86,1.7753,,,否,,,,,,否,382225337,257425337,10881955344.39,7328899344.39,,,,30.57,31.08,29.49,28.01,25.97,21.55,19.68,1993-10-18,2018-04-27
2015-06-17,600680,*ST上普,电子元件,28.0,30.97,28.0,30.96,28.0,5281129,163503753.84,2.0515,,,否,,,,,,否,382225337,257425337,11833696433.52,7969888433.52,,,,30.68,30.86,29.71,28.30,26.16,21.67,19.74,1993-10-18,2018-04-27
2015-06-18,600680,*ST上普,电子元件,31.25,31.66,29.15,29.57,29.15,5465729,161621606.53,2.1232,,,否,,,,,,否,382225337,257425337,11302403215.09,7612067215.09,,,,30.14,30.62,29.77,28.53,26.31,21.79,19.79,1993-10-18,2018-04-27
2015-06-19,600680,*ST上普,电子元件,28.0,28.98,26.61,26.61,26.61,4934878,131317103.58,1.9170,,,否,,,,,,否,382225337,257425337,10171016217.57,6850088217.57,,,,29.14,30.06,29.71,28.61,26.40,21.89,19.83,1993-10-18,2018-04-27
2015-06-23,600680,*ST上普,电子元件,26.08,26.79,24.01,26.68,24.01,4059617,108310581.56,1.5770,,,否,,,,,,否,382225337,257425337,10197771991.16,6868107991.16,,,,28.46,29.67,29.62,28.64,26.51,21.99,19.87,1993-10-18,2018-04-27
2015-06-24,600680,*ST上普,电子元件,26.97,27.64,26.4,27.18,26.4,4776908,129836359.44,1.8556,,,否,,,,,,否,382225337,257425337,10388884659.66,6996820659.66,,,,28.20,29.39,29.48,28.69,26.62,22.09,19.91,1993-10-18,2018-04-27
2015-06-25,600680,*ST上普,电子元件,27.23,27.8,25.7,26.55,25.7,4701908,124835657.40,1.8265,,,否,,,,,,否,382225337,257425337,10148082697.35,6834642697.35,,,,27.32,29.00,29.39,28.71,26.68,22.19,19.95,1993-10-18,2018-04-27
2015-06-26,600680,*ST上普,电子元件,25.2,25.88,23.9,23.9,23.9,4029008,96293291.20,1.5651,,,否,,,,,,否,382225337,257425337,9135185554.30,6152465554.30,,,,26.18,28.16,29.30,28.61,26.70,22.27,19.99,1993-10-18,2018-04-27
2015-06-29,600680,*ST上普,电子元件,24.78,24.78,21.51,21.51,21.51,4280739,92078695.89,1.6629,,,否,,,,,,否,382225337,257425337,8221666998.87,5537218998.87,,,,25.16,27.15,29.07,28.46,26.65,22.32,20.01,1993-10-18,2018-04-27
2015-06-30,600680,*ST上普,电子元件,20.05,23.45,19.36,22.66,19.36,6358211,144077061.26,2.4699,,,否,,,,,,否,382225337,257425337,8661226136.42,5833258136.42,,,,24.36,26.41,28.83,28.37,26.58,22.39,20.04,1993-10-18,2018-04-27
2015-07-01,600680,*ST上普,电子元件,22.51,23.29,20.39,20.39,20.39,4401916,89755067.24,1.7100,,,否,,,,,,否,382225337,257425337,7793574621.43,5248902621.43,,,,23.00,25.60,28.34,28.19,26.48,22.44,20.06,1993-10-18,2018-04-27
2015-07-02,600680,*ST上普,电子元件,19.83,20.5,18.35,18.35,18.35,4867121,89311670.35,1.8907,,,否,,,,,,否,382225337,257425337,7013834933.95,4723754933.95,,,,21.36,24.34,27.60,27.92,26.36,22.47,20.07,1993-10-18,2018-04-27
2015-07-03,600680,*ST上普,电子元件,16.63,18.2,16.52,16.52,16.52,4789790,79127330.80,1.8607,,,否,,,,,,否,382225337,257425337,6314362567.24,4252666567.24,,,,19.89,23.04,26.83,27.53,26.19,22.48,20.07,1993-10-18,2018-04-27
2015-07-06,600680,*ST上普,电子元件,18.17,18.17,14.87,14.87,14.87,7409166,110174298.42,2.8782,,,否,,,,,,否,382225337,257425337,5683690761.19,3827914761.19,,,,18.56,21.86,25.96,27.09,26.02,22.48,20.07,1993-10-18,2018-04-27
2015-07-07,600680,*ST上普,电子元件,13.38,13.8,13.38,13.38,13.38,2487801,33286777.38,0.9664,,,否,,,,,,否,382225337,257425337,5114175009.06,3444351009.06,,,,16.70,20.53,25.10,26.59,25.82,22.47,20.06,1993-10-18,2018-04-27
2015-07-08,600680,*ST上普,电子元件,12.04,12.04,12.04,12.04,12.04,540400,6506416.00,0.2099,,,否,,,,,,否,382225337,257425337,4601993057.48,3099401057.48,,,,15.03,19.02,24.20,25.99,25.58,22.44,20.04,1993-10-18,2018-04-27
2015-07-09,600680,*ST上普,电子元件,10.84,13.24,10.84,13.24,10.84,11565375,153125565.00,4.4927,,,否,,,,,,是,382225337,257425337,5060663461.88,3408311461.88,,,,14.01,17.69,23.34,25.49,25.37,22.41,20.02,1993-10-18,2018-04-27
2015-07-10,600680,*ST上普,电子元件,13.82,14.56,13.5,14.56,13.5,5037545,73346655.20,1.9569,,,否,,,,,,是,382225337,257425337,5565200906.72,3748112906.72,,,,13.62,16.75,22.46,25.12,25.21,22.39,20.01,1993-10-18,2018-04-27
2015-07-13,600680,*ST上普,电子元件,15.05,16.02,15.05,16.02,15.05,10319112,165312174.24,4.0086,,,否,,,,,,是,382225337,257425337,6123249898.74,4123953898.74,,,,13.85,16.20,21.68,24.78,25.07,22.39,20.00,1993-10-18,2018-04-27
2015-07-14,600680,*ST上普,电子元件,16.81,17.62,16.3,17.33,16.3,16314210,282725259.30,6.3375,,,否,,,,,,否,382225337,257425337,6623965090.21,4461181090.21,,,,14.64,15.67,21.04,24.45,24.95,22.40,20.00,1993-10-18,2018-04-27
2015-07-15,600680,*ST上普,电子元件,17.02,17.02,15.6,15.6,15.6,7086303,110546326.80,2.7528,,,否,,,,,,否,382225337,257425337,5962715257.20,4015835257.20,,,,15.35,15.19,20.40,23.96,24.82,22.39,19.99,1993-10-18,2018-04-27
2015-07-16,600680,*ST上普,电子元件,14.04,16.38,14.04,15.58,14.04,8811956,137290274.48,3.4231,,,否,,,,,,否,382225337,257425337,5955070750.46,4010686750.46,,,,15.82,14.91,19.63,23.37,24.69,22.38,19.98,1993-10-18,2018-04-27
2015-07-17,600680,*ST上普,电子元件,15.56,17.14,15.43,17.12,15.43,9788526,167579565.12,3.8025,,,否,,,,,,否,382225337,257425337,6543697769.44,4407121769.44,,,,16.33,14.97,19.00,22.87,24.56,22.39,19.97,1993-10-18,2018-04-27
2015-07-20,600680,*ST上普,电子元件,17.2,18.28,16.8,17.73,16.8,11820850,209583670.50,4.5920,,,否,,,,,,否,382225337,257425337,6776855225.01,4564151225.01,,,,16.67,15.26,18.56,22.39,24.44,22.40,19.97,1993-10-18,2018-04-27
2015-07-21,600680,*ST上普,电子元件,17.68,18.62,17.11,18.21,17.11,9477006,172576279.26,3.6815,,,否,,,,,,否,382225337,257425337,6960323386.77,4687715386.77,,,,16.85,15.74,18.14,21.98,24.34,22.41,19.97,1993-10-18,2018-04-27
2015-07-22,600680,*ST上普,电子元件,18.0,18.23,17.38,18.05,17.38,6480583,116974523.15,2.5175,,,否,,,,,,否,382225337,257425337,6899167332.85,4646527332.85,,,,17.34,16.34,17.68,21.58,24.23,22.43,19.96,1993-10-18,2018-04-27
2015-07-23,600680,*ST上普,电子元件,18.0,19.78,17.93,19.24,17.93,9375771,180389834.04,3.6421,,,否,,,,,,否,382225337,257425337,7354015483.88,4952863483.88,,,,18.07,16.94,17.32,21.21,24.15,22.45,19.96,1993-10-18,2018-04-27
2015-07-24,600680,*ST上普,电子元件,19.3,21.0,19.24,20.29,19.24,13815363,280313715.27,5.3667,,,否,,,,,,否,382225337,257425337,7755352087.73,5223160087.73,,,,18.70,17.52,17.13,20.81,24.09,22.48,19.96,1993-10-18,2018-04-27
2015-07-27,600680,*ST上普,电子元件,20.29,21.75,18.31,18.91,18.31,18304585,346139702.35,7.1106,,,否,,,,,,否,382225337,257425337,7227881122.67,4867913122.67,,,,18.94,17.81,17.00,20.39,24.00,22.49,19.96,1993-10-18,2018-04-27
2015-07-28,600680,*ST上普,电子元件,17.8,19.45,17.02,17.35,17.02,13161538,228352684.30,5.1128,,,否,,,,,,否,382225337,257425337,6631609596.95,4466329596.95,,,,18.77,17.81,16.74,19.96,23.89,22.50,19.95,1993-10-18,2018-04-27
2015-07-29,600680,*ST上普,电子元件,17.89,18.8,16.51,18.59,16.51,9036394,167986564.46,3.5103,,,否,,,,,,否,382225337,257425337,7105569014.83,4785537014.83,,,,18.88,18.11,16.65,19.63,23.82,22.53,19.95,1993-10-18,2018-04-27
2015-07-30,600680,*ST上普,电子元件,18.3,18.98,17.31,17.73,17.31,9572820,169726098.60,3.7187,,,否,,,,,,否,382225337,257425337,6776855225.01,4564151225.01,,,,18.57,18.32,16.62,19.19,23.75,22.54,19.94,1993-10-18,2018-04-27
2015-07-31,600680,*ST上普,电子元件,17.11,17.72,16.0,16.56,16.0,5621717,93095633.52,2.1838,,,否,,,,,,否,382225337,257425337,6329651580.72,4262963580.72,,,,17.83,18.27,16.62,18.76,23.64,22.54,19.93,1993-10-18,2018-04-27
2015-08-03,600680,*ST上普,电子元件,16.96,16.96,14.9,14.9,14.9,5966355,88898689.50,2.3177,,,否,,,,,,否,382225337,257425337,5695157521.30,3835637521.30,,,,17.03,17.98,16.62,18.37,23.49,22.53,19.92,1993-10-18,2018-04-27
2015-08-04,600680,*ST上普,电子元件,14.95,16.39,14.95,16.39,14.95,6774631,111036202.09,2.6317,,,否,,,,,,是,382225337,257425337,6264673273.43,4219201273.43,,,,16.83,17.80,16.77,18.03,23.33,22.53,19.91,1993-10-18,2018-04-27
2015-08-05,600680,*ST上普,电子元件,16.03,18.03,16.03,18.03,16.03,11805924,212860809.72,4.5862,,,否,,,,,,是,382225337,257425337,6891522826.11,4641378826.11,,,,16.72,17.80,17.07,17.72,23.20,22.54,19.91,1993-10-18,2018-04-27
2015-08-06,600680,*ST上普,电子元件,17.4,19.83,17.18,19.83,17.18,11833849,234665225.67,4.5970,,,否,,,,,,是,382225337,257425337,7579528432.71,5104744432.71,,,,17.14,17.86,17.40,17.50,23.10,22.56,19.91,1993-10-18,2018-04-27
2015-08-07,600680,*ST上普,电子元件,21.54,21.81,20.13,21.81,20.13,19143827,417526866.87,7.4367,,,否,,,,,,是,382225337,257425337,8336334599.97,5614446599.97,,,,18.19,18.01,17.76,17.43,23.02,22.61,19.92,1993-10-18,2018-04-27
2015-08-10,600680,*ST上普,电子元件,22.41,23.99,22.0,23.99,22.0,9276891,222552615.09,3.6037,,,否,,,,,,是,382225337,257425337,9169585834.63,6175633834.63,,,,20.01,18.52,18.16,17.51,22.98,22.67,19.94,1993-10-18,2018-04-27
2015-08-11,600680,*ST上普,电子元件,25.0,26.37,24.2,24.84,24.2,29234869,726194145.96,11.3566,,,否,,,,,,否,382225337,257425337,9494477371.08,6394445371.08,,,,21.70,19.27,18.54,17.58,22.98,22.73,19.96,1993-10-18,2018-04-27
2015-08-12,600680,*ST上普,电子元件,24.91,26.9,24.26,26.17,24.26,23756575,621709567.75,9.2285,,,否,,,,,,否,382225337,257425337,10002837069.29,6736821069.29,,,,23.33,20.03,19.07,17.77,22.98,22.80,19.99,1993-10-18,2018-04-27
2015-08-13,600680,*ST上普,电子元件,24.98,27.72,24.52,26.78,24.52,23415912,627078123.36,9.0962,,,否,,,,,,否,382225337,257425337,10235994524.86,6893850524.86,,,,24.72,20.93,19.63,18.06,22.99,22.87,20.02,1993-10-18,2018-04-27
2015-08-14,600680,*ST上普,电子元件,26.15,27.4,25.4,25.57,25.4,19164824,490044549.68,7.4448,,,否,,,,,,否,382225337,257425337,9773501867.09,6582365867.09,,,,25.47,21.83,20.05,18.36,22.94,22.92,20.05,1993-10-18,2018-04-27
2015-08-17,600680,*ST上普,电子元件,24.75,26.6,24.6,26.22,24.6,17113137,448706452.14,6.6478,,,否,,,,,,否,382225337,257425337,10021948336.14,6749692336.14,,,,25.92,22.96,20.47,18.74,22.91,22.97,20.08,1993-10-18,2018-04-27
2015-08-18,600680,*ST上普,电子元件,26.0,28.33,24.07,24.54,24.07,22195377,544674551.58,8.6221,,,否,,,,,,否,382225337,257425337,9379809769.98,6317217769.98,,,,25.86,23.78,20.79,19.11,22.85,23.01,20.10,1993-10-18,2018-04-27
2015-08-19,600680,*ST上普,电子元件,23.6,25.89,22.12,25.47,22.12,14613790,372213231.30,5.6769,,,否,,,,,,否,382225337,257425337,9735279333.39,6556623333.39,,,,25.72,24.52,21.16,19.56,22.77,23.06,20.12,1993-10-18,2018-04-27
2015-08-20,600680,*ST上普,电子元件,24.99,27.28,24.71,25.48,24.71,19006840,484294283.20,7.3834,,,否,,,,,,否,382225337,257425337,9739101586.76,6559197586.76,,,,25.46,25.09,21.47,19.96,22.72,23.11,20.15,1993-10-18,2018-04-27
2015-08-21,600680,*ST上普,电子元件,24.03,24.69,22.93,22.93,22.93,13692224,313962696.32,5.3189,,,否,,,,,,否,382225337,257425337,8764426977.41,5902762977.41,,,,24.93,25.20,21.60,20.24,22.68,23.14,20.16,1993-10-18,2018-04-27
2015-08-24,600680,*ST上普,电子元件,20.97,21.29,20.64,20.64,20.64,3229700,66661008.00,1.2546,,,否,,,,,,否,382225337,257425337,7889130955.68,5313258955.68,,,,23.81,24.86,21.69,20.40,22.59,23.15,20.17,1993-10-18,2018-04-27
2015-08-25,600680,*ST上普,电子元件,18.58,18.58,18.58,18.58,18.58,814400,15131552.00,0.3164,,,否,,,,,,否,382225337,257425337,7101746761.46,4782962761.46,,,,22.62,24.24,21.75,20.44,22.44,23.12,20.17,1993-10-18,2018-04-27
2015-08-26,600680,*ST上普,电子元件,16.74,19.62,16.72,16.72,16.72,15645162,261587108.64,6.0776,,,否,,,,,,否,382225337,257425337,6390807634.64,4304151634.64,,,,20.87,23.29,21.66,20.48,22.22,23.10,20.16,1993-10-18,2018-04-27
2015-08-27,600680,*ST上普,电子元件,17.4,17.78,15.62,17.53,15.62,13222597,231792125.41,5.1365,,,否,,,,,,否,382225337,257425337,6700410157.61,4512666157.61,,,,19.28,22.37,21.65,20.54,21.96,23.09,20.15,1993-10-18,2018-04-27
2015-08-28,600680,*ST上普,电子元件,18.0,19.28,17.61,19.28,17.61,13452874,259371410.72,5.2259,,,否,,,,,,是,382225337,257425337,7369304497.36,4963160497.36,,,,18.55,21.74,21.79,20.61,21.74,23.09,20.15,1993-10-18,2018-04-27
2015-08-31,600680,*ST上普,电子元件,19.22,19.99,17.7,18.38,17.7,14196752,260936301.76,5.5149,,,否,,,,,,否,382225337,257425337,7025301694.06,4731477694.06,,,,18.10,20.96,21.96,20.63,21.51,23.09,20.15,1993-10-18,2018-04-27
2015-09-01,600680,*ST上普,电子元件,17.6,17.9,16.54,16.54,16.54,7897330,130621838.20,3.0678,,,否,,,,,,否,382225337,257425337,6322007073.98,4257815073.98,,,,17.69,20.16,21.97,20.58,21.28,23.07,20.15,1993-10-18,2018-04-27
2015-09-02,600680,*ST上普,电子元件,14.89,17.0,14.89,14.89,14.89,9767550,145438819.50,3.7943,,,否,,,,,,否,382225337,257425337,5691335267.93,3833063267.93,,,,17.32,19.10,21.81,20.47,21.03,23.04,20.13,1993-10-18,2018-04-27
2015-09-07,600680,*ST上普,电子元件,15.2,15.99,14.11,14.79,15.20,7606700,112503093.00,2.9549,,,是,,,,,,否,382225337,257425337,5653112734.23,3807320734.23,,,,16.78,18.03,21.56,20.32,20.77,23.00,20.12,1993-10-18,2018-04-27
2015-09-08,600680,*ST上普,电子元件,14.7,16.27,14.4,16.27,14.79,9254700,150573969.00,3.5951,,,是,,,,,,否,382225337,257425337,6218806232.99,4188310232.99,,,,16.17,17.36,21.28,20.19,20.50,22.98,20.11,1993-10-18,2018-04-27
2015-09-09,600680,*ST上普,电子元件,17.63,17.9,17.63,17.9,16.27,4920200,88071580.00,1.9113,,,是,,,,,,否,382225337,257425337,6841833532.30,4607913532.30,,,,16.08,17.09,20.98,20.16,20.27,22.96,20.11,1993-10-18,2018-04-27
2015-09-10,600680,*ST上普,电子元件,19.0,19.69,18.71,19.69,17.90,12398500,244126465.00,4.8163,,,是,,,,,,否,382225337,257425337,7526016885.53,5068704885.53,,,,16.71,17.20,20.72,20.23,20.10,22.96,20.12,1993-10-18,2018-04-27
2015-09-11,600680,*ST上普,电子元件,20.3,21.66,18.86,21.66,19.69,27038300,585649578.00,10.5034,,,是,,,,,,否,382225337,257425337,8279000799.42,5575832799.42,,,,18.06,17.69,20.49,20.34,19.98,22.98,20.13,1993-10-18,2018-04-27
2015-09-14,600680,*ST上普,电子元件,21.01,22.8,19.8,19.86,21.66,26146600,519271476.00,10.1570,,,是,,,,,,否,382225337,257425337,7590995192.82,5112467192.82,,,,19.08,17.93,20.15,20.41,19.80,22.98,20.14,1993-10-18,2018-04-27
2015-09-15,600680,*ST上普,电子元件,18.7,21.85,18.3,21.85,19.86,27344800,597483880.00,10.6224,,,是,,,,,,否,382225337,257425337,8351623613.45,5624743613.45,,,,20.19,18.18,19.96,20.58,19.67,22.99,20.15,1993-10-18,2018-04-27
2015-09-16,600680,*ST上普,电子元件,21.99,24.04,21.1,24.04,21.85,25079100,602901564.00,9.7423,,,是,,,,,,否,382225337,257425337,9188697101.48,6188505101.48,,,,21.42,18.75,19.85,20.89,19.63,23.01,20.17,1993-10-18,2018-04-27
2015-09-17,600680,*ST上普,电子元件,26.02,26.44,25.6,26.44,24.04,19273700,509596628.00,7.4871,,,是,,,,,,否,382225337,257425337,10106037910.28,6806325910.28,,,,22.77,19.74,19.95,21.22,19.62,23.07,20.20,1993-10-18,2018-04-27
2015-09-18,600680,*ST上普,电子元件,27.3,27.58,24.68,25.07,26.44,32302300,809818661.00,12.5482,,,是,,,,,,否,382225337,257425337,9582389198.59,6453653198.59,,,,23.45,20.76,19.93,21.46,19.59,23.10,20.23,1993-10-18,2018-04-27
2015-09-21,600680,*ST上普,电子元件,24.32,27.58,24.0,27.58,25.07,28202400,777822192.00,10.9556,,,是,,,,,,否,382225337,257425337,10541774794.46,7099790794.46,,,,25.00,22.04,20.03,21.72,19.61,23.14,20.27,1993-10-18,2018-04-27
2015-09-22,600680,*ST上普,电子元件,27.87,30.34,27.2,30.34,27.58,31526400,956510976.00,12.2468,,,是,,,,,,否,382225337,257425337,11596716724.58,7810284724.58,,,,26.69,23.44,20.40,22.00,19.71,23.21,20.31,1993-10-18,2018-04-27
2015-09-23,600680,*ST上普,电子元件,29.0,32.92,28.0,29.46,30.34,34266900,1009502874.00,13.3114,,,是,,,,,,否,382225337,257425337,11260358428.02,7583750428.02,,,,27.78,24.60,20.84,22.18,19.85,23.25,20.36,1993-10-18,2018-04-27
2015-09-24,600680,*ST上普,电子元件,29.8,29.95,27.55,28.41,29.46,25676500,729469365.00,9.9743,,,是,,,,,,否,382225337,257425337,10859021824.17,7313453824.17,,,,28.17,25.47,21.34,22.30,19.94,23.26,20.40,1993-10-18,2018-04-27
2015-09-25,600680,*ST上普,电子元件,28.6,31.18,28.01,29.67,28.41,29743400,882486678.00,11.5542,,,是,,,,,,否,382225337,257425337,11340625748.79,7637809748.79,,,,29.09,26.27,21.98,22.42,20.10,23.29,20.44,1993-10-18,2018-04-27
2015-09-28,600680,*ST上普,电子元件,28.5,29.78,26.75,28.87,29.67,20331400,586967518.00,7.8980,,,是,,,,,,否,382225337,257425337,11034845479.19,7431869479.19,,,,29.35,27.17,22.55,22.49,20.27,23.31,20.49,1993-10-18,2018-04-27
2015-09-29,600680,*ST上普,电子元件,27.7,29.66,26.68,27.08,28.87,18800900,509128372.00,7.3034,,,是,,,,,,否,382225337,257425337,10350662125.96,6971078125.96,,,,28.70,27.70,22.94,22.54,20.45,23.32,20.52,1993-10-18,2018-04-27
2015-09-30,600680,*ST上普,电子元件,27.31,27.98,25.65,25.95,27.08,15687800,407098410.00,6.0941,,,是,,,,,,否,382225337,257425337,9918747495.15,6680187495.15,,,,28.00,27.89,23.32,22.53,20.63,23.33,20.55,1993-10-18,2018-04-27
2015-10-08,600680,*ST上普,电子元件,26.85,28.55,26.34,28.55,25.95,19818800,565826740.00,7.6989,,,是,,,,,,否,382225337,257425337,10912533371.35,7349493371.35,,,,28.02,28.10,23.92,22.66,20.89,23.35,20.60,1993-10-18,2018-04-27
2015-10-09,600680,*ST上普,电子元件,30.0,30.0,27.7,29.38,28.55,31138300,914843254.00,12.0961,,,是,,,,,,否,382225337,257425337,11229780401.06,7563156401.06,,,,27.97,28.53,24.64,22.79,21.17,23.38,20.64,1993-10-18,2018-04-27
2015-10-12,600680,*ST上普,电子元件,28.66,31.57,28.49,29.71,29.38,26129000,776292590.00,10.1501,,,是,,,,,,否,382225337,257425337,11355914762.27,7648106762.27,,,,28.13,28.74,25.39,22.94,21.45,23.41,20.69,1993-10-18,2018-04-27
2015-10-13,600680,*ST上普,电子元件,29.0,32.68,28.8,32.68,29.71,26759600,874503728.00,10.3951,,,是,,,,,,否,382225337,257425337,12491124013.16,8412660013.16,,,,29.25,28.98,26.21,23.26,21.75,23.48,20.75,1993-10-18,2018-04-27
2015-10-14,600680,*ST上普,电子元件,32.56,35.95,31.9,35.95,32.68,33578200,1207136290.00,13.0439,,,是,,,,,,否,382225337,257425337,13741000865.15,9254440865.15,,,,31.25,29.62,27.11,23.77,22.08,23.58,20.82,1993-10-18,2018-04-27
2015-10-15,600680,*ST上普,电子元件,36.01,39.55,35.26,39.55,35.95,24646600,974773030.00,9.5743,,,是,,,,,,否,382225337,257425337,15117012078.35,10181172078.35,,,,33.45,30.74,28.11,24.47,22.45,23.70,20.90,1993-10-18,2018-04-27
2015-10-16,600680,*ST上普,电子元件,41.44,43.51,41.01,43.51,39.55,25299900,1100798649.00,9.8281,,,是,,,,,,否,382225337,257425337,16630624412.87,11200576412.87,,,,36.28,32.12,29.20,25.36,22.92,23.87,21.00,1993-10-18,2018-04-27
2015-10-19,600680,*ST上普,电子元件,45.53,47.86,42.5,44.89,43.51,34554000,1551129060.00,13.4229,,,是,,,,,,否,382225337,257425337,17158095377.93,11555823377.93,,,,39.32,33.73,30.45,26.27,23.41,24.05,21.11,1993-10-18,2018-04-27
2015-10-20,600680,*ST上普,电子元件,44.5,47.98,43.73,45.12,44.89,28266800,1275398016.00,10.9806,,,是,,,,,,否,382225337,257425337,17246007205.44,11615031205.44,,,,41.80,35.53,31.61,27.14,23.87,24.22,21.21,1993-10-18,2018-04-27
2015-10-21,600680,*ST上普,电子元件,44.01,49.62,43.02,49.22,45.12,37469500,1844248790.00,14.5555,,,是,,,,,,否,382225337,257425337,18813131087.14,12670475087.14,,,,44.46,37.86,32.87,28.16,24.40,24.42,21.33,1993-10-18,2018-04-27
2015-10-22,600680,*ST上普,电子元件,47.1,54.14,45.3,54.14,49.22,31865600,1725203584.00,12.3786,,,是,,,,,,否,382225337,257425337,20693679745.18,13937007745.18,,,,47.38,40.41,34.26,29.42,25.00,24.67,21.48,1993-10-18,2018-04-27
2015-10-23,600680,*ST上普,电子元件,56.71,59.55,56.71,59.55,54.14,26812900,1596708195.00,10.4158,,,是,,,,,,否,382225337,257425337,22761518818.35,15329678818.35,,,,50.58,43.43,35.98,30.91,25.69,24.96,21.64,1993-10-18,2018-04-27
2015-10-26,600680,*ST上普,电子元件,56.0,58.98,53.6,53.6,59.55,29797500,1597146000.00,11.5752,,,是,,,,,,否,382225337,257425337,20487278063.20,13797998063.20,,,,52.33,45.82,37.28,32.20,26.26,25.20,21.79,1993-10-18,2018-04-27
2015-10-27,600680,*ST上普,电子元件,50.0,58.0,48.24,54.21,53.60,31582000,1712060220.00,12.2684,,,是,,,,,,否,382225337,257425337,20720435518.77,13955027518.77,,,,54.14,47.97,38.48,33.46,26.83,25.46,21.93,1993-10-18,2018-04-27
2015-10-28,600680,*ST上普,电子元件,52.01,53.97,49.47,50.63,54.21,23452700,1187410201.00,9.1105,,,是,,,,,,否,382225337,257425337,19352068812.31,13033444812.31,,,,54.43,49.44,39.53,34.56,27.36,25.68,22.07,1993-10-18,2018-04-27
2015-10-29,600680,*ST上普,电子元件,51.17,55.69,51.17,55.69,50.63,30206500,1682199985.00,11.7341,,,是,,,,,,否,382225337,257425337,21286129017.53,14336017017.53,,,,54.74,51.06,40.90,35.76,28.00,25.94,22.22,1993-10-18,2018-04-27
2015-10-30,600680,*ST上普,电子元件,54.79,57.74,50.12,53.16,55.69,32389000,1721799240.00,12.5819,,,是,,,,,,否,382225337,257425337,20319098914.92,13684730914.92,,,,53.46,52.02,42.07,36.81,28.57,26.20,22.36,1993-10-18,2018-04-27
2015-11-02,600680,*ST上普,电子元件,48.5,51.6,47.84,47.84,53.16,19217400,919360416.00,7.4652,,,是,,,,,,否,382225337,257425337,18285660122.08,12315228122.08,,,,52.31,52.32,43.02,37.74,29.07,26.41,22.48,1993-10-18,2018-04-27
2015-11-03,600680,*ST上普,电子元件,46.85,49.49,45.55,46.43,47.84,16728800,776718184.00,6.4985,,,是,,,,,,否,382225337,257425337,17746722396.91,11952258396.91,,,,50.75,52.45,43.99,38.56,29.57,26.61,22.59,1993-10-18,2018-04-27
2015-11-04,600680,*ST上普,电子元件,46.6,49.4,45.29,48.35,46.43,22373700,1081768395.00,8.6913,,,是,,,,,,否,382225337,257425337,18480595043.95,12446515043.95,,,,50.29,52.36,45.11,39.37,30.13,26.81,22.71,1993-10-18,2018-04-27
2015-11-05,600680,*ST上普,电子元件,47.32,49.2,46.78,47.09,48.35,18710600,881082154.00,7.2684,,,是,,,,,,否,382225337,257425337,17998991119.33,12122159119.33,,,,48.57,51.65,46.04,40.06,30.64,26.99,22.82,1993-10-18,2018-04-27
2015-11-06,600680,*ST上普,电子元件,47.08,48.4,46.82,47.4,47.09,16808800,796737120.00,6.5296,,,是,,,,,,否,382225337,257425337,18117480973.80,12201960973.80,,,,47.42,50.44,46.94,40.80,31.13,27.17,22.93,1993-10-18,2018-04-27
2015-11-09,600680,*ST上普,电子元件,47.1,52.14,46.81,52.14,47.40,28416700,1481646738.00,11.0388,,,是,,,,,,否,382225337,257425337,19929229071.18,13422157071.18,,,,48.28,50.29,48.06,41.62,31.67,27.39,23.07,1993-10-18,2018-04-27
2015-11-10,600680,*ST上普,电子元件,52.4,57.0,51.29,54.37,52.14,29519700,1604986089.00,11.4673,,,是,,,,,,否,382225337,257425337,20781591572.69,13996215572.69,,,,49.87,50.31,49.14,42.42,32.21,27.61,23.21,1993-10-18,2018-04-27
2015-11-11,600680,*ST上普,电子元件,53.8,56.18,52.0,53.36,54.37,19627600,1047328736.00,7.6246,,,是,,,,,,否,382225337,257425337,20395543982.32,13736215982.32,,,,50.87,50.58,50.01,43.22,32.70,27.84,23.35,1993-10-18,2018-04-27
2015-11-12,600680,*ST上普,电子元件,52.51,57.57,51.4,56.11,53.36,28654000,1607775940.00,11.1310,,,是,,,,,,否,382225337,257425337,21446663659.07,14444135659.07,,,,52.68,50.62,50.84,44.14,33.22,28.10,23.51,1993-10-18,2018-04-27
2015-11-13,600680,*ST上普,电子元件,54.5,61.72,54.18,61.72,56.11,28835700,1779739404.00,11.2016,,,是,,,,,,否,382225337,257425337,23590947799.64,15888291799.64,,,,55.54,51.48,51.75,45.21,33.81,28.40,23.68,1993-10-18,2018-04-27
2015-11-16,600680,*ST上普,电子元件,61.68,64.6,59.0,60.48,61.72,24000600,1451556288.00,9.3233,,,是,,,,,,否,382225337,257425337,23116988381.76,15569084381.76,,,,57.21,52.75,52.53,46.26,34.38,28.68,23.85,1993-10-18,2018-04-27
2015-11-17,600680,*ST上普,电子元件,59.99,62.26,58.5,58.61,60.48,19104600,1119720606.00,7.4214,,,是,,,,,,否,382225337,257425337,22402227001.57,15087699001.57,,,,58.06,53.96,53.21,47.31,34.93,28.93,24.01,1993-10-18,2018-04-27
2015-11-18,600680,*ST上普,电子元件,59.69,61.0,54.53,55.79,58.61,18336600,1022998914.00,7.1231,,,是,,,,,,否,382225337,257425337,21324351551.23,14361759551.23,,,,58.54,54.71,53.53,48.31,35.42,29.17,24.16,1993-10-18,2018-04-27
2015-11-19,600680,*ST上普,电子元件,55.53,60.6,54.0,58.98,55.79,19741100,1164330078.00,7.6687,,,是,,,,,,否,382225337,257425337,22543650376.26,15182946376.26,,,,59.12,55.90,53.78,49.32,35.99,29.42,24.33,1993-10-18,2018-04-27
2015-11-20,600680,*ST上普,电子元件,58.02,59.69,56.51,56.69,58.98,16406400,930078816.00,6.3733,,,是,,,,,,否,382225337,257425337,21668354354.53,14593442354.53,,,,58.11,56.83,53.63,50.23,36.51,29.64,24.49,1993-10-18,2018-04-27
2015-11-23,600680,*ST上普,电子元件,56.1,56.2,51.36,52.97,56.69,13148700,696486639.00,5.1078,,,是,,,,,,否,382225337,257425337,20246476100.89,13635820100.89,,,,56.61,56.91,53.60,51.01,36.97,29.85,24.63,1993-10-18,2018-04-27
2015-11-24,600680,*ST上普,电子元件,52.99,54.98,52.99,53.98,52.97,8575700,462916286.00,3.3313,,,是,,,,,,否,382225337,257425337,20632523691.26,13895819691.26,,,,55.68,56.87,53.59,51.72,37.49,30.08,24.78,1993-10-18,2018-04-27
2015-11-25,600680,*ST上普,电子元件,54.0,55.55,53.56,55.02,53.98,10423500,573500970.00,4.0491,,,是,,,,,,否,382225337,257425337,21030038041.74,14163542041.74,,,,55.53,57.04,53.81,52.35,38.06,30.33,24.93,1993-10-18,2018-04-27
2015-11-26,600680,*ST上普,电子元件,56.0,56.0,53.41,53.5,55.02,9937100,531634850.00,3.8602,,,是,,,,,,否,382225337,257425337,20449055529.50,13772255529.50,,,,54.43,56.77,53.70,52.82,38.64,30.54,25.08,1993-10-18,2018-04-27
2015-11-27,600680,*ST上普,电子元件,52.01,55.8,51.5,52.81,53.50,14613300,771728373.00,5.6767,,,是,,,,,,否,382225337,257425337,20185320046.97,13594632046.97,,,,53.66,55.88,53.68,53.13,39.25,30.73,25.22,1993-10-18,2018-04-27
2015-11-30,600680,*ST上普,电子元件,52.08,53.3,48.0,51.74,52.81,11939100,617729034.00,4.6379,,,是,,,,,,否,382225337,257425337,19776338936.38,13319186936.38,,,,53.41,55.01,53.88,53.36,39.82,30.89,25.36,1993-10-18,2018-04-27
2015-12-01,600680,*ST上普,电子元件,51.77,51.99,48.0,48.84,51.74,8704600,425132664.00,3.3814,,,是,,,,,,否,382225337,257425337,18667885459.08,12572653459.08,,,,52.38,54.03,54.00,53.48,40.31,31.03,25.49,1993-10-18,2018-04-27
2015-12-02,600680,*ST上普,电子元件,48.83,53.72,48.45,53.72,48.84,21135000,1135372200.00,8.2101,,,是,,,,,,否,382225337,257425337,20533145103.64,13828889103.64,,,,52.12,53.83,54.27,53.63,40.90,31.21,25.64,1993-10-18,2018-04-27
2015-12-03,600680,*ST上普,电子元件,53.8,54.08,51.0,53.84,53.72,19267100,1037340664.00,7.4845,,,是,,,,,,否,382225337,257425337,20579012144.08,13859780144.08,,,,52.19,53.31,54.60,53.62,41.52,31.40,25.78,1993-10-18,2018-04-27
2015-12-04,600680,*ST上普,电子元件,53.45,56.71,52.6,53.04,53.84,15677500,831534600.00,6.0901,,,是,,,,,,否,382225337,257425337,20273231874.48,13653839874.48,,,,52.24,52.95,54.89,53.40,42.15,31.59,25.92,1993-10-18,2018-04-27
2015-12-07,600680,*ST上普,电子元件,52.5,54.0,50.61,52.83,53.04,11329100,598516353.00,4.4009,,,是,,,,,,否,382225337,257425337,20192964553.71,13599780553.71,,,,52.45,52.93,54.92,53.38,42.79,31.78,26.06,1993-10-18,2018-04-27
2015-12-08,600680,*ST上普,电子元件,52.37,56.0,51.5,53.41,52.83,15646900,835700929.00,6.0782,,,是,,,,,,否,382225337,257425337,20414655249.17,13749087249.17,,,,53.37,52.88,54.87,53.35,43.41,31.95,26.20,1993-10-18,2018-04-27
2015-12-09,600680,*ST上普,电子元件,52.37,58.68,50.51,57.9,53.41,25700700,1488070530.00,9.9837,,,是,,,,,,否,382225337,257425337,22130847012.30,14904927012.30,,,,54.20,53.16,55.10,53.59,44.07,32.17,26.37,1993-10-18,2018-04-27
2015-12-10,600680,*ST上普,电子元件,57.03,58.0,53.8,54.18,57.90,18132500,982418850.00,7.0438,,,是,,,,,,否,382225337,257425337,20708968758.66,13947304758.66,,,,54.27,53.23,55.00,53.54,44.65,32.37,26.51,1993-10-18,2018-04-27
2015-12-11,600680,*ST上普,电子元件,52.56,53.58,51.0,51.14,54.18,12455800,636989612.00,4.8386,,,是,,,,,,否,382225337,257425337,19547003734.18,13164731734.18,,,,53.89,53.06,54.47,53.48,45.14,32.56,26.65,1993-10-18,2018-04-27
2015-12-14,600680,*ST上普,电子元件,50.05,51.97,49.6,51.69,51.14,7764000,401321160.00,3.0160,,,是,,,,,,否,382225337,257425337,19757227669.53,13306315669.53,,,,53.66,53.06,54.03,53.60,45.67,32.74,26.79,1993-10-18,2018-04-27
2015-12-15,600680,*ST上普,电子元件,51.72,52.6,51.2,52.17,51.69,8642000,450853140.00,3.3571,,,是,,,,,,否,382225337,257425337,19940695831.29,13429879831.29,,,,53.42,53.39,53.71,53.80,46.18,32.92,26.93,1993-10-18,2018-04-27
2015-12-16,600680,*ST上普,电子元件,52.8,52.99,51.28,51.62,52.17,7966800,411246216.00,3.0948,,,是,,,,,,否,382225337,257425337,19730471895.94,13288295895.94,,,,52.16,53.18,53.50,53.90,46.64,33.13,27.06,1993-10-18,2018-04-27
2015-12-17,600680,*ST上普,电子元件,52.64,56.7,52.17,54.32,51.62,17716500,962360280.00,6.8822,,,是,,,,,,否,382225337,257425337,20762480305.84,13983344305.84,,,,52.19,53.23,53.27,54.15,47.10,33.36,27.21,1993-10-18,2018-04-27
2015-12-18,600680,*ST上普,电子元件,53.0,55.4,52.5,53.72,54.32,13977800,750887416.00,5.4298,,,是,,,,,,否,382225337,257425337,20533145103.64,13828889103.64,,,,52.70,53.30,53.12,54.36,47.58,33.58,27.36,1993-10-18,2018-04-27
2015-12-21,600680,*ST上普,电子元件,53.03,53.7,52.11,52.66,53.72,7726600,406882756.00,3.0015,,,是,,,,,,否,382225337,257425337,20127986246.42,13556018246.42,,,,52.90,53.28,53.11,54.37,48.00,33.80,27.51,1993-10-18,2018-04-27
2015-12-22,600680,*ST上普,电子元件,53.0,55.4,52.84,53.8,52.66,11716100,630326180.00,4.5513,,,是,,,,,,否,382225337,257425337,20563723130.60,13849483130.60,,,,53.22,53.32,53.10,54.35,48.39,34.05,27.65,1993-10-18,2018-04-27
2015-12-23,600680,*ST上普,电子元件,53.53,53.81,52.0,52.3,53.80,9189700,480621310.00,3.5699,,,是,,,,,,否,382225337,257425337,19990385125.10,13463345125.10,,,,53.36,52.76,52.96,54.32,48.77,34.31,27.79,1993-10-18,2018-04-27
2015-12-24,600680,*ST上普,电子元件,51.65,52.0,49.9,51.24,52.30,7230900,370511316.00,2.8089,,,是,,,,,,否,382225337,257425337,19585226267.88,13190474267.88,,,,52.74,52.47,52.85,54.16,49.15,34.55,27.93,1993-10-18,2018-04-27
2015-12-25,600680,*ST上普,电子元件,51.23,52.29,51.0,51.51,51.24,4485500,231048105.00,1.7424,,,是,,,,,,否,382225337,257425337,19688427108.87,13259979108.87,,,,52.30,52.50,52.78,53.82,49.51,34.80,28.07,1993-10-18,2018-04-27
2015-12-28,600680,*ST上普,电子元件,51.56,52.28,51.0,51.12,51.51,6780000,346593600.00,2.6338,,,是,,,,,,否,382225337,257425337,19539359227.44,13159583227.44,,,,51.99,52.45,52.75,53.50,49.88,35.08,28.21,1993-10-18,2018-04-27
2015-12-29,600680,*ST上普,电子元件,51.0,52.52,50.68,52.07,51.12,8407700,437788939.00,3.2661,,,是,,,,,,否,382225337,257425337,19902473297.59,13404137297.59,,,,51.65,52.44,52.91,53.29,50.30,35.37,28.36,1993-10-18,2018-04-27
2015-12-30,600680,*ST上普,电子元件,52.2,52.28,50.5,51.18,52.07,7303100,373772658.00,2.8370,,,是,,,,,,否,382225337,257425337,19562292747.66,13175028747.66,,,,51.42,52.39,52.79,53.13,50.72,35.68,28.51,1993-10-18,2018-04-27
2015-12-31,600680,*ST上普,电子元件,51.1,51.58,49.61,49.67,51.18,5880500,292084435.00,2.2844,,,是,,,,,,否,382225337,257425337,18985132488.79,12786316488.79,,,,51.11,51.93,52.58,52.82,51.07,35.98,28.65,1993-10-18,2018-04-27
2016-01-04,600680,*ST上普,电子元件,49.64,49.64,44.7,44.7,49.67,5957100,266282370.00,2.3141,,,是,,,,,,否,382225337,257425337,17085472563.90,11506912563.90,,,,49.75,51.02,52.16,52.42,51.33,36.25,28.77,1993-10-18,2018-04-27
2016-01-05,600680,*ST上普,电子元件,40.23,43.33,40.23,40.35,44.70,8808100,355406835.00,3.4216,,,是,,,,,,否,382225337,257425337,15422792347.95,10387112347.95,,,,47.59,49.79,51.54,52.00,51.51,36.48,28.87,1993-10-18,2018-04-27
2016-01-06,600680,*ST上普,电子元件,40.99,42.65,40.9,41.96,40.35,6891700,289175732.00,2.6772,,,是,,,,,,否,382225337,257425337,16038175140.52,10801567140.52,,,,45.57,48.61,50.97,51.60,51.66,36.71,28.98,1993-10-18,2018-04-27
2016-01-07,600680,*ST上普,电子元件,41.05,41.2,37.76,37.76,41.96,1818700,68674112.00,0.7065,,,是,,,,,,否,382225337,257425337,14432828725.12,9720380725.12,,,,42.89,47.16,49.96,51.03,51.69,36.89,29.07,1993-10-18,2018-04-27
2016-01-08,600680,*ST上普,电子元件,38.41,39.8,34.07,38.15,37.76,7895800,301224770.00,3.0672,,,是,,,,,,否,382225337,257425337,14581896606.55,9820776606.55,,,,40.58,45.85,49.16,50.51,51.67,37.06,29.16,1993-10-18,2018-04-27
2016-01-11,600680,*ST上普,电子元件,37.0,37.19,34.34,34.34,38.15,5760800,197825872.00,2.2379,,,是,,,,,,否,382225337,257425337,13125618072.58,8839986072.58,,,,38.51,44.13,48.32,49.90,51.51,37.22,29.24,1993-10-18,2018-04-27
2016-01-12,600680,*ST上普,电子元件,34.3,36.0,33.69,35.87,34.34,8020100,287680987.00,3.1155,,,是,,,,,,否,382225337,257425337,13710422838.19,9233846838.19,,,,37.62,42.61,47.53,49.37,51.36,37.39,29.33,1993-10-18,2018-04-27
2016-01-13,600680,*ST上普,电子元件,36.1,36.22,32.8,33.54,35.87,6258600,209913444.00,2.4312,,,是,,,,,,否,382225337,257425337,12819837802.98,8634045802.98,,,,35.93,40.75,46.59,48.86,51.17,37.52,29.40,1993-10-18,2018-04-27
2016-01-14,600680,*ST上普,电子元件,31.6,36.79,31.5,36.63,33.54,9473000,346995990.00,3.6799,,,是,,,,,,否,382225337,257425337,14000914094.31,9429490094.31,,,,35.71,39.30,45.84,48.29,50.96,37.68,29.49,1993-10-18,2018-04-27
2016-01-15,600680,*ST上普,电子元件,35.86,37.8,35.5,35.94,36.63,8827100,317245974.00,3.4290,,,是,,,,,,否,382225337,257425337,13737178611.78,9251866611.78,,,,35.26,37.92,44.93,47.69,50.66,37.83,29.57,1993-10-18,2018-04-27
2016-01-18,600680,*ST上普,电子元件,35.01,37.5,35.0,36.79,35.94,7384900,271690471.00,2.8688,,,是,,,,,,否,382225337,257425337,14062070148.23,9470678148.23,,,,35.75,37.13,44.08,47.15,50.28,37.98,29.66,1993-10-18,2018-04-27
2016-01-19,600680,*ST上普,电子元件,36.01,40.47,36.01,40.47,36.79,10428300,422033301.00,4.0510,,,是,,,,,,否,382225337,257425337,15468659388.39,10418003388.39,,,,36.67,37.15,43.47,46.74,50.06,38.16,29.75,1993-10-18,2018-04-27
2016-01-20,600680,*ST上普,电子元件,40.5,41.55,39.7,40.47,40.47,12362700,500318469.00,4.8024,,,是,,,,,,否,382225337,257425337,15468659388.39,10418003388.39,,,,38.06,37.00,42.80,46.31,49.83,38.33,29.85,1993-10-18,2018-04-27
2016-01-21,600680,*ST上普,电子元件,39.5,42.0,38.5,38.95,40.47,10002200,389585690.00,3.8855,,,是,,,,,,否,382225337,257425337,14887676876.15,10026716876.15,,,,38.52,37.11,42.14,45.68,49.64,38.50,29.94,1993-10-18,2018-04-27
2016-01-22,600680,*ST上普,电子元件,39.58,40.68,38.48,39.66,38.95,7104700,281772402.00,2.7599,,,是,,,,,,否,382225337,257425337,15159056865.42,10209488865.42,,,,39.27,37.27,41.56,45.19,49.37,38.68,30.03,1993-10-18,2018-04-27
2016-01-25,600680,*ST上普,电子元件,40.5,40.88,38.72,39.27,39.66,5912400,232179948.00,2.2967,,,是,,,,,,否,382225337,257425337,15009988983.99,10109092983.99,,,,39.76,37.76,40.94,44.80,49.14,38.85,30.12,1993-10-18,2018-04-27
2016-01-26,600680,*ST上普,电子元件,38.35,38.98,35.34,35.34,39.27,5708300,201731322.00,2.2175,,,是,,,,,,否,382225337,257425337,13507843409.58,9097411409.58,,,,38.74,37.71,40.16,44.25,48.93,39.00,30.20,1993-10-18,2018-04-27
2016-01-27,600680,*ST上普,电子元件,35.12,35.5,31.86,34.38,35.34,6206700,213386346.00,2.4111,,,是,,,,,,否,382225337,257425337,13140907086.06,8850283086.06,,,,37.52,37.79,39.27,43.66,48.73,39.15,30.27,1993-10-18,2018-04-27
2016-01-28,600680,*ST上普,电子元件,34.0,34.25,31.1,31.33,34.38,4950000,155083500.00,1.9229,,,是,,,,,,否,382225337,257425337,11975119808.21,8065135808.21,,,,36.00,37.26,38.28,42.98,48.44,39.29,30.33,1993-10-18,2018-04-27
2016-01-29,600680,*ST上普,电子元件,31.32,34.46,31.32,34.46,31.33,7063400,243404764.00,2.7439,,,是,,,,,,否,382225337,257425337,13171485113.02,8870877113.02,,,,34.96,37.11,37.52,42.32,48.23,39.44,30.40,1993-10-18,2018-04-27
2016-02-01,600680,*ST上普,电子元件,34.0,34.4,32.0,33.17,34.46,6687500,221824375.00,2.5978,,,是,,,,,,否,382225337,257425337,12678414428.29,8538798428.29,,,,33.74,36.75,36.94,41.64,48.00,39.56,30.47,1993-10-18,2018-04-27
2016-02-02,600680,*ST上普,电子元件,33.64,34.9,33.5,34.17,33.17,6296400,215147988.00,2.4459,,,是,,,,,,否,382225337,257425337,13060639765.29,8796223765.29,,,,33.50,36.12,36.63,41.02,47.70,39.68,30.54,1993-10-18,2018-04-27
2016-02-03,600680,*ST上普,电子元件,33.25,37.4,32.7,36.14,34.17,7691200,277959968.00,2.9877,,,是,,,,,,否,382225337,257425337,13813623679.18,9303351679.18,,,,33.85,35.69,36.34,40.43,47.39,39.80,30.61,1993-10-18,2018-04-27
2016-02-04,600680,*ST上普,电子元件,37.0,38.51,37.0,37.56,36.14,9458500,355261260.00,3.6743,,,是,,,,,,否,382225337,257425337,14356383657.72,9668895657.72,,,,35.10,35.55,36.33,39.94,47.13,39.91,30.70,1993-10-18,2018-04-27
2016-02-05,600680,*ST上普,电子元件,37.03,37.93,35.75,35.96,37.56,5607000,201627720.00,2.1781,,,是,,,,,,否,382225337,257425337,13744823118.52,9257015118.52,,,,35.40,35.18,36.22,39.43,46.79,40.01,30.78,1993-10-18,2018-04-27
2016-02-15,600680,*ST上普,电子元件,33.8,35.8,33.8,35.1,35.96,4183600,146844360.00,1.6252,,,是,,,,,,否,382225337,257425337,13416109328.70,9035629328.70,,,,35.79,34.76,36.26,38.88,46.35,40.08,30.85,1993-10-18,2018-04-27
2016-02-16,600680,*ST上普,电子元件,35.29,37.35,35.29,36.95,35.10,6208300,229396685.00,2.4117,,,是,,,,,,否,382225337,257425337,14123226202.15,9511866202.15,,,,36.34,34.92,36.31,38.41,45.96,40.17,30.94,1993-10-18,2018-04-27
2016-02-17,600680,*ST上普,电子元件,36.68,39.8,36.4,38.43,36.95,9880700,379715301.00,3.8383,,,是,,,,,,否,382225337,257425337,14688919700.91,9892855700.91,,,,36.80,35.33,36.56,37.96,45.62,40.27,31.03,1993-10-18,2018-04-27
2016-02-18,600680,*ST上普,电子元件,38.48,38.89,37.22,38.55,38.43,10416500,401556075.00,4.0464,,,是,,,,,,否,382225337,257425337,14734786741.35,9923746741.35,,,,37.00,36.05,36.65,37.54,45.33,40.38,31.11,1993-10-18,2018-04-27
2016-02-19,600680,*ST上普,电子元件,38.78,42.41,38.05,42.41,38.55,16045000,680468450.00,6.2329,,,是,,,,,,否,382225337,257425337,16210176542.17,10917408542.17,,,,38.29,36.84,36.98,37.29,45.06,40.53,31.22,1993-10-18,2018-04-27
2016-02-22,600680,*ST上普,电子元件,42.99,46.65,42.0,46.65,42.41,20097900,937567035.00,7.8073,,,是,,,,,,否,382225337,257425337,17830811971.05,12008891971.05,,,,40.60,38.19,37.47,37.36,44.89,40.70,31.34,1993-10-18,2018-04-27
2016-02-23,600680,*ST上普,电子元件,47.0,51.32,45.8,51.32,46.65,20558400,1055057088.00,7.9862,,,是,,,,,,否,382225337,257425337,19615804294.84,13211068294.84,,,,43.47,39.91,38.01,37.72,44.86,40.92,31.47,1993-10-18,2018-04-27
2016-02-24,600680,*ST上普,电子元件,52.0,56.4,51.0,52.54,51.32,26868400,1411665736.00,10.4374,,,是,,,,,,否,382225337,257425337,20082119205.98,13525127205.98,,,,46.29,41.55,38.62,38.08,44.84,41.16,31.62,1993-10-18,2018-04-27
2016-02-25,600680,*ST上普,电子元件,52.51,54.5,50.0,51.13,52.54,24410800,1248124204.00,9.4827,,,是,,,,,,否,382225337,257425337,19543181480.81,13162157480.81,,,,48.81,42.90,39.23,38.52,44.77,41.42,31.76,1993-10-18,2018-04-27
2016-02-26,600680,*ST上普,电子元件,51.5,51.88,47.48,48.14,51.13,18469100,889102474.00,7.1745,,,是,,,,,,否,382225337,257425337,18400327723.18,12392455723.18,,,,49.96,44.12,39.65,38.86,44.68,41.66,31.88,1993-10-18,2018-04-27
2016-02-29,600680,*ST上普,电子元件,47.08,47.65,43.66,45.96,48.14,14495300,666203988.00,5.6309,,,是,,,,,,否,382225337,257425337,17567076488.52,11831268488.52,,,,49.82,45.21,39.98,39.24,44.57,41.91,31.99,1993-10-18,2018-04-27
2016-03-01,600680,*ST上普,电子元件,45.08,47.8,43.85,45.99,45.96,15334200,705219858.00,5.9568,,,是,,,,,,否,382225337,257425337,17578543248.63,11838991248.63,,,,48.75,46.11,40.52,39.58,44.48,42.15,32.10,1993-10-18,2018-04-27
2016-03-02,600680,*ST上普,电子元件,45.5,50.59,44.8,50.59,45.99,20719300,1048189387.00,8.0487,,,是,,,,,,否,382225337,257425337,19336779798.83,13023147798.83,,,,48.36,47.33,41.33,40.15,44.50,42.41,32.23,1993-10-18,2018-04-27
2016-03-03,600680,*ST上普,电子元件,50.6,55.0,49.28,52.19,50.59,26251700,1370076223.00,10.1978,,,是,,,,,,否,382225337,257425337,19948340338.03,13435028338.03,,,,48.57,48.69,42.37,40.67,44.48,42.69,32.35,1993-10-18,2018-04-27
2016-03-04,600680,*ST上普,电子元件,50.5,51.5,46.97,46.97,52.19,15398100,723248757.00,5.9816,,,是,,,,,,否,382225337,257425337,17953124078.89,12091268078.89,,,,48.34,49.15,43.00,41.03,44.36,42.94,32.47,1993-10-18,2018-04-27
2016-03-07,600680,*ST上普,电子元件,47.75,49.2,46.99,47.53,46.97,10015400,476031962.00,3.8906,,,是,,,,,,否,382225337,257425337,18167170267.61,12235426267.61,,,,48.65,49.24,43.71,41.39,44.27,43.21,32.58,1993-10-18,2018-04-27
2016-03-08,600680,*ST上普,电子元件,47.59,48.98,44.0,48.11,47.53,12481200,600470532.00,4.8485,,,是,,,,,,否,382225337,257425337,18388860963.07,12384732963.07,,,,49.08,48.92,44.41,41.65,44.19,43.49,32.69,1993-10-18,2018-04-27
2016-03-09,600680,*ST上普,电子元件,46.5,49.68,46.0,47.05,48.11,10557500,496730375.00,4.1012,,,是,,,,,,否,382225337,257425337,17983702105.85,12111862105.85,,,,48.37,48.37,44.96,41.87,44.09,43.75,32.80,1993-10-18,2018-04-27
2016-03-10,600680,*ST上普,电子元件,46.8,47.8,44.04,44.61,47.05,10492100,468052581.00,4.0758,,,是,,,,,,否,382225337,257425337,17051072283.57,11483744283.57,,,,46.85,47.71,45.31,42.06,43.87,43.97,32.90,1993-10-18,2018-04-27
2016-03-11,600680,*ST上普,电子元件,44.0,44.0,42.5,43.01,44.61,7764100,333933941.00,3.0161,,,是,,,,,,否,382225337,257425337,16439511744.37,11071863744.37,,,,46.06,47.20,45.66,42.17,43.68,44.16,32.99,1993-10-18,2018-04-27
2016-03-14,600680,*ST上普,电子元件,44.5,46.55,43.99,44.89,43.01,11313600,507867504.00,4.3949,,,是,,,,,,否,382225337,257425337,17158095377.93,11555823377.93,,,,45.53,47.09,46.15,42.35,43.58,44.36,33.09,1993-10-18,2018-04-27
2016-03-15,600680,*ST上普,电子元件,44.4,48.59,44.21,46.02,44.89,14603800,672066876.00,5.6730,,,是,,,,,,否,382225337,257425337,17590010008.74,11846714008.74,,,,45.12,47.10,46.60,42.71,43.48,44.58,33.20,1993-10-18,2018-04-27
2016-03-16,600680,*ST上普,电子元件,46.05,49.83,45.07,48.76,46.02,17584500,857420220.00,6.8309,,,是,,,,,,否,382225337,257425337,18637307432.12,12552059432.12,,,,45.46,46.91,47.12,43.19,43.42,44.80,33.31,1993-10-18,2018-04-27
2016-03-17,600680,*ST上普,电子元件,48.3,52.2,48.0,50.98,48.76,21828600,1112822028.00,8.4796,,,是,,,,,,否,382225337,257425337,19485847680.26,13123543680.26,,,,46.73,46.79,47.74,43.84,43.41,45.02,33.44,1993-10-18,2018-04-27
2016-03-18,600680,*ST上普,电子元件,50.3,53.21,50.1,50.82,50.98,22147600,1125541032.00,8.6035,,,是,,,,,,否,382225337,257425337,19424691626.34,13082355626.34,,,,48.29,47.18,48.16,44.39,43.36,45.23,33.57,1993-10-18,2018-04-27
2016-03-21,600680,*ST上普,电子元件,50.98,53.8,50.03,52.49,50.82,17529400,920118206.00,6.8095,,,是,,,,,,否,382225337,257425337,20063007939.13,13512255939.13,,,,49.81,47.67,48.45,45.03,43.34,45.46,33.71,1993-10-18,2018-04-27
2016-03-22,600680,*ST上普,电子元件,51.44,52.44,50.0,50.08,52.49,13563900,679280112.00,5.2691,,,是,,,,,,否,382225337,257425337,19141844876.96,12891860876.96,,,,50.63,47.87,48.39,45.56,43.29,45.64,33.83,1993-10-18,2018-04-27
2016-03-23,600680,*ST上普,电子元件,49.99,54.66,49.8,53.01,50.08,17927300,950326173.00,6.9641,,,是,,,,,,否,382225337,257425337,20261765114.37,13646117114.37,,,,51.48,48.47,48.42,46.13,43.28,45.83,33.97,1993-10-18,2018-04-27
2016-03-24,600680,*ST上普,电子元件,51.96,54.18,50.74,51.29,53.01,15625700,801442153.00,6.0700,,,是,,,,,,否,382225337,257425337,19604337534.73,13203345534.73,,,,51.54,49.14,48.42,46.58,43.26,46.02,34.09,1993-10-18,2018-04-27
2016-03-25,600680,*ST上普,电子元件,50.8,51.81,50.1,51.24,51.29,7622100,390556404.00,2.9609,,,是,,,,,,否,382225337,257425337,19585226267.88,13190474267.88,,,,51.62,49.96,48.58,47.09,43.26,46.21,34.22,1993-10-18,2018-04-27
2016-03-28,600680,*ST上普,电子元件,51.9,53.3,51.02,51.47,51.24,10056000,517582320.00,3.9064,,,是,,,,,,否,382225337,257425337,19673138095.39,13249682095.39,,,,51.42,50.62,48.86,47.64,43.26,46.39,34.35,1993-10-18,2018-04-27
2016-03-29,600680,*ST上普,电子元件,51.2,51.9,49.2,49.88,51.47,7859600,392036848.00,3.0532,,,是,,,,,,否,382225337,257425337,19065399809.56,12840375809.56,,,,51.38,51.00,49.05,48.07,43.24,46.56,34.47,1993-10-18,2018-04-27
2016-03-30,600680,*ST上普,电子元件,50.9,52.21,49.94,52.18,49.88,10585800,552367044.00,4.1122,,,是,,,,,,否,382225337,257425337,19944518084.66,13432454084.66,,,,51.21,51.34,49.13,48.53,43.24,46.77,34.59,1993-10-18,2018-04-27
2016-03-31,600680,*ST上普,电子元件,52.2,54.24,51.68,51.93,52.18,13162500,683528625.00,5.1131,,,是,,,,,,否,382225337,257425337,19848961750.41,13368097750.41,,,,51.34,51.44,49.12,48.97,43.26,46.99,34.72,1993-10-18,2018-04-27
2016-04-01,600680,*ST上普,电子元件,51.0,51.58,49.5,50.52,51.93,9057900,457605108.00,3.5187,,,是,,,,,,否,382225337,257425337,19310024025.24,13005128025.24,,,,51.20,51.41,49.29,49.24,43.27,47.17,34.84,1993-10-18,2018-04-27
2016-04-05,600680,*ST上普,电子元件,51.0,54.52,51.0,54.0,50.52,16800200,907210800.00,6.5262,,,是,,,,,,否,382225337,257425337,20640168198.00,13900968198.00,,,,51.70,51.56,49.62,49.49,43.42,47.38,34.97,1993-10-18,2018-04-27
2016-04-06,600680,*ST上普,电子元件,52.16,53.68,52.16,52.56,54.00,12825700,674118792.00,4.9823,,,是,,,,,,否,382225337,257425337,20089763712.72,13530275712.72,,,,52.24,51.81,49.84,49.53,43.63,47.57,35.09,1993-10-18,2018-04-27
2016-04-07,600680,*ST上普,电子元件,52.98,54.4,51.0,51.75,52.56,14825900,767240325.00,5.7593,,,是,,,,,,否,382225337,257425337,19780161189.75,13321761189.75,,,,52.15,51.68,50.07,49.51,43.79,47.73,35.21,1993-10-18,2018-04-27
2016-04-08,600680,*ST上普,电子元件,50.5,53.98,50.0,52.78,51.75,15153900,799822842.00,5.8867,,,是,,,,,,否,382225337,257425337,20173853286.86,13586909286.86,,,,52.32,51.83,50.48,49.56,44.04,47.87,35.32,1993-10-18,2018-04-27
2016-04-11,600680,*ST上普,电子元件,53.05,56.33,52.31,54.98,52.78,18242200,1002956156.00,7.0864,,,是,,,,,,否,382225337,257425337,21014749028.26,14153245028.26,,,,53.21,52.20,51.08,49.79,44.32,47.99,35.43,1993-10-18,2018-04-27
2016-04-12,600680,*ST上普,电子元件,54.8,54.8,51.45,52.54,54.98,12926200,679142548.00,5.0213,,,是,,,,,,否,382225337,257425337,20082119205.98,13525127205.98,,,,52.92,52.31,51.46,50.01,44.62,48.07,35.54,1993-10-18,2018-04-27
2016-04-13,600680,*ST上普,电子元件,52.82,53.89,52.33,52.58,52.54,10827400,569304692.00,4.2060,,,是,,,,,,否,382225337,257425337,20097408219.46,13535424219.46,,,,52.93,52.58,51.79,50.23,44.90,48.13,35.64,1993-10-18,2018-04-27
2016-04-14,600680,*ST上普,电子元件,52.72,53.5,51.91,52.77,52.58,7293600,384883272.00,2.8333,,,是,,,,,,否,382225337,257425337,20170031033.49,13584335033.49,,,,53.13,52.64,51.99,50.30,45.22,48.20,35.75,1993-10-18,2018-04-27
2016-04-15,600680,*ST上普,电子元件,52.89,53.8,52.0,52.26,52.77,7629700,398728122.00,2.9638,,,是,,,,,,否,382225337,257425337,19975096111.62,13453048111.62,,,,53.03,52.67,52.06,50.30,45.48,48.22,35.86,1993-10-18,2018-04-27
2016-04-18,600680,*ST上普,电子元件,51.24,51.26,49.88,50.32,52.26,8539800,429722736.00,3.3174,,,是,,,,,,否,382225337,257425337,19233578957.84,12953642957.84,,,,52.09,52.65,52.03,50.41,45.72,48.19,35.96,1993-10-18,2018-04-27
2016-04-19,600680,*ST上普,电子元件,50.82,51.0,49.88,50.53,50.32,6388100,322790693.00,2.4815,,,是,,,,,,否,382225337,257425337,19313846278.61,13007702278.61,,,,51.69,52.31,51.93,50.51,45.95,48.12,36.05,1993-10-18,2018-04-27
2016-04-20,600680,*ST上普,电子元件,50.72,50.9,46.0,46.74,50.53,9916000,463473840.00,3.8520,,,是,,,,,,否,382225337,257425337,17865212251.38,12032060251.38,,,,50.52,51.73,51.77,50.47,46.06,48.06,36.14,1993-10-18,2018-04-27
2016-04-21,600680,*ST上普,电子元件,46.53,47.16,45.25,45.51,46.74,5984800,272368248.00,2.3249,,,是,,,,,,否,382225337,257425337,17395075086.87,11715427086.87,,,,49.07,51.10,51.39,50.42,46.14,47.99,36.22,1993-10-18,2018-04-27
2016-04-22,600680,*ST上普,电子元件,45.32,46.99,44.65,46.85,45.51,5980500,280186425.00,2.3232,,,是,,,,,,否,382225337,257425337,17907257038.45,12060377038.45,,,,47.99,50.51,51.17,50.49,46.27,47.95,36.31,1993-10-18,2018-04-27
2016-04-25,600680,*ST上普,电子元件,46.27,48.0,46.27,47.2,46.85,6510800,307309760.00,2.5292,,,是,,,,,,否,382225337,257425337,18041035906.40,12150475906.40,,,,47.37,49.73,50.97,50.63,46.40,47.88,36.40,1993-10-18,2018-04-27
2016-04-26,600680,*ST上普,电子元件,46.8,47.5,46.28,47.24,47.20,5206300,245945612.00,2.0225,,,是,,,,,,否,382225337,257425337,18056324919.88,12160772919.88,,,,46.71,49.20,50.76,50.71,46.53,47.83,36.50,1993-10-18,2018-04-27
2016-04-27,600680,*ST上普,电子元件,47.02,47.48,46.0,46.29,47.24,4641500,214855035.00,1.8030,,,是,,,,,,否,382225337,257425337,17693210849.73,11916218849.73,,,,46.62,48.57,50.58,50.72,46.71,47.82,36.59,1993-10-18,2018-04-27
2016-04-28,600680,*ST上普,电子元件,46.36,46.85,44.8,45.46,46.29,4949000,224981540.00,1.9225,,,是,,,,,,否,382225337,257425337,17375963820.02,11702555820.02,,,,46.61,47.84,50.24,50.61,46.90,47.81,36.67,1993-10-18,2018-04-27
2016-04-29,600680,*ST上普,电子元件,45.4,46.35,45.07,45.54,45.46,3726600,169709364.00,1.4476,,,是,,,,,,否,382225337,257425337,17406541846.98,11723149846.98,,,,46.35,47.17,49.92,50.43,47.14,47.79,36.76,1993-10-18,2018-04-27
2016-05-03,600680,*ST上普,电子元件,45.53,47.75,45.4,47.46,45.54,6859100,325532886.00,2.6645,,,是,,,,,,否,382225337,257425337,18140414494.02,12217406494.02,,,,46.40,46.88,49.77,50.32,47.35,47.79,36.85,1993-10-18,2018-04-27
2016-05-04,600680,*ST上普,电子元件,47.19,47.4,46.65,46.88,47.46,5486500,257207120.00,2.1313,,,是,,,,,,否,382225337,257425337,17918723798.56,12068099798.56,,,,46.33,46.52,49.41,50.13,47.58,47.79,36.94,1993-10-18,2018-04-27
2016-05-05,600680,*ST上普,电子元件,46.9,48.1,46.88,47.23,46.88,5321300,251324999.00,2.0671,,,是,,,,,,否,382225337,257425337,18052502666.51,12158198666.51,,,,46.51,46.57,49.15,50.03,47.80,47.75,37.03,1993-10-18,2018-04-27
2016-05-06,600680,*ST上普,电子元件,47.01,47.5,44.4,44.78,47.23,7325400,328031412.00,2.8456,,,是,,,,,,否,382225337,257425337,17116050590.86,11527506590.86,,,,46.38,46.49,48.80,49.76,47.94,47.67,37.11,1993-10-18,2018-04-27
2016-05-09,600680,*ST上普,电子元件,44.2,44.2,40.8,41.65,44.78,5826600,242677890.00,2.2634,,,是,,,,,,否,382225337,257425337,15919685286.05,10721765286.05,,,,45.60,45.97,48.24,49.44,48.01,47.57,37.18,1993-10-18,2018-04-27
2016-05-10,600680,*ST上普,电子元件,41.6,42.97,41.6,41.99,41.65,4687700,196836523.00,1.8210,,,是,,,,,,否,382225337,257425337,16049641900.63,10809289900.63,,,,44.51,45.45,47.59,49.13,48.11,47.45,37.25,1993-10-18,2018-04-27
2016-05-11,600680,*ST上普,电子元件,42.05,42.5,40.74,41.18,41.99,3697700,152271286.00,1.4364,,,是,,,,,,否,382225337,257425337,15740039377.66,10600775377.66,,,,43.37,44.85,47.02,48.79,48.21,47.28,37.33,1993-10-18,2018-04-27
2016-05-12,600680,*ST上普,电子元件,40.76,41.91,39.07,41.44,41.18,4528300,187652752.00,1.7591,,,是,,,,,,否,382225337,257425337,15839417965.28,10667705965.28,,,,42.21,44.36,46.47,48.50,48.29,47.12,37.41,1993-10-18,2018-04-27
2016-05-13,600680,*ST上普,电子元件,41.01,43.4,41.0,41.82,41.44,5212600,217990932.00,2.0249,,,是,,,,,,否,382225337,257425337,15984663593.34,10765527593.34,,,,41.62,44.00,45.92,48.16,48.34,46.98,37.48,1993-10-18,2018-04-27
2016-05-16,600680,*ST上普,电子元件,41.0,42.61,40.21,42.49,41.82,5491400,233329586.00,2.1332,,,是,,,,,,否,382225337,257425337,16240754569.13,10938002569.13,,,,41.78,43.69,45.43,47.84,48.41,46.87,37.56,1993-10-18,2018-04-27
2016-05-17,600680,*ST上普,电子元件,42.55,46.5,42.11,44.77,42.49,11547800,516995006.00,4.4859,,,是,,,,,,否,382225337,257425337,17112228337.49,11524932337.49,,,,42.34,43.42,45.15,47.65,48.45,46.75,37.63,1993-10-18,2018-04-27
2016-05-18,600680,*ST上普,电子元件,43.7,44.0,41.15,42.09,44.77,7952600,334724934.00,3.0893,,,是,,,,,,否,382225337,257425337,16087864434.33,10835032434.33,,,,42.52,42.94,44.73,47.26,48.37,46.63,37.70,1993-10-18,2018-04-27
2016-05-19,600680,*ST上普,电子元件,41.51,43.35,41.51,42.35,42.09,5262400,222862640.00,2.0442,,,是,,,,,,否,382225337,257425337,16187243021.95,10901963021.95,,,,42.70,42.46,44.51,46.92,48.22,46.54,37.76,1993-10-18,2018-04-27
2016-05-20,600680,*ST上普,电子元件,41.39,42.35,41.21,42.11,42.35,3965000,166966150.00,1.5403,,,是,,,,,,否,382225337,257425337,16095508941.07,10840180941.07,,,,42.76,42.19,44.34,46.59,48.05,46.44,37.82,1993-10-18,2018-04-27
2016-05-23,600680,*ST上普,电子元件,42.6,43.18,42.21,42.68,42.11,4621300,197237084.00,1.7952,,,是,,,,,,否,382225337,257425337,16313377383.16,10986913383.16,,,,42.80,42.29,44.13,46.26,47.91,46.34,37.89,1993-10-18,2018-04-27
2016-05-24,600680,*ST上普,电子元件,42.61,43.86,42.61,42.79,42.68,5714300,244514897.00,2.2198,,,是,,,,,,否,382225337,257425337,16355422170.23,11015230170.23,,,,42.40,42.37,43.91,45.85,47.82,46.25,37.96,1993-10-18,2018-04-27
2016-05-25,600680,*ST上普,电子元件,43.3,43.5,41.5,41.86,42.79,4967300,207931178.00,1.9296,,,是,,,,,,否,382225337,257425337,15999952606.82,10775824606.82,,,,42.36,42.44,43.64,45.50,47.75,46.16,38.02,1993-10-18,2018-04-27
2016-05-26,600680,*ST上普,电子元件,41.7,42.09,40.46,41.68,41.86,3887300,162022664.00,1.5101,,,是,,,,,,否,382225337,257425337,15931152046.16,10729488046.16,,,,42.22,42.46,43.41,45.13,47.68,46.08,38.08,1993-10-18,2018-04-27
2016-05-27,600680,*ST上普,电子元件,41.87,41.96,41.15,41.2,41.68,3032000,124918400.00,1.1778,,,是,,,,,,否,382225337,257425337,15747683884.40,10605923884.40,,,,42.04,42.40,43.20,44.75,47.52,46.01,38.14,1993-10-18,2018-04-27
2016-05-30,600680,*ST上普,电子元件,41.21,41.86,40.8,41.38,41.20,2818800,116641944.00,1.0950,,,是,,,,,,否,382225337,257425337,15816484445.06,10652260445.06,,,,41.78,42.29,42.99,44.38,47.34,45.91,38.19,1993-10-18,2018-04-27
2016-05-31,600680,*ST上普,电子元件,41.38,43.44,41.38,43.23,41.38,6868300,296916609.00,2.6681,,,是,,,,,,否,382225337,257425337,16523601318.51,11128497318.51,,,,41.87,42.14,42.78,44.15,47.28,45.82,38.25,1993-10-18,2018-04-27
2016-06-01,600680,*ST上普,电子元件,43.25,45.0,43.23,43.46,43.23,7338100,318913826.00,2.8506,,,是,,,,,,否,382225337,257425337,16611513146.02,11187705146.02,,,,42.19,42.27,42.61,43.91,47.21,45.74,38.30,1993-10-18,2018-04-27
2016-06-02,600680,*ST上普,电子元件,43.55,44.39,43.11,43.67,43.46,5619500,245403565.00,2.1830,,,是,,,,,,否,382225337,257425337,16691780466.79,11241764466.79,,,,42.59,42.41,42.43,43.81,47.14,45.67,38.36,1993-10-18,2018-04-27
2016-06-03,600680,*ST上普,电子元件,43.3,47.81,43.3,45.85,43.67,15367600,704604460.00,5.9697,,,是,,,,,,是,382225337,257425337,17525031701.45,11802951701.45,,,,43.52,42.78,42.48,43.82,47.12,45.60,38.45,1993-10-18,2018-04-27
2016-06-06,600680,*ST上普,电子元件,45.4,45.8,44.5,45.31,45.85,9231800,418292858.00,3.5862,,,是,,,,,,否,382225337,257425337,17318630019.47,11663942019.47,,,,44.30,43.04,42.67,43.77,47.13,45.50,38.52,1993-10-18,2018-04-27
2016-06-07,600680,*ST上普,电子元件,45.2,46.49,44.29,46.14,45.31,10408600,480252804.00,4.0433,,,是,,,,,,否,382225337,257425337,17635877049.18,11877605049.18,,,,44.89,43.38,42.88,43.73,47.18,45.43,38.60,1993-10-18,2018-04-27
2016-06-08,600680,*ST上普,电子元件,45.7,46.13,44.5,45.3,46.14,7273500,329489550.00,2.8255,,,是,,,,,,否,382225337,257425337,17314807766.10,11661367766.10,,,,45.25,43.72,43.08,43.67,47.19,45.38,38.66,1993-10-18,2018-04-27
2016-06-13,600680,*ST上普,电子元件,44.3,44.31,40.77,40.77,45.30,7949700,324109269.00,3.0882,,,是,,,,,,否,382225337,257425337,15583326989.49,10495230989.49,,,,44.67,43.63,43.05,43.49,47.10,45.29,38.69,1993-10-18,2018-04-27
2016-06-14,600680,*ST上普,电子元件,40.77,42.26,40.01,41.19,40.77,5019100,206736729.00,1.9497,,,是,,,,,,否,382225337,257425337,15743861631.03,10603349631.03,,,,43.74,43.63,43.02,43.34,46.98,45.20,38.72,1993-10-18,2018-04-27
2016-06-15,600680,*ST上普,电子元件,40.67,44.3,40.04,43.32,41.19,8358300,362081556.00,3.2469,,,是,,,,,,否,382225337,257425337,16558001598.84,11151665598.84,,,,43.34,43.82,43.06,43.27,46.85,45.13,38.77,1993-10-18,2018-04-27
2016-06-16,600680,*ST上普,电子元件,43.33,46.35,43.03,44.37,43.32,11130200,493846974.00,4.3237,,,是,,,,,,否,382225337,257425337,16959338202.69,11421962202.69,,,,42.99,43.94,43.04,43.17,46.74,45.05,38.82,1993-10-18,2018-04-27
2016-06-17,600680,*ST上普,电子元件,43.56,44.53,42.8,43.21,44.37,7184100,310424961.00,2.7908,,,是,,,,,,否,382225337,257425337,16515956811.77,11123348811.77,,,,42.57,43.91,43.09,43.04,46.59,44.96,38.88,1993-10-18,2018-04-27
2016-06-20,600680,*ST上普,电子元件,43.0,43.98,42.67,43.2,43.21,3572200,154319040.00,1.3877,,,是,,,,,,否,382225337,257425337,16512134558.40,11120774558.40,,,,43.06,43.87,43.14,42.91,46.47,44.88,38.93,1993-10-18,2018-04-27
2016-06-21,600680,*ST上普,电子元件,43.66,44.3,41.92,42.25,43.20,5214900,220329525.00,2.0258,,,是,,,,,,否,382225337,257425337,16149020488.25,10876220488.25,,,,43.27,43.51,43.14,42.83,46.29,44.79,38.97,1993-10-18,2018-04-27
2016-06-22,600680,*ST上普,电子元件,42.28,42.68,41.74,42.58,42.25,3568900,151963762.00,1.3864,,,是,,,,,,否,382225337,257425337,16275154849.46,10961170849.46,,,,43.12,43.23,43.14,42.86,46.15,44.70,39.01,1993-10-18,2018-04-27
2016-06-23,600680,*ST上普,电子元件,42.58,43.88,41.9,42.73,42.58,5333700,227909001.00,2.0719,,,是,,,,,,否,382225337,257425337,16332488650.01,10999784650.01,,,,42.79,42.89,43.14,42.88,46.00,44.63,39.06,1993-10-18,2018-04-27
2016-06-24,600680,*ST上普,电子元件,42.69,42.98,39.18,41.79,42.73,5849000,244429710.00,2.2721,,,是,,,,,,否,382225337,257425337,15973196833.23,10757804833.23,,,,42.51,42.54,43.13,42.90,45.84,44.55,39.12,1993-10-18,2018-04-27
2016-06-27,600680,*ST上普,电子元件,41.17,42.4,41.12,42.33,41.79,4136000,175076880.00,1.6067,,,是,,,,,,否,382225337,257425337,16179598515.21,10896814515.21,,,,42.34,42.70,43.16,42.93,45.72,44.48,39.16,1993-10-18,2018-04-27
2016-06-28,600680,*ST上普,电子元件,42.4,44.39,42.2,44.24,42.33,9973200,441214368.00,3.8742,,,是,,,,,,否,382225337,257425337,16909648908.88,11388496908.88,,,,42.73,43.00,43.32,43.01,45.59,44.41,39.22,1993-10-18,2018-04-27
2016-06-29,600680,*ST上普,电子元件,43.84,44.49,43.45,43.68,44.24,6108000,266797440.00,2.3727,,,是,,,,,,否,382225337,257425337,16695602720.16,11244338720.16,,,,42.95,43.04,43.43,43.05,45.45,44.35,39.29,1993-10-18,2018-04-27
2016-06-30,600680,*ST上普,电子元件,43.52,43.87,42.94,43.11,43.68,3994900,172220139.00,1.5519,,,是,,,,,,否,382225337,257425337,16477734278.07,11097606278.07,,,,43.03,42.91,43.42,43.00,45.32,44.30,39.35,1993-10-18,2018-04-27
2016-07-01,600680,*ST上普,电子元件,42.3,42.86,42.13,42.3,43.11,4658700,197063010.00,1.8097,,,是,,,,,,否,382225337,257425337,16168131755.10,10889091755.10,,,,43.13,42.82,43.37,43.00,45.13,44.28,39.41,1993-10-18,2018-04-27
2016-07-04,600680,*ST上普,电子元件,42.22,43.3,41.9,43.13,42.30,4132500,178234725.00,1.6053,,,是,,,,,,否,382225337,257425337,16485378784.81,11102754784.81,,,,43.29,42.81,43.34,43.03,44.97,44.30,39.48,1993-10-18,2018-04-27
2016-07-05,600680,*ST上普,电子元件,43.27,43.8,42.79,43.49,43.13,5099400,221772906.00,1.9809,,,是,,,,,,否,382225337,257425337,16622979906.13,11195427906.13,,,,43.14,42.94,43.22,43.07,44.83,44.31,39.56,1993-10-18,2018-04-27
2016-07-06,600680,*ST上普,电子元件,43.43,43.43,42.71,42.94,43.49,3828000,164374320.00,1.4870,,,是,,,,,,否,382225337,257425337,16412755970.78,11053843970.78,,,,42.99,42.97,43.10,43.08,44.67,44.36,39.64,1993-10-18,2018-04-27
2016-07-07,600680,*ST上普,电子元件,42.81,43.34,42.22,42.74,42.94,4150000,177371000.00,1.6121,,,是,,,,,,否,382225337,257425337,16336310903.38,11002358903.38,,,,42.92,42.98,42.93,43.08,44.47,44.39,39.72,1993-10-18,2018-04-27
2016-07-08,600680,*ST上普,电子元件,42.98,43.57,42.5,42.84,42.74,4906500,210194460.00,1.9060,,,是,,,,,,否,382225337,257425337,16374533437.08,11028101437.08,,,,43.03,43.08,42.81,43.11,44.30,44.46,39.81,1993-10-18,2018-04-27
2016-07-11,600680,*ST上普,电子元件,42.84,43.44,42.51,42.89,42.84,4957000,212605730.00,1.9256,,,是,,,,,,否,382225337,257425337,16393644703.93,11040972703.93,,,,42.98,43.14,42.92,43.15,44.14,44.52,39.91,1993-10-18,2018-04-27
2016-07-12,600680,*ST上普,电子元件,42.91,43.31,42.2,43.09,42.89,4329400,186553846.00,1.6818,,,是,,,,,,否,382225337,257425337,16470089771.33,11092457771.33,,,,42.90,43.02,43.01,43.22,43.98,44.60,40.02,1993-10-18,2018-04-27
2016-07-13,600680,*ST上普,电子元件,43.09,43.45,42.8,43.33,43.09,5087000,220419710.00,1.9761,,,是,,,,,,否,382225337,257425337,16561823852.21,11154239852.21,,,,42.98,42.99,43.01,43.28,43.83,44.66,40.13,1993-10-18,2018-04-27
2016-07-14,600680,*ST上普,电子元件,43.6,47.59,43.28,45.66,43.33,17737300,809885118.00,6.8903,,,是,,,,,,否,382225337,257425337,17452408887.42,11754040887.42,,,,43.56,43.24,43.08,43.36,43.76,44.74,40.26,1993-10-18,2018-04-27
2016-07-15,600680,*ST上普,电子元件,44.79,44.89,43.9,44.3,45.66,9696200,429541660.00,3.7666,,,是,,,,,,否,382225337,257425337,16932582429.10,11403942429.10,,,,43.85,43.44,43.13,43.39,43.65,44.80,40.39,1993-10-18,2018-04-27
2016-07-18,600680,*ST上普,电子元件,43.95,44.88,43.91,44.2,44.30,5763300,254737860.00,2.2388,,,是,,,,,,否,382225337,257425337,16894359895.40,11378199895.40,,,,44.12,43.55,43.18,43.41,43.61,44.83,40.51,1993-10-18,2018-04-27
2016-07-19,600680,*ST上普,电子元件,44.2,44.4,43.36,43.98,44.20,4562100,200641158.00,1.7722,,,是,,,,,,否,382225337,257425337,16810270321.26,11321566321.26,,,,44.29,43.60,43.27,43.35,43.58,44.86,40.63,1993-10-18,2018-04-27
2016-07-20,600680,*ST上普,电子元件,44.18,46.49,44.15,44.66,43.98,10536100,470542226.00,4.0929,,,是,,,,,,否,382225337,257425337,17070183550.42,11496615550.42,,,,44.56,43.77,43.37,43.33,43.55,44.91,40.75,1993-10-18,2018-04-27
2016-07-21,600680,*ST上普,电子元件,44.25,44.59,43.61,44.52,44.66,5687100,253189692.00,2.2092,,,是,,,,,,否,382225337,257425337,17016672003.24,11460576003.24,,,,44.33,43.95,43.46,43.27,43.50,44.95,40.86,1993-10-18,2018-04-27
2016-07-22,600680,*ST上普,电子元件,44.82,44.96,44.2,44.58,44.52,4512600,201171708.00,1.7530,,,是,,,,,,否,382225337,257425337,17039605523.46,11476021523.46,,,,44.39,44.12,43.60,43.25,43.46,45.00,40.97,1993-10-18,2018-04-27
2016-07-25,600680,*ST上普,电子元件,43.98,45.39,43.54,44.56,44.58,4975100,221690456.00,1.9326,,,是,,,,,,否,382225337,257425337,17031961016.72,11470873016.72,,,,44.46,44.29,43.71,43.37,43.43,45.07,41.09,1993-10-18,2018-04-27
2016-07-26,600680,*ST上普,电子元件,44.55,44.98,44.2,44.87,44.56,4251600,190769292.00,1.6516,,,是,,,,,,否,382225337,257425337,17150450871.19,11550674871.19,,,,44.64,44.47,43.74,43.50,43.42,45.16,41.20,1993-10-18,2018-04-27
2016-07-27,600680,*ST上普,电子元件,44.87,45.36,41.4,42.0,44.87,7737100,324958200.00,3.0056,,,是,,,,,,否,382225337,257425337,16053464154.00,10811864154.00,,,,44.11,44.33,43.66,43.45,43.36,45.25,41.30,1993-10-18,2018-04-27
2016-07-28,600680,*ST上普,电子元件,42.02,42.66,40.0,40.94,42.00,6464100,264640254.00,2.5111,,,是,,,,,,否,382225337,257425337,15648305296.78,10538993296.78,,,,43.39,43.86,43.55,43.34,43.25,45.30,41.39,1993-10-18,2018-04-27
2016-07-29,600680,*ST上普,电子元件,40.95,41.16,39.96,40.12,40.94,3428900,137567468.00,1.3320,,,是,,,,,,否,382225337,257425337,15334880520.44,10327904520.44,,,,42.50,43.44,43.44,43.23,43.14,45.36,41.48,1993-10-18,2018-04-27
2016-08-01,600680,*ST上普,电子元件,39.99,39.99,38.01,38.71,40.12,3451900,133623049.00,1.3409,,,是,,,,,,否,382225337,257425337,14795942795.27,9964934795.27,,,,41.33,42.89,43.22,43.09,43.00,45.40,41.55,1993-10-18,2018-04-27
2016-08-02,600680,*ST上普,电子元件,38.98,39.59,38.79,39.17,38.71,2513300,98445961.00,0.9763,,,是,,,,,,否,382225337,257425337,14971766450.29,10083350450.29,,,,40.19,42.41,43.01,42.98,42.90,45.42,41.63,1993-10-18,2018-04-27
2016-08-03,600680,*ST上普,电子元件,39.19,39.4,38.83,39.28,39.17,2228800,87547264.00,0.8658,,,是,,,,,,否,382225337,257425337,15013811237.36,10111667237.36,,,,39.64,41.88,42.82,42.87,42.86,45.44,41.71,1993-10-18,2018-04-27
2016-08-04,600680,*ST上普,电子元件,39.23,39.65,38.76,39.5,39.28,3070000,121265000.00,1.1926,,,是,,,,,,否,382225337,257425337,15097900811.50,10168300811.50,,,,39.36,41.37,42.66,42.77,42.82,45.47,41.80,1993-10-18,2018-04-27
2016-08-05,600680,*ST上普,电子元件,39.5,39.51,38.96,38.99,39.50,2040300,79551297.00,0.7926,,,是,,,,,,否,382225337,257425337,14902965889.63,10037013889.63,,,,39.13,40.81,42.47,42.67,42.79,45.50,41.88,1993-10-18,2018-04-27
2016-08-08,600680,*ST上普,电子元件,38.99,39.19,38.38,39.17,38.99,2295600,89918652.00,0.8918,,,是,,,,,,否,382225337,257425337,14971766450.29,10083350450.29,,,,39.22,40.27,42.28,42.57,42.75,45.52,41.97,1993-10-18,2018-04-27
2016-08-09,600680,*ST上普,电子元件,39.09,39.56,38.9,39.47,39.17,2633300,103936351.00,1.0229,,,是,,,,,,否,382225337,257425337,15086434051.39,10160578051.39,,,,39.28,39.73,42.10,42.41,42.71,45.53,42.06,1993-10-18,2018-04-27
2016-08-10,600680,*ST上普,电子元件,39.48,40.27,39.48,39.88,39.47,3590600,143193128.00,1.3948,,,是,,,,,,否,382225337,257425337,15243146439.56,10266122439.56,,,,39.40,39.52,41.93,42.28,42.67,45.54,42.16,1993-10-18,2018-04-27
2016-08-11,600680,*ST上普,电子元件,39.7,39.85,38.85,38.87,39.88,2331300,90617631.00,0.9056,,,是,,,,,,否,382225337,257425337,14857098849.19,10006122849.19,,,,39.28,39.32,41.59,42.14,42.57,45.51,42.25,1993-10-18,2018-04-27
2016-08-12,600680,*ST上普,电子元件,38.88,39.15,38.61,39.03,38.87,1927000,75210810.00,0.7486,,,是,,,,,,否,382225337,257425337,14918254903.11,10047310903.11,,,,39.28,39.21,41.33,42.03,42.52,45.44,42.33,1993-10-18,2018-04-27
2016-08-15,600680,*ST上普,电子元件,39.7,39.96,38.75,39.92,39.03,4032100,160961432.00,1.5663,,,是,,,,,,否,382225337,257425337,15258435453.04,10276419453.04,,,,39.43,39.33,41.11,41.92,42.48,45.35,42.41,1993-10-18,2018-04-27
2016-08-16,600680,*ST上普,电子元件,39.93,40.4,39.73,40.28,39.92,3983700,160463436.00,1.5475,,,是,,,,,,否,382225337,257425337,15396036574.36,10369092574.36,,,,39.60,39.44,40.93,41.82,42.45,45.25,42.49,1993-10-18,2018-04-27
2016-08-17,600680,*ST上普,电子元件,40.0,40.25,39.73,40.02,40.28,3026600,121124532.00,1.1757,,,是,,,,,,否,382225337,257425337,15296657986.74,10302161986.74,,,,39.62,39.51,40.69,41.72,42.40,45.15,42.55,1993-10-18,2018-04-27
2016-08-18,600680,*ST上普,电子元件,39.99,42.0,39.62,41.25,40.02,7515400,310010250.00,2.9194,,,是,,,,,,否,382225337,257425337,15766795151.25,10618795151.25,,,,40.10,39.69,40.53,41.67,42.38,45.10,42.62,1993-10-18,2018-04-27
2016-08-19,600680,*ST上普,电子元件,40.7,41.15,40.5,40.56,41.25,4131800,167585808.00,1.6050,,,是,,,,,,否,382225337,257425337,15503059668.72,10441171668.72,,,,40.41,39.84,40.33,41.59,42.35,45.05,42.67,1993-10-18,2018-04-27
2016-08-22,600680,*ST上普,电子元件,40.22,40.54,39.21,39.51,40.56,2717000,107348670.00,1.0555,,,是,,,,,,否,382225337,257425337,15101723064.87,10170875064.87,,,,40.32,39.88,40.08,41.48,42.32,45.00,42.72,1993-10-18,2018-04-27
2016-08-23,600680,*ST上普,电子元件,39.51,39.78,39.31,39.69,39.51,1621000,64337490.00,0.6297,,,是,,,,,,否,382225337,257425337,15170523625.53,10217211625.53,,,,40.21,39.90,39.82,41.37,42.29,44.91,42.78,1993-10-18,2018-04-27
2016-08-24,600680,*ST上普,电子元件,39.69,42.22,39.34,40.8,39.69,7565300,308664240.00,2.9388,,,是,,,,,,否,382225337,257425337,15594793749.60,10502953749.60,,,,40.36,39.99,39.76,41.28,42.28,44.81,42.84,1993-10-18,2018-04-27
2016-08-25,600680,*ST上普,电子元件,40.0,40.14,39.26,39.64,40.80,3784000,149997760.00,1.4699,,,是,,,,,,否,382225337,257425337,15151412358.68,10204340358.68,,,,40.04,40.07,39.69,41.08,42.22,44.75,42.90,1993-10-18,2018-04-27
2016-08-26,600680,*ST上普,电子元件,39.85,40.48,39.5,39.71,39.64,2570100,102058671.00,0.9984,,,是,,,,,,否,382225337,257425337,15178168132.27,10222360132.27,,,,39.87,40.14,39.67,40.93,42.16,44.69,42.96,1993-10-18,2018-04-27
2016-08-29,600680,*ST上普,电子元件,39.49,39.96,39.11,39.68,39.71,1812000,71900160.00,0.7039,,,是,,,,,,否,382225337,257425337,15166701372.16,10214637372.16,,,,39.90,40.11,39.72,40.78,42.09,44.62,43.01,1993-10-18,2018-04-27
2016-08-30,600680,*ST上普,电子元件,39.88,39.98,39.4,39.56,39.68,1839100,72754796.00,0.7144,,,是,,,,,,否,382225337,257425337,15120834331.72,10183746331.72,,,,39.88,40.04,39.74,40.63,41.99,44.55,43.08,1993-10-18,2018-04-27
2016-08-31,600680,*ST上普,电子元件,39.63,39.87,39.47,39.62,39.56,1783300,70654346.00,0.6927,,,是,,,,,,否,382225337,257425337,15143767851.94,10199191851.94,,,,39.64,40.00,39.76,40.46,41.89,44.51,43.16,1993-10-18,2018-04-27
2016-09-01,600680,*ST上普,电子元件,39.8,39.8,39.38,39.4,39.62,1729000,68122600.00,0.6717,,,是,,,,,,否,382225337,257425337,15059678277.80,10142558277.80,,,,39.59,39.82,39.75,40.29,41.78,44.48,43.24,1993-10-18,2018-04-27
2016-09-02,600680,*ST上普,电子元件,39.26,39.4,38.85,38.89,39.40,2190400,85184656.00,0.8509,,,是,,,,,,否,382225337,257425337,14864743355.93,10011271355.93,,,,39.43,39.65,39.75,40.10,41.68,44.43,43.33,1993-10-18,2018-04-27
2016-09-05,600680,*ST上普,电子元件,38.6,39.29,38.58,38.88,38.89,1478900,57499632.00,0.5745,,,是,,,,,,否,382225337,257425337,14860921102.56,10008697102.56,,,,39.27,39.59,39.73,39.91,41.64,44.37,43.41,1993-10-18,2018-04-27
2016-09-06,600680,*ST上普,电子元件,38.96,39.37,38.4,39.3,38.88,2192800,86177040.00,0.8518,,,是,,,,,,否,382225337,257425337,15021455744.10,10116815744.10,,,,39.22,39.55,39.72,39.73,41.61,44.29,43.49,1993-10-18,2018-04-27
2016-09-07,600680,*ST上普,电子元件,39.3,40.6,39.04,39.24,39.30,3289100,129064284.00,1.2777,,,是,,,,,,否,382225337,257425337,14998522223.88,10101370223.88,,,,39.14,39.39,39.69,39.64,41.54,44.20,43.58,1993-10-18,2018-04-27
2016-09-08,600680,*ST上普,电子元件,39.11,39.36,38.86,39.15,39.24,1867900,73128285.00,0.7256,,,是,,,,,,否,382225337,257425337,14964121943.55,10078201943.55,,,,39.09,39.34,39.71,39.58,41.46,44.10,43.67,1993-10-18,2018-04-27
2016-09-09,600680,*ST上普,电子元件,39.0,39.48,38.85,38.88,39.15,1638100,63689328.00,0.6363,,,是,,,,,,否,382225337,257425337,14860921102.56,10008697102.56,,,,39.09,39.26,39.70,39.53,41.39,43.99,43.76,1993-10-18,2018-04-27
2016-09-12,600680,*ST上普,电子元件,38.0,39.39,37.78,38.13,38.88,2590800,98787204.00,1.0064,,,是,,,,,,否,382225337,257425337,14574252099.81,9815628099.81,,,,38.94,39.11,39.61,39.52,41.30,43.89,43.86,1993-10-18,2018-04-27
2016-09-13,600680,*ST上普,电子元件,38.81,39.18,38.1,38.23,38.13,2335500,89286165.00,0.9073,,,是,,,,,,否,382225337,257425337,14612474633.51,9841370633.51,,,,38.73,38.97,39.51,39.48,41.23,43.76,43.94,1993-10-18,2018-04-27
2016-09-14,600680,*ST上普,电子元件,38.25,38.45,37.0,37.83,38.23,1705900,64534197.00,0.6627,,,是,,,,,,否,382225337,257425337,14459584498.71,9738400498.71,,,,38.44,38.79,39.40,39.44,41.15,43.65,44.02,1993-10-18,2018-04-27
2016-09-19,600680,*ST上普,电子元件,37.83,38.1,37.7,37.9,37.83,1419000,53780100.00,0.5512,,,是,,,,,,否,382225337,257425337,14486340272.30,9756420272.30,,,,38.19,38.64,39.23,39.38,41.07,43.54,44.10,1993-10-18,2018-04-27
2016-09-20,600680,*ST上普,电子元件,37.9,37.9,37.1,37.17,37.90,2414700,89754399.00,0.9380,,,是,,,,,,否,382225337,257425337,14207315776.29,9568499776.29,,,,37.85,38.47,39.06,39.32,41.00,43.42,44.16,1993-10-18,2018-04-27
2016-09-21,600680,*ST上普,电子元件,37.07,37.37,37.07,37.18,37.17,1235900,45950762.00,0.4801,,,是,,,,,,否,382225337,257425337,14211138029.66,9571074029.66,,,,37.66,38.30,38.94,39.26,40.91,43.31,44.23,1993-10-18,2018-04-27
2016-09-22,600680,*ST上普,电子元件,37.4,37.48,37.11,37.13,37.18,1448700,53790231.00,0.5628,,,是,,,,,,否,382225337,257425337,14192026762.81,9558202762.81,,,,37.44,38.08,38.82,39.18,40.79,43.19,44.29,1993-10-18,2018-04-27
2016-09-23,600680,*ST上普,电子元件,37.2,37.25,36.4,36.41,37.13,2519500,91734995.00,0.9787,,,是,,,,,,否,382225337,257425337,13916824520.17,9372856520.17,,,,37.16,37.80,38.60,39.06,40.67,43.06,44.34,1993-10-18,2018-04-27
2016-09-26,600680,*ST上普,电子元件,36.38,36.39,34.69,34.78,36.41,2529000,87958620.00,0.9824,,,是,,,,,,否,382225337,257425337,13293797220.86,8953253220.86,,,,36.53,37.36,38.35,38.93,40.53,42.93,44.37,1993-10-18,2018-04-27
2016-09-27,600680,*ST上普,电子元件,34.51,35.05,34.51,35.02,34.78,1611500,56434730.00,0.6260,,,是,,,,,,否,382225337,257425337,13385531301.74,9015035301.74,,,,36.10,36.98,38.12,38.79,40.41,42.77,44.41,1993-10-18,2018-04-27
2016-09-28,600680,*ST上普,电子元件,35.19,35.19,34.89,34.92,35.02,1118800,39068496.00,0.4346,,,是,,,,,,否,382225337,257425337,13347308768.04,8989292768.04,,,,35.65,36.66,37.88,38.63,40.27,42.62,44.44,1993-10-18,2018-04-27
2016-09-29,600680,*ST上普,电子元件,34.93,35.2,34.69,34.75,34.92,1059000,36800250.00,0.4114,,,是,,,,,,否,382225337,257425337,13282330460.75,8945530460.75,,,,35.18,36.31,37.64,38.44,40.13,42.48,44.46,1993-10-18,2018-04-27
2016-09-30,600680,*ST上普,电子元件,34.78,34.84,34.6,34.79,34.75,1180200,41059158.00,0.4585,,,是,,,,,,否,382225337,257425337,13297619474.23,8955827474.23,,,,34.85,36.01,37.40,38.27,39.99,42.33,44.48,1993-10-18,2018-04-27
2016-10-10,600680,*ST上普,电子元件,34.85,36.39,34.85,36.11,34.79,2707500,97767825.00,1.0518,,,是,,,,,,否,382225337,257425337,13802156919.07,9295628919.07,,,,35.12,35.83,37.23,38.10,39.88,42.17,44.51,1993-10-18,2018-04-27
2016-10-11,600680,*ST上普,电子元件,36.42,36.6,35.91,36.14,36.11,2830300,102287042.00,1.0995,,,是,,,,,,否,382225337,257425337,13813623679.18,9303351679.18,,,,35.34,35.72,37.10,37.95,39.77,42.04,44.54,1993-10-18,2018-04-27
2016-10-12,600680,*ST上普,电子元件,36.11,36.15,35.77,35.84,36.14,1518000,54405120.00,0.5897,,,是,,,,,,否,382225337,257425337,13698956078.08,9226124078.08,,,,35.53,35.59,36.95,37.83,39.65,41.90,44.56,1993-10-18,2018-04-27
2016-10-13,600680,*ST上普,电子元件,35.56,35.99,35.47,35.67,35.84,1397500,49848825.00,0.5429,,,是,,,,,,否,382225337,257425337,13633977770.79,9182361770.79,,,,35.71,35.44,36.76,37.69,39.53,41.76,44.60,1993-10-18,2018-04-27
2016-10-14,600680,*ST上普,电子元件,35.72,36.0,35.39,35.72,35.67,1335300,47696916.00,0.5187,,,是,,,,,,否,382225337,257425337,13653089037.64,9195233037.64,,,,35.90,35.37,36.59,37.52,39.40,41.62,44.64,1993-10-18,2018-04-27
2016-10-17,600680,*ST上普,电子元件,35.93,35.98,35.12,35.28,35.72,1545700,54532296.00,0.6004,,,是,,,,,,否,382225337,257425337,13484909889.36,9081965889.36,,,,35.73,35.42,36.39,37.38,39.23,41.49,44.66,1993-10-18,2018-04-27
2016-10-18,600680,*ST上普,电子元件,35.05,37.56,35.05,36.72,35.28,5599400,205609968.00,2.1752,,,是,,,,,,否,382225337,257425337,14035314374.64,9452658374.64,,,,35.85,35.59,36.29,37.28,39.10,41.38,44.69,1993-10-18,2018-04-27
2016-10-19,600680,*ST上普,电子元件,36.49,36.55,35.93,36.09,36.72,3127400,112867866.00,1.2149,,,是,,,,,,否,382225337,257425337,13794512412.33,9290480412.33,,,,35.90,35.71,36.18,37.16,38.97,41.29,44.72,1993-10-18,2018-04-27
2016-10-20,600680,*ST上普,电子元件,35.89,36.5,35.89,36.08,36.09,1970100,71081208.00,0.7653,,,是,,,,,,否,382225337,257425337,13790690158.96,9287906158.96,,,,35.98,35.84,36.08,37.04,38.84,41.21,44.73,1993-10-18,2018-04-27
2016-10-21,600680,*ST上普,电子元件,36.09,36.26,35.27,35.53,36.08,2153200,76503196.00,0.8364,,,是,,,,,,否,382225337,257425337,13580466223.61,9146322223.61,,,,35.94,35.92,35.96,36.91,38.68,41.12,44.73,1993-10-18,2018-04-27
2016-10-24,600680,*ST上普,电子元件,35.6,36.13,35.45,35.94,35.53,1792500,64422450.00,0.6963,,,是,,,,,,否,382225337,257425337,13737178611.78,9251866611.78,,,,36.07,35.90,35.86,36.79,38.54,41.02,44.72,1993-10-18,2018-04-27
2016-10-25,600680,*ST上普,电子元件,35.85,37.4,35.7,36.69,35.94,4470100,164007969.00,1.7365,,,是,,,,,,否,382225337,257425337,14023847614.53,9444935614.53,,,,36.07,35.96,35.84,36.72,38.41,40.93,44.69,1993-10-18,2018-04-27
2016-10-26,600680,*ST上普,电子元件,36.23,36.35,35.9,36.03,36.69,2539200,91487376.00,0.9864,,,是,,,,,,否,382225337,257425337,13771578892.11,9275034892.11,,,,36.05,35.98,35.78,36.62,38.27,40.85,44.65,1993-10-18,2018-04-27
2016-10-27,600680,*ST上普,电子元件,35.81,35.81,35.5,35.63,36.03,1956800,69720784.00,0.7601,,,是,,,,,,否,382225337,257425337,13618688757.31,9172064757.31,,,,35.96,35.97,35.71,36.50,38.11,40.77,44.62,1993-10-18,2018-04-27
2016-10-28,600680,*ST上普,电子元件,35.65,35.83,35.28,35.33,35.63,1676700,59237811.00,0.6513,,,是,,,,,,否,382225337,257425337,13504021156.21,9094837156.21,,,,35.92,35.93,35.65,36.37,38.00,40.68,44.56,1993-10-18,2018-04-27
2016-10-31,600680,*ST上普,电子元件,35.2,35.48,35.06,35.4,35.33,1121600,39704640.00,0.4357,,,是,,,,,,否,382225337,257425337,13530776929.80,9112856929.80,,,,35.82,35.94,35.68,36.24,37.91,40.58,44.49,1993-10-18,2018-04-27
2016-11-01,600680,*ST上普,电子元件,35.41,35.68,35.2,35.59,35.40,1326200,47199458.00,0.5152,,,是,,,,,,否,382225337,257425337,13603399743.83,9161767743.83,,,,35.60,35.83,35.71,36.13,37.83,40.49,44.39,1993-10-18,2018-04-27
2016-11-02,600680,*ST上普,电子元件,35.51,35.51,35.08,35.15,35.59,1924300,67639145.00,0.7475,,,是,,,,,,否,382225337,257425337,13435220595.55,9048500595.55,,,,35.42,35.74,35.72,36.03,37.78,40.39,44.32,1993-10-18,2018-04-27
2016-11-03,600680,*ST上普,电子元件,35.01,36.57,35.0,35.46,35.15,3327100,117978966.00,1.2925,,,是,,,,,,否,382225337,257425337,13553710450.02,9128302450.02,,,,35.39,35.67,35.76,35.94,37.71,40.31,44.24,1993-10-18,2018-04-27
2016-11-04,600680,*ST上普,电子元件,35.0,35.6,34.9,35.15,35.46,2215600,77878340.00,0.8607,,,是,,,,,,否,382225337,257425337,13435220595.55,9048500595.55,,,,35.35,35.64,35.78,35.85,37.64,40.25,44.18,1993-10-18,2018-04-27
2016-11-07,600680,*ST上普,电子元件,35.18,35.5,35.0,35.11,35.15,1532300,53799053.00,0.5952,,,是,,,,,,否,382225337,257425337,13419931582.07,9038203582.07,,,,35.29,35.55,35.73,35.76,37.57,40.20,44.10,1993-10-18,2018-04-27
2016-11-08,600680,*ST上普,电子元件,35.25,35.46,35.0,35.13,35.11,1412600,49624638.00,0.5487,,,是,,,,,,否,382225337,257425337,13427576088.81,9043352088.81,,,,35.20,35.40,35.68,35.69,37.51,40.15,44.02,1993-10-18,2018-04-27
2016-11-09,600680,*ST上普,电子元件,35.32,35.38,34.49,34.63,35.13,2073800,71815694.00,0.8056,,,是,,,,,,否,382225337,257425337,13236463420.31,8914639420.31,,,,35.10,35.26,35.62,35.61,37.43,40.09,43.97,1993-10-18,2018-04-27
2016-11-10,600680,*ST上普,电子元件,34.98,35.33,34.76,34.97,34.63,1978500,69188145.00,0.7686,,,是,,,,,,否,382225337,257425337,13366420034.89,9002164034.89,,,,35.00,35.19,35.58,35.54,37.36,40.03,43.93,1993-10-18,2018-04-27
2016-11-11,600680,*ST上普,电子元件,35.02,35.2,34.82,35.11,34.97,1910000,67060100.00,0.7420,,,是,,,,,,否,382225337,257425337,13419931582.07,9038203582.07,,,,34.99,35.17,35.55,35.49,37.28,39.97,43.87,1993-10-18,2018-04-27
2016-11-14,600680,*ST上普,电子元件,35.2,35.44,35.03,35.19,35.11,2261500,79582185.00,0.8785,,,是,,,,,,否,382225337,257425337,13450509609.03,9058797609.03,,,,35.01,35.15,35.55,35.51,37.22,39.89,43.83,1993-10-18,2018-04-27
2016-11-15,600680,*ST上普,电子元件,35.3,35.7,35.05,35.68,35.19,3187600,113733568.00,1.2383,,,是,,,,,,否,382225337,257425337,13637800024.16,9184936024.16,,,,35.12,35.16,35.49,35.53,37.16,39.84,43.78,1993-10-18,2018-04-27
2016-11-16,600680,*ST上普,电子元件,35.61,37.77,35.61,36.45,35.68,8556100,311869845.00,3.3237,,,是,,,,,,否,382225337,257425337,13932113533.65,9383153533.65,,,,35.48,35.29,35.51,35.58,37.10,39.79,43.72,1993-10-18,2018-04-27
2016-11-17,600680,*ST上普,电子元件,35.9,36.64,35.7,35.83,36.45,3756900,134609727.00,1.4594,,,是,,,,,,否,382225337,257425337,13695133824.71,9223549824.71,,,,35.65,35.33,35.50,35.61,37.03,39.74,43.64,1993-10-18,2018-04-27
2016-11-18,600680,*ST上普,电子元件,35.55,35.97,35.5,35.62,35.83,2243200,79902784.00,0.8714,,,是,,,,,,否,382225337,257425337,13614866503.94,9169490503.94,,,,35.75,35.37,35.50,35.64,36.95,39.68,43.57,1993-10-18,2018-04-27
2016-11-21,600680,*ST上普,电子元件,35.62,35.95,35.33,35.43,35.62,2060000,72985800.00,0.8002,,,是,,,,,,否,382225337,257425337,13542243689.91,9120579689.91,,,,35.80,35.40,35.48,35.62,36.86,39.62,43.49,1993-10-18,2018-04-27
2016-11-22,600680,*ST上普,电子元件,35.33,36.35,35.33,35.77,35.43,2761000,98760970.00,1.0725,,,是,,,,,,否,382225337,257425337,13672200304.49,9208104304.49,,,,35.82,35.47,35.43,35.61,36.78,39.57,43.38,1993-10-18,2018-04-27
2016-11-23,600680,*ST上普,电子元件,35.75,36.48,35.51,35.79,35.77,3606000,129058740.00,1.4008,,,是,,,,,,否,382225337,257425337,13679844811.23,9213252811.23,,,,35.69,35.58,35.42,35.61,36.72,39.52,43.29,1993-10-18,2018-04-27
2016-11-24,600680,*ST上普,电子元件,35.8,36.25,35.28,35.33,35.79,3101000,109558330.00,1.2046,,,是,,,,,,否,382225337,257425337,13504021156.21,9094837156.21,,,,35.59,35.62,35.41,35.59,36.64,39.47,43.19,1993-10-18,2018-04-27
2016-11-25,600680,*ST上普,电子元件,35.3,35.45,34.5,35.04,35.33,2404700,84260688.00,0.9341,,,是,,,,,,否,382225337,257425337,13393175808.48,9020183808.48,,,,35.47,35.61,35.39,35.57,36.55,39.41,43.11,1993-10-18,2018-04-27
2016-11-28,600680,*ST上普,电子元件,35.15,35.29,34.93,35.12,35.04,1284200,45101104.00,0.4989,,,是,,,,,,否,382225337,257425337,13423753835.44,9040777835.44,,,,35.41,35.61,35.38,35.57,36.47,39.35,43.01,1993-10-18,2018-04-27
2016-11-29,600680,*ST上普,电子元件,35.08,35.11,34.65,34.7,35.12,1616900,56106430.00,0.6281,,,是,,,,,,否,382225337,257425337,13263219193.90,8932659193.90,,,,35.20,35.51,35.33,35.50,36.39,39.27,42.93,1993-10-18,2018-04-27
2016-11-30,600680,*ST上普,电子元件,34.6,35.04,34.6,34.77,34.70,1146500,39863805.00,0.4454,,,是,,,,,,否,382225337,257425337,13289974967.49,8950678967.49,,,,34.99,35.34,35.31,35.46,36.31,39.20,42.85,1993-10-18,2018-04-27
2016-12-01,600680,*ST上普,电子元件,34.65,34.98,34.61,34.76,34.77,1176800,40905568.00,0.4571,,,是,,,,,,否,382225337,257425337,13286152714.12,8948104714.12,,,,34.88,35.23,35.28,35.41,36.23,39.11,42.78,1993-10-18,2018-04-27
2016-12-02,600680,*ST上普,电子元件,34.82,34.82,33.95,33.96,34.76,1998200,67858872.00,0.7762,,,是,,,,,,否,382225337,257425337,12980372444.52,8742164444.52,,,,34.66,35.07,35.22,35.36,36.13,39.01,42.69,1993-10-18,2018-04-27
2016-12-05,600680,*ST上普,电子元件,33.53,33.85,32.9,32.91,33.96,2182700,71832657.00,0.8479,,,是,,,,,,否,382225337,257425337,12579035840.67,8471867840.67,,,,34.22,34.81,35.11,35.26,36.02,38.90,42.61,1993-10-18,2018-04-27
2016-12-06,600680,*ST上普,电子元件,33.38,33.78,32.91,33.45,32.91,2069000,69208050.00,0.8037,,,是,,,,,,否,382225337,257425337,12785437522.65,8610877522.65,,,,33.97,34.58,35.03,35.15,35.93,38.80,42.53,1993-10-18,2018-04-27
2016-12-07,600680,*ST上普,电子元件,33.44,33.55,33.2,33.46,33.45,1150100,38482346.00,0.4468,,,是,,,,,,否,382225337,257425337,12789259776.02,8613451776.02,,,,33.71,34.35,34.97,35.06,35.84,38.74,42.46,1993-10-18,2018-04-27
2016-12-08,600680,*ST上普,电子元件,33.61,33.7,33.07,33.15,33.46,1242200,41178930.00,0.4825,,,是,,,,,,否,382225337,257425337,12670769921.55,8533649921.55,,,,33.39,34.13,34.88,34.98,35.74,38.68,42.40,1993-10-18,2018-04-27
2016-12-09,600680,*ST上普,电子元件,33.1,33.25,32.76,32.82,33.15,1375300,45137346.00,0.5343,,,是,,,,,,否,382225337,257425337,12544635560.34,8448699560.34,,,,33.16,33.91,34.76,34.90,35.63,38.59,42.31,1993-10-18,2018-04-27
2016-12-12,600680,*ST上普,电子元件,33.04,33.2,30.01,30.07,32.82,3574400,107482208.00,1.3885,,,是,,,,,,否,382225337,257425337,11493515883.59,7740779883.59,,,,32.59,33.41,34.51,34.72,35.48,38.47,42.22,1993-10-18,2018-04-27
2016-12-13,600680,*ST上普,电子元件,30.08,30.19,28.72,29.4,30.07,2364000,69501600.00,0.9183,,,是,,,,,,否,382225337,257425337,11237424907.80,7568304907.80,,,,31.78,32.88,34.19,34.51,35.32,38.35,42.12,1993-10-18,2018-04-27
2016-12-14,600680,*ST上普,电子元件,29.39,31.29,28.5,29.67,29.40,3678700,109147029.00,1.4290,,,是,,,,,,否,382225337,257425337,11340625748.79,7637809748.79,,,,31.02,32.37,33.85,34.33,35.18,38.24,42.03,1993-10-18,2018-04-27
2016-12-15,600680,*ST上普,电子元件,29.19,30.18,29.0,29.71,29.67,2292000,68095320.00,0.8904,,,是,,,,,,否,382225337,257425337,11355914762.27,7648106762.27,,,,30.33,31.86,33.55,34.14,35.04,38.14,41.94,1993-10-18,2018-04-27
2016-12-16,600680,*ST上普,电子元件,29.71,31.0,29.36,30.59,29.71,3362500,102858875.00,1.3062,,,是,,,,,,否,382225337,257425337,11692273058.83,7874641058.83,,,,29.89,31.52,33.30,33.99,34.92,38.04,41.83,1993-10-18,2018-04-27
2016-12-19,600680,*ST上普,电子元件,30.3,30.5,29.55,29.84,30.59,2057600,61398784.00,0.7993,,,是,,,,,,否,382225337,257425337,11405604056.08,7681572056.08,,,,29.84,31.22,33.02,33.81,34.79,37.93,41.73,1993-10-18,2018-04-27
2016-12-20,600680,*ST上普,电子元件,29.54,29.95,29.48,29.58,29.84,1234800,36525384.00,0.4797,,,是,,,,,,否,382225337,257425337,11306225468.46,7614641468.46,,,,29.88,30.83,32.71,33.63,34.66,37.83,41.64,1993-10-18,2018-04-27
2016-12-21,600680,*ST上普,电子元件,29.58,29.78,29.51,29.7,29.58,1094500,32506650.00,0.4252,,,是,,,,,,否,382225337,257425337,11352092508.90,7645532508.90,,,,29.88,30.45,32.40,33.46,34.53,37.72,41.55,1993-10-18,2018-04-27
2016-12-22,600680,*ST上普,电子元件,29.83,32.67,29.4,32.67,29.70,8660000,282922200.00,3.3641,,,是,,,,,,否,382225337,257425337,12487301759.79,8410085759.79,,,,30.48,30.40,32.27,33.39,34.46,37.63,41.48,1993-10-18,2018-04-27
2016-12-23,600680,*ST上普,电子元件,33.92,33.92,31.91,31.99,32.67,8985600,287449344.00,3.4906,,,是,,,,,,否,382225337,257425337,12227388530.63,8235036530.63,,,,30.76,30.32,32.12,33.28,34.39,37.53,41.40,1993-10-18,2018-04-27
2016-12-26,600680,*ST上普,电子元件,32.11,33.5,31.1,32.77,31.99,6654200,218058134.00,2.5849,,,是,,,,,,否,382225337,257425337,12525524293.49,8435828293.49,,,,31.34,30.59,32.00,33.20,34.35,37.44,41.31,1993-10-18,2018-04-27
2016-12-27,600680,*ST上普,电子元件,32.61,33.07,32.01,32.86,32.77,4804700,157882442.00,1.8664,,,是,,,,,,否,382225337,257425337,12559924573.82,8458996573.82,,,,32.00,30.94,31.91,33.11,34.32,37.36,41.23,1993-10-18,2018-04-27
2016-12-28,600680,*ST上普,电子元件,32.5,32.74,32.02,32.07,32.86,3135100,100542657.00,1.2179,,,是,,,,,,否,382225337,257425337,12257966557.59,8255630557.59,,,,32.47,31.18,31.77,32.96,34.27,37.27,41.15,1993-10-18,2018-04-27
2016-12-29,600680,*ST上普,电子元件,32.01,32.04,31.3,31.43,32.07,2868600,90160098.00,1.1143,,,是,,,,,,否,382225337,257425337,12013342341.91,8090878341.91,,,,32.22,31.35,31.61,32.81,34.21,37.17,41.06,1993-10-18,2018-04-27
2016-12-30,600680,*ST上普,电子元件,31.38,31.52,30.41,30.58,31.43,2680200,81960516.00,1.0412,,,是,,,,,,否,382225337,257425337,11688450805.46,7872066805.46,,,,31.94,31.35,31.44,32.65,34.14,37.07,40.97,1993-10-18,2018-04-27
2017-01-03,600680,*ST上普,电子元件,30.7,30.99,30.45,30.69,30.58,1901800,58366242.00,0.7388,,,是,,,,,,否,382225337,257425337,11730495592.53,7900383592.53,,,,31.53,31.43,31.32,32.49,34.05,36.97,40.89,1993-10-18,2018-04-27
2017-01-04,600680,*ST上普,电子元件,30.85,33.76,30.5,33.76,30.69,8270400,279208704.00,3.2127,,,是,,,,,,否,382225337,257425337,12903927377.12,8690679377.12,,,,31.71,31.85,31.34,32.42,34.01,36.89,40.82,1993-10-18,2018-04-27
2017-01-05,600680,*ST上普,电子元件,34.41,37.14,33.82,37.14,33.76,19791600,735060024.00,7.6883,,,是,,,,,,否,382225337,257425337,14195849016.18,9560777016.18,,,,32.72,32.60,31.52,32.47,34.04,36.84,40.76,1993-10-18,2018-04-27
2017-01-06,600680,*ST上普,电子元件,37.17,38.18,35.72,36.25,37.14,15465300,560617125.00,6.0077,,,是,,,,,,否,382225337,257425337,13855668466.25,9331668466.25,,,,33.68,32.95,31.68,32.50,34.05,36.79,40.70,1993-10-18,2018-04-27
2017-01-09,600680,*ST上普,电子元件,36.19,38.59,35.71,36.43,36.25,15795600,575433708.00,6.1360,,,是,,,,,,否,382225337,257425337,13924469026.91,9378005026.91,,,,34.85,33.40,31.86,32.54,34.06,36.73,40.64,1993-10-18,2018-04-27
2017-01-10,600680,*ST上普,电子元件,35.86,36.63,35.18,35.97,36.43,9768300,351365751.00,3.7946,,,是,,,,,,否,382225337,257425337,13748645371.89,9259589371.89,,,,35.91,33.72,32.15,32.57,34.07,36.65,40.58,1993-10-18,2018-04-27
2017-01-11,600680,*ST上普,电子元件,35.53,35.99,35.02,35.47,35.97,7022100,249073887.00,2.7278,,,是,,,,,,否,382225337,257425337,13557532703.39,9130876703.39,,,,36.25,33.98,32.46,32.60,34.05,36.58,40.55,1993-10-18,2018-04-27
2017-01-12,600680,*ST上普,电子元件,35.4,36.29,35.11,35.85,35.47,7406000,265505100.00,2.8770,,,是,,,,,,否,382225337,257425337,13702778331.45,9228698331.45,,,,35.99,34.36,32.77,32.63,34.04,36.51,40.53,1993-10-18,2018-04-27
2017-01-13,600680,*ST上普,电子元件,35.65,35.8,32.9,33.31,35.85,6950000,231504500.00,2.6998,,,是,,,,,,否,382225337,257425337,12731925975.47,8574837975.47,,,,35.41,34.55,32.95,32.59,34.00,36.42,40.49,1993-10-18,2018-04-27
2017-01-16,600680,*ST上普,电子元件,33.39,36.64,33.39,36.64,33.31,16229200,594637888.00,6.3044,,,是,,,,,,否,382225337,257425337,14004736347.68,9432064347.68,,,,35.45,35.15,33.25,32.67,34.02,36.35,40.49,1993-10-18,2018-04-27
2017-01-17,600680,*ST上普,电子元件,36.92,39.76,35.8,38.11,36.64,22113600,842749296.00,8.5903,,,是,,,,,,否,382225337,257425337,14566607593.07,9810479593.07,,,,35.88,35.89,33.66,32.85,34.05,36.30,40.49,1993-10-18,2018-04-27
2017-01-18,600680,*ST上普,电子元件,37.52,37.77,36.35,37.37,38.11,12872300,481037851.00,5.0004,,,是,,,,,,否,382225337,257425337,14283760843.69,9619984843.69,,,,36.26,36.25,34.05,32.98,34.06,36.24,40.50,1993-10-18,2018-04-27
2017-01-19,600680,*ST上普,电子元件,33.64,35.29,33.63,33.63,37.37,14809200,498033396.00,5.7528,,,是,,,,,,否,382225337,257425337,12854238083.31,8657214083.31,,,,35.81,35.90,34.25,32.98,34.02,36.15,40.49,1993-10-18,2018-04-27
2017-01-20,600680,*ST上普,电子元件,32.15,35.48,32.15,34.86,33.63,12359600,430855656.00,4.8012,,,是,,,,,,否,382225337,257425337,13324375247.82,8973847247.82,,,,36.12,35.76,34.36,33.04,34.01,36.06,40.50,1993-10-18,2018-04-27
2017-01-23,600680,*ST上普,电子元件,34.4,35.51,33.89,34.32,34.86,8492800,291472896.00,3.2991,,,是,,,,,,否,382225337,257425337,13117973565.84,8834837565.84,,,,35.66,35.55,34.48,33.09,33.99,36.00,40.49,1993-10-18,2018-04-27
2017-01-24,600680,*ST上普,电子元件,34.2,34.8,33.12,33.45,34.32,7313500,244636575.00,2.8410,,,是,,,,,,否,382225337,257425337,12785437522.65,8610877522.65,,,,34.73,35.30,34.51,33.20,33.96,35.94,40.48,1993-10-18,2018-04-27
2017-01-25,600680,*ST上普,电子元件,33.5,34.95,33.5,34.16,33.45,8177700,279350232.00,3.1767,,,是,,,,,,否,382225337,257425337,13056817511.92,8793649511.92,,,,34.08,35.17,34.57,33.36,33.94,35.89,40.47,1993-10-18,2018-04-27
2017-01-26,600680,*ST上普,电子元件,30.75,32.26,30.75,31.08,34.16,14159000,440061720.00,5.5002,,,是,,,,,,否,382225337,257425337,11879563473.96,8000779473.96,,,,33.57,34.69,34.52,33.41,33.87,35.82,40.43,1993-10-18,2018-04-27
2017-02-03,600680,*ST上普,电子元件,30.76,31.68,29.6,31.18,31.08,7402000,230794360.00,2.8754,,,是,,,,,,否,382225337,257425337,11917786007.66,8026522007.66,,,,32.84,34.48,34.51,33.46,33.80,35.76,40.39,1993-10-18,2018-04-27
2017-02-06,600680,*ST上普,电子元件,30.75,32.08,30.5,31.72,31.18,7830100,248370772.00,3.0417,,,是,,,,,,否,382225337,257425337,12124187689.64,8165531689.64,,,,32.32,33.99,34.57,33.50,33.74,35.69,40.36,1993-10-18,2018-04-27
2017-02-07,600680,*ST上普,电子元件,31.41,32.49,31.2,32.23,31.72,8157100,262903333.00,3.1687,,,是,,,,,,否,382225337,257425337,12319122611.51,8296818611.51,,,,32.07,33.40,34.65,33.58,33.69,35.63,40.33,1993-10-18,2018-04-27
2017-02-08,600680,*ST上普,电子元件,31.82,32.29,31.82,32.16,32.23,5144400,165443904.00,1.9984,,,是,,,,,,否,382225337,257425337,12292366837.92,8278798837.92,,,,31.67,32.88,34.57,33.66,33.64,35.58,40.31,1993-10-18,2018-04-27
2017-02-09,600680,*ST上普,电子元件,32.03,33.38,31.96,32.28,32.16,7902100,255079788.00,3.0697,,,是,,,,,,否,382225337,257425337,12338233878.36,8309689878.36,,,,31.91,32.74,34.32,33.75,33.60,35.52,40.29,1993-10-18,2018-04-27
2017-02-10,600680,*ST上普,电子元件,32.1,32.27,31.51,31.53,32.28,5310100,167427453.00,2.0628,,,是,,,,,,否,382225337,257425337,12051564875.61,8116620875.61,,,,31.98,32.41,34.09,33.71,33.55,35.45,40.28,1993-10-18,2018-04-27
2017-02-13,600680,*ST上普,电子元件,31.25,32.35,31.1,32.15,31.53,5622300,180756945.00,2.1841,,,是,,,,,,否,382225337,257425337,12288544584.55,8276224584.55,,,,32.07,32.19,33.87,33.71,33.50,35.39,40.29,1993-10-18,2018-04-27
2017-02-14,600680,*ST上普,电子元件,32.15,32.32,31.66,31.94,32.15,3849400,122949836.00,1.4953,,,是,,,,,,否,382225337,257425337,12208277263.78,8222165263.78,,,,32.01,32.04,33.67,33.69,33.44,35.33,40.28,1993-10-18,2018-04-27
2017-02-15,600680,*ST上普,电子元件,31.9,33.3,31.62,32.32,31.94,9331000,301577920.00,3.6247,,,是,,,,,,否,382225337,257425337,12353522891.84,8319986891.84,,,,32.04,31.86,33.51,33.67,33.39,35.27,40.27,1993-10-18,2018-04-27
2017-02-16,600680,*ST上普,电子元件,32.39,33.0,32.21,32.6,32.32,6469900,210918740.00,2.5133,,,是,,,,,,否,382225337,257425337,12460545986.20,8392065986.20,,,,32.11,32.01,33.35,33.69,33.32,35.21,40.27,1993-10-18,2018-04-27
2017-02-17,600680,*ST上普,电子元件,32.06,33.58,31.16,32.72,32.60,10311900,337405368.00,4.0058,,,是,,,,,,否,382225337,257425337,12506413026.64,8422957026.64,,,,32.35,32.17,33.32,33.73,33.27,35.15,40.25,1993-10-18,2018-04-27
2017-02-20,600680,*ST上普,电子元件,32.12,32.7,31.85,32.47,32.72,4759000,154524730.00,1.8487,,,是,,,,,,否,382225337,257425337,12410856692.39,8358600692.39,,,,32.41,32.24,33.11,33.79,33.22,35.09,40.23,1993-10-18,2018-04-27
2017-02-21,600680,*ST上普,电子元件,32.54,33.45,32.54,33.08,32.47,8577000,283727160.00,3.3318,,,是,,,,,,否,382225337,257425337,12644014147.96,8515630147.96,,,,32.64,32.33,32.86,33.87,33.18,35.02,40.22,1993-10-18,2018-04-27
2017-02-22,600680,*ST上普,电子元件,32.8,33.88,32.51,33.84,33.08,10183700,344616408.00,3.9560,,,是,,,,,,否,382225337,257425337,12934505404.08,8711273404.08,,,,32.94,32.49,32.69,33.88,33.15,34.96,40.22,1993-10-18,2018-04-27
2017-02-23,600680,*ST上普,电子元件,34.28,34.4,33.2,33.41,33.84,6946500,232082565.00,2.6985,,,是,,,,,,否,382225337,257425337,12770148509.17,8600580509.17,,,,33.10,32.61,32.67,33.75,33.11,34.91,40.20,1993-10-18,2018-04-27
2017-02-24,600680,*ST上普,电子元件,33.3,33.39,32.8,33.16,33.41,4813100,159602396.00,1.8697,,,是,,,,,,否,382225337,257425337,12674592174.92,8536224174.92,,,,33.19,32.77,32.59,33.65,33.07,34.86,40.18,1993-10-18,2018-04-27
2017-02-27,600680,*ST上普,电子元件,32.34,32.34,30.11,31.11,33.16,10396800,323444448.00,4.0388,,,是,,,,,,否,382225337,257425337,11891030234.07,8008502234.07,,,,32.92,32.67,32.43,33.47,33.01,34.78,40.15,1993-10-18,2018-04-27
2017-02-28,600680,*ST上普,电子元件,31.0,31.11,30.7,31.1,31.11,4089200,127174120.00,1.5885,,,是,,,,,,否,382225337,257425337,11887207980.70,8005927980.70,,,,32.52,32.58,32.31,33.31,32.94,34.71,40.11,1993-10-18,2018-04-27
2017-03-01,600680,*ST上普,电子元件,30.95,31.05,30.61,30.72,31.10,5636900,173165568.00,2.1897,,,是,,,,,,否,382225337,257425337,11741962352.64,7908106352.64,,,,31.90,32.42,32.14,33.15,32.87,34.63,40.04,1993-10-18,2018-04-27
2017-03-02,600680,*ST上普,电子元件,30.73,31.18,30.72,30.83,30.72,3575700,110238831.00,1.3890,,,是,,,,,,否,382225337,257425337,11784007139.71,7936423139.71,,,,31.38,32.24,32.13,32.98,32.81,34.56,39.96,1993-10-18,2018-04-27
2017-03-03,600680,*ST上普,电子元件,30.71,31.5,29.75,31.15,30.83,7360100,229267115.00,2.8591,,,是,,,,,,否,382225337,257425337,11906319247.55,8018799247.55,,,,30.98,32.09,32.13,32.91,32.75,34.49,39.87,1993-10-18,2018-04-27
2017-03-06,600680,*ST上普,电子元件,30.91,31.38,30.76,31.19,31.15,5288100,164935839.00,2.0542,,,是,,,,,,否,382225337,257425337,11921608261.03,8029096261.03,,,,31.00,31.96,32.10,32.73,32.70,34.42,39.79,1993-10-18,2018-04-27
2017-03-07,600680,*ST上普,电子元件,31.1,31.1,30.66,30.92,31.19,4148400,128268528.00,1.6115,,,是,,,,,,否,382225337,257425337,11818407420.04,7959591420.04,,,,30.96,31.74,32.03,32.49,32.67,34.35,39.73,1993-10-18,2018-04-27
2017-03-08,600680,*ST上普,电子元件,30.82,30.82,30.51,30.53,30.92,3333900,101783967.00,1.2951,,,是,,,,,,否,382225337,257425337,11669339538.61,7859195538.61,,,,30.92,31.41,31.95,32.26,32.62,34.28,39.66,1993-10-18,2018-04-27
2017-03-09,600680,*ST上普,电子元件,30.39,30.93,30.39,30.63,30.53,3078300,94288329.00,1.1958,,,是,,,,,,否,382225337,257425337,11707562072.31,7884938072.31,,,,30.88,31.13,31.87,32.16,32.57,34.21,39.60,1993-10-18,2018-04-27
2017-03-10,600680,*ST上普,电子元件,30.64,30.8,30.0,30.23,30.63,4012700,121303921.00,1.5588,,,是,,,,,,否,382225337,257425337,11554671937.51,7781967937.51,,,,30.70,30.84,31.80,32.01,32.52,34.13,39.52,1993-10-18,2018-04-27
2017-03-13,600680,*ST上普,电子元件,30.0,30.2,29.61,30.16,30.23,2795100,84300216.00,1.0858,,,是,,,,,,否,382225337,257425337,11527916163.92,7763948163.92,,,,30.49,30.75,31.71,31.87,32.48,34.06,39.43,1993-10-18,2018-04-27
2017-03-14,600680,*ST上普,电子元件,30.2,30.38,29.92,29.97,30.16,2448800,73390536.00,0.9513,,,是,,,,,,否,382225337,257425337,11455293349.89,7715037349.89,,,,30.30,30.63,31.61,31.75,32.48,33.98,39.36,1993-10-18,2018-04-27
2017-03-15,600680,*ST上普,电子元件,29.01,30.2,27.3,29.41,29.97,9227000,271366070.00,3.5843,,,是,,,,,,否,382225337,257425337,11241247161.17,7570879161.17,,,,30.08,30.50,31.46,31.59,32.48,33.90,39.29,1993-10-18,2018-04-27
2017-03-16,600680,*ST上普,电子元件,28.69,29.5,28.57,29.06,29.41,5318700,154561422.00,2.0661,,,是,,,,,,否,382225337,257425337,11107468293.22,7480780293.22,,,,29.77,30.32,31.28,31.53,32.47,33.83,39.22,1993-10-18,2018-04-27
2017-03-17,600680,*ST上普,电子元件,29.07,29.1,28.51,28.57,29.06,3936200,112457234.00,1.5291,,,是,,,,,,否,382225337,257425337,10920177878.09,7354641878.09,,,,29.43,30.07,31.08,31.44,32.45,33.74,39.14,1993-10-18,2018-04-27
2017-03-20,600680,*ST上普,电子元件,28.56,28.78,28.16,28.26,28.57,2770200,78285852.00,1.0761,,,是,,,,,,否,382225337,257425337,10801688023.62,7274840023.62,,,,29.05,29.77,30.87,31.32,32.41,33.67,39.08,1993-10-18,2018-04-27
2017-03-21,600680,*ST上普,电子元件,28.4,28.52,28.0,28.07,28.26,2720100,76353207.00,1.0567,,,是,,,,,,否,382225337,257425337,10729065209.59,7225929209.59,,,,28.67,29.49,30.62,31.19,32.38,33.58,39.02,1993-10-18,2018-04-27
2017-03-22,600680,*ST上普,电子元件,28.02,28.02,27.3,27.33,28.07,5004900,136783917.00,1.9442,,,是,,,,,,否,382225337,257425337,10446218460.21,7035434460.21,,,,28.26,29.17,30.29,31.02,32.34,33.50,38.95,1993-10-18,2018-04-27
2017-03-23,600680,*ST上普,电子元件,27.0,27.28,26.94,27.2,27.33,3840400,104458880.00,1.4919,,,是,,,,,,否,382225337,257425337,10396529166.40,7001969166.40,,,,27.89,28.83,29.98,30.86,32.30,33.42,38.87,1993-10-18,2018-04-27
2017-03-24,600680,*ST上普,电子元件,27.25,27.46,27.03,27.33,27.20,2756900,75346077.00,1.0710,,,是,,,,,,否,382225337,257425337,10446218460.21,7035434460.21,,,,27.64,28.54,29.69,30.72,32.21,33.34,38.79,1993-10-18,2018-04-27
2017-03-28,600680,*ST上普,电子元件,25.96,25.96,25.96,25.96,27.33,70600,1832776.00,0.0274,,,是,,,,,,否,382225337,257425337,9922569748.52,6682761748.52,,,,27.18,28.12,29.43,30.51,32.11,33.25,38.69,1993-10-18,2018-04-27
2017-03-29,600680,*ST上普,电子元件,24.66,24.66,24.66,24.66,25.96,39700,979002.00,0.0154,,,是,,,,,,否,382225337,257425337,9425676810.42,6348108810.42,,,,26.50,27.59,29.11,30.27,31.98,33.17,38.58,1993-10-18,2018-04-27
2017-03-30,600680,*ST上普,电子元件,23.43,23.43,23.43,23.43,24.66,66800,1565124.00,0.0259,,,是,,,,,,否,382225337,257425337,8955539645.91,6031475645.91,,,,25.72,26.99,28.74,29.97,31.82,33.07,38.47,1993-10-18,2018-04-27
2017-03-31,600680,*ST上普,电子元件,22.26,22.26,22.26,22.26,23.43,84100,1872066.00,0.0327,,,是,,,,,,否,382225337,257425337,8508336001.62,5730288001.62,,,,24.73,26.31,28.32,29.63,31.66,32.96,38.35,1993-10-18,2018-04-27
2017-04-05,600680,*ST上普,电子元件,21.15,21.15,21.15,21.15,22.26,246600,5215590.00,0.0958,,,是,,,,,,否,382225337,257425337,8084065877.55,5444545877.55,,,,23.49,25.57,27.82,29.24,31.48,32.85,38.23,1993-10-18,2018-04-27
2017-04-06,600680,*ST上普,电子元件,20.09,20.15,20.09,20.09,21.15,5850400,117534536.00,2.2727,,,是,,,,,,否,382225337,257425337,7678907020.33,5171675020.33,,,,22.32,24.75,27.26,28.83,31.31,32.73,38.10,1993-10-18,2018-04-27
2017-04-07,600680,*ST上普,电子元件,19.48,20.08,19.46,19.84,20.09,9172100,181974464.00,3.5630,,,是,,,,,,否,382225337,257425337,7583350686.08,5107318686.08,,,,21.35,23.93,26.71,28.39,31.13,32.59,37.98,1993-10-18,2018-04-27
2017-04-10,600680,*ST上普,电子元件,19.78,19.87,18.85,18.85,19.84,5415700,102085945.00,2.1038,,,是,,,,,,否,382225337,257425337,7204947602.45,4852467602.45,,,,20.44,23.08,26.12,27.89,30.88,32.45,37.85,1993-10-18,2018-04-27
2017-04-11,600680,*ST上普,电子元件,17.95,18.35,17.91,17.91,18.85,2964100,53087031.00,1.1514,,,是,,,,,,否,382225337,257425337,6845655785.67,4610487785.67,,,,19.57,22.15,25.49,27.37,30.56,32.30,37.72,1993-10-18,2018-04-27
2017-04-12,600680,*ST上普,电子元件,17.3,17.87,17.07,17.16,17.91,9632100,165286836.00,3.7417,,,是,,,,,,否,382225337,257425337,6558986782.92,4417418782.92,,,,18.77,21.13,24.83,26.84,30.24,32.14,37.58,1993-10-18,2018-04-27
2017-04-13,600680,*ST上普,电子元件,17.3,18.02,17.3,17.65,17.16,5689000,100410850.00,2.2100,,,是,,,,,,否,382225337,257425337,6746277198.05,4543557198.05,,,,18.28,20.30,24.21,26.39,29.93,31.99,37.44,1993-10-18,2018-04-27
2017-04-14,600680,*ST上普,电子元件,17.58,17.9,17.38,17.49,17.65,3478400,60837216.00,1.3512,,,是,,,,,,否,382225337,257425337,6685121144.13,4502369144.13,,,,17.81,19.58,23.58,25.93,29.62,31.85,37.31,1993-10-18,2018-04-27
2017-04-17,600680,*ST上普,电子元件,17.38,17.38,16.62,16.99,17.49,5287000,89826130.00,2.0538,,,是,,,,,,否,382225337,257425337,6494008475.63,4373656475.63,,,,17.44,18.94,22.96,25.48,29.31,31.68,37.16,1993-10-18,2018-04-27
2017-04-18,600680,*ST上普,电子元件,16.98,17.14,16.38,16.41,16.99,3427800,56250198.00,1.3316,,,是,,,,,,否,382225337,257425337,6272317780.17,4224349780.17,,,,17.14,18.35,22.33,25.00,28.99,31.52,37.02,1993-10-18,2018-04-27
2017-04-19,600680,*ST上普,电子元件,16.15,16.44,15.59,16.35,16.41,5185300,84779655.00,2.0143,,,是,,,,,,否,382225337,257425337,6249384259.95,4208904259.95,,,,16.98,17.87,21.72,24.50,28.71,31.35,36.87,1993-10-18,2018-04-27
2017-04-20,600680,*ST上普,电子元件,16.21,16.72,15.95,16.31,16.35,3251200,53027072.00,1.2630,,,是,,,,,,否,382225337,257425337,6234095246.47,4198607246.47,,,,16.71,17.50,21.12,24.01,28.37,31.19,36.73,1993-10-18,2018-04-27
2017-04-21,600680,*ST上普,电子元件,16.25,16.42,16.07,16.09,16.31,2378900,38276501.00,0.9241,,,是,,,,,,否,382225337,257425337,6150005672.33,4141973672.33,,,,16.43,17.12,20.52,23.51,28.00,31.03,36.57,1993-10-18,2018-04-27
2017-04-25,600680,*ST上普,电子元件,15.29,15.75,15.29,15.29,16.09,2714800,41509292.00,1.0546,,,是,,,,,,否,382225337,257425337,5844225402.73,3936033402.73,,,,16.09,16.77,19.92,23.00,27.63,30.85,36.42,1993-10-18,2018-04-27
2017-04-26,600680,*ST上普,电子元件,14.86,15.2,14.53,15.09,15.29,8559900,129168891.00,3.3252,,,是,,,,,,否,382225337,257425337,5767780335.33,3884548335.33,,,,15.83,16.48,19.32,22.49,27.32,30.67,36.27,1993-10-18,2018-04-27
2017-04-27,600680,*ST上普,电子元件,14.96,15.84,14.92,15.68,15.09,7037600,110349568.00,2.7338,,,是,,,,,,否,382225337,257425337,5993293284.16,4036429284.16,,,,15.69,16.34,18.73,22.00,27.00,30.51,36.13,1993-10-18,2018-04-27
2017-04-28,600680,*ST上普,电子元件,15.6,16.09,15.52,15.86,15.68,3825100,60666086.00,1.4859,,,是,,,,,,否,382225337,257425337,6062093844.82,4082765844.82,,,,15.60,16.16,18.23,21.52,26.70,30.35,35.98,1993-10-18,2018-04-27
2017-05-02,600680,*ST上普,电子元件,15.75,15.88,15.55,15.62,15.86,2160700,33750134.00,0.8394,,,是,,,,,,否,382225337,257425337,5970359763.94,4020983763.94,,,,15.51,15.97,17.78,21.05,26.40,30.18,35.84,1993-10-18,2018-04-27
2017-05-03,600680,*ST上普,电子元件,15.62,16.22,15.52,16.09,15.62,3780600,60829854.00,1.4686,,,是,,,,,,否,382225337,257425337,6150005672.33,4141973672.33,,,,15.67,15.88,17.41,20.60,26.10,30.02,35.70,1993-10-18,2018-04-27
2017-05-04,600680,*ST上普,电子元件,15.98,16.02,15.29,15.29,16.09,5916500,90463285.00,2.2983,,,是,,,,,,否,382225337,257425337,5844225402.73,3936033402.73,,,,15.71,15.77,17.06,20.14,25.83,29.85,35.58,1993-10-18,2018-04-27
2017-05-05,600680,*ST上普,电子元件,15.05,15.12,14.58,14.61,15.29,3479100,50829651.00,1.3515,,,是,,,,,,否,382225337,257425337,5584312173.57,3760984173.57,,,,15.49,15.59,16.73,19.68,25.56,29.68,35.45,1993-10-18,2018-04-27
2017-05-08,600680,*ST上普,电子元件,14.3,14.81,14.25,14.33,14.61,2444800,35033984.00,0.9497,,,是,,,,,,否,382225337,257425337,5477289079.21,3688905079.21,,,,15.19,15.40,16.45,19.21,25.27,29.51,35.32,1993-10-18,2018-04-27
2017-05-09,600680,*ST上普,电子元件,14.34,14.57,14.03,14.5,14.33,2619300,37979850.00,1.0175,,,是,,,,,,否,382225337,257425337,5542267386.50,3732667386.50,,,,14.96,15.24,16.18,18.76,24.97,29.33,35.19,1993-10-18,2018-04-27
2017-05-10,600680,*ST上普,电子元件,14.56,14.65,13.78,13.8,14.50,3096900,42737220.00,1.2030,,,是,,,,,,否,382225337,257425337,5274709650.60,3552469650.60,,,,14.51,15.09,15.93,18.31,24.67,29.16,35.06,1993-10-18,2018-04-27
2017-05-11,600680,*ST上普,电子元件,13.53,13.62,13.11,13.34,13.80,3765100,50226434.00,1.4626,,,是,,,,,,否,382225337,257425337,5098885995.58,3434053995.58,,,,14.12,14.91,15.70,17.85,24.35,28.98,34.93,1993-10-18,2018-04-27
2017-05-12,600680,*ST上普,电子元件,13.33,13.78,13.03,13.6,13.34,2941200,40000320.00,1.1425,,,是,,,,,,否,382225337,257425337,5198264583.20,3500984583.20,,,,13.91,14.70,15.52,17.39,24.05,28.80,34.80,1993-10-18,2018-04-27
2017-05-15,600680,*ST上普,电子元件,13.61,14.27,13.44,13.9,13.60,2604900,36208110.00,1.0119,,,是,,,,,,否,382225337,257425337,5312932184.30,3578212184.30,,,,13.83,14.51,15.33,16.99,23.75,28.62,34.67,1993-10-18,2018-04-27
2017-05-16,600680,*ST上普,电子元件,13.8,14.47,13.8,14.41,13.90,2860100,41214041.00,1.1110,,,是,,,,,,否,382225337,257425337,5507867106.17,3709499106.17,,,,13.81,14.39,15.18,16.65,23.46,28.45,34.54,1993-10-18,2018-04-27
2017-05-17,600680,*ST上普,电子元件,14.37,14.58,14.24,14.34,14.41,2338800,33538392.00,0.9085,,,是,,,,,,否,382225337,257425337,5481111332.58,3691479332.58,,,,13.92,14.21,15.05,16.34,23.16,28.27,34.41,1993-10-18,2018-04-27
2017-05-18,600680,*ST上普,电子元件,13.92,14.67,13.88,14.41,14.34,2307800,33255398.00,0.8965,,,是,,,,,,否,382225337,257425337,5507867106.17,3709499106.17,,,,14.13,14.12,14.95,16.08,22.85,28.09,34.28,1993-10-18,2018-04-27
2017-05-19,600680,*ST上普,电子元件,14.35,14.59,14.02,14.11,14.41,1970100,27798111.00,0.7653,,,是,,,,,,否,382225337,257425337,5393199505.07,3632271505.07,,,,14.23,14.07,14.83,15.85,22.54,27.91,34.16,1993-10-18,2018-04-27
2017-05-22,600680,*ST上普,电子元件,14.17,14.17,13.4,13.4,14.11,2548900,34155260.00,0.9902,,,是,,,,,,否,382225337,257425337,5121819515.80,3449499515.80,,,,14.13,13.98,14.69,15.62,22.23,27.72,34.04,1993-10-18,2018-04-27
2017-05-23,600680,*ST上普,电子元件,13.31,13.38,12.73,12.74,13.40,2425700,30903418.00,0.9423,,,是,,,,,,否,382225337,257425337,4869550793.38,3279598793.38,,,,13.80,13.80,14.52,15.39,21.89,27.53,33.93,1993-10-18,2018-04-27
2017-05-24,600680,*ST上普,电子元件,12.67,12.94,12.53,12.86,12.74,1606600,20660876.00,0.6241,,,是,,,,,,否,382225337,257425337,4915417833.82,3310489833.82,,,,13.50,13.71,14.40,15.19,21.54,27.34,33.81,1993-10-18,2018-04-27
2017-05-25,600680,*ST上普,电子元件,12.82,13.14,12.73,13.05,12.86,1546600,20183130.00,0.6008,,,是,,,,,,否,382225337,257425337,4988040647.85,3359400647.85,,,,13.23,13.68,14.30,15.03,21.20,27.15,33.70,1993-10-18,2018-04-27
2017-05-26,600680,*ST上普,电子元件,13.12,13.4,13.03,13.26,13.05,1586400,21035664.00,0.6163,,,是,,,,,,否,382225337,257425337,5068307968.62,3413459968.62,,,,13.06,13.65,14.18,14.90,20.87,26.97,33.59,1993-10-18,2018-04-27
2017-05-31,600680,*ST上普,电子元件,13.48,13.5,13.02,13.12,13.26,1321800,17342016.00,0.5135,,,是,,,,,,否,382225337,257425337,5014796421.44,3377420421.44,,,,13.01,13.57,14.04,14.74,20.57,26.79,33.47,1993-10-18,2018-04-27
2017-06-01,600680,*ST上普,电子元件,13.16,13.25,12.48,12.48,13.12,1750800,21849984.00,0.6801,,,是,,,,,,否,382225337,257425337,4770172205.76,3212668205.76,,,,12.95,13.38,13.88,14.58,20.26,26.60,33.34,1993-10-18,2018-04-27
2017-06-02,600680,*ST上普,电子元件,12.38,12.81,12.28,12.76,12.48,1328700,16954212.00,0.5161,,,是,,,,,,否,382225337,257425337,4877195300.12,3284747300.12,,,,12.93,13.22,13.72,14.44,19.96,26.42,33.22,1993-10-18,2018-04-27
2017-06-05,600680,*ST上普,电子元件,12.84,13.1,12.82,13.09,12.76,1487000,19464830.00,0.5776,,,是,,,,,,否,382225337,257425337,5003329661.33,3369697661.33,,,,12.94,13.09,13.61,14.33,19.66,26.23,33.10,1993-10-18,2018-04-27
2017-06-06,600680,*ST上普,电子元件,13.01,13.2,12.93,13.14,13.09,1167900,15346206.00,0.4537,,,是,,,,,,否,382225337,257425337,5022440928.18,3382568928.18,,,,12.92,12.99,13.53,14.22,19.36,26.05,32.99,1993-10-18,2018-04-27
2017-06-07,600680,*ST上普,电子元件,13.14,13.45,13.02,13.4,13.14,1687100,22607140.00,0.6554,,,是,,,,,,否,382225337,257425337,5121819515.80,3449499515.80,,,,12.97,12.99,13.49,14.12,19.06,25.88,32.87,1993-10-18,2018-04-27
2017-06-08,600680,*ST上普,电子元件,13.39,13.46,13.23,13.3,13.40,1387700,18456410.00,0.5391,,,是,,,,,,否,382225337,257425337,5083596982.10,3423756982.10,,,,13.14,13.05,13.43,14.03,18.77,25.72,32.75,1993-10-18,2018-04-27
2017-06-09,600680,*ST上普,电子元件,13.29,13.83,13.21,13.66,13.30,2412000,32947920.00,0.9370,,,是,,,,,,否,382225337,257425337,5221198103.42,3516430103.42,,,,13.32,13.13,13.42,13.97,18.49,25.55,32.64,1993-10-18,2018-04-27
2017-06-12,600680,*ST上普,电子元件,13.48,13.48,12.98,12.98,13.66,2367100,30724958.00,0.9195,,,是,,,,,,否,382225337,257425337,4961284874.26,3341380874.26,,,,13.30,13.12,13.40,13.90,18.19,25.38,32.53,1993-10-18,2018-04-27
2017-06-13,600680,*ST上普,电子元件,12.62,13.19,12.62,13.13,12.98,1321400,17349982.00,0.5133,,,是,,,,,,否,382225337,257425337,5018618674.81,3379994674.81,,,,13.29,13.11,13.38,13.82,17.91,25.22,32.41,1993-10-18,2018-04-27
2017-06-14,600680,*ST上普,电子元件,13.15,13.44,13.03,13.34,13.13,1941000,25892940.00,0.7540,,,是,,,,,,否,382225337,257425337,5098885995.58,3434053995.58,,,,13.28,13.13,13.35,13.74,17.63,25.05,32.30,1993-10-18,2018-04-27
2017-06-15,600680,*ST上普,电子元件,13.3,13.8,13.2,13.55,13.34,2071000,28062050.00,0.8045,,,是,,,,,,否,382225337,257425337,5179153316.35,3488113316.35,,,,13.33,13.23,13.31,13.67,17.36,24.92,32.18,1993-10-18,2018-04-27
2017-06-16,600680,*ST上普,电子元件,13.52,13.8,13.5,13.6,13.55,1298200,17655520.00,0.5043,,,是,,,,,,否,382225337,257425337,5198264583.20,3500984583.20,,,,13.32,13.32,13.27,13.58,17.09,24.79,32.06,1993-10-18,2018-04-27
2017-06-19,600680,*ST上普,电子元件,13.64,13.78,13.55,13.65,13.60,1535700,20962305.00,0.5966,,,是,,,,,,否,382225337,257425337,5217375850.05,3513855850.05,,,,13.45,13.38,13.23,13.53,16.84,24.65,31.94,1993-10-18,2018-04-27
2017-06-20,600680,*ST上普,电子元件,13.75,14.24,13.72,14.11,13.65,3467400,48925014.00,1.3470,,,是,,,,,,否,382225337,257425337,5393199505.07,3632271505.07,,,,13.65,13.47,13.23,13.51,16.59,24.52,31.82,1993-10-18,2018-04-27
2017-06-21,600680,*ST上普,电子元件,14.1,14.39,13.95,14.11,14.11,3006500,42421715.00,1.1679,,,是,,,,,,否,382225337,257425337,5393199505.07,3632271505.07,,,,13.80,13.54,13.27,13.50,16.36,24.38,31.69,1993-10-18,2018-04-27
2017-06-22,600680,*ST上普,电子元件,14.06,14.15,13.6,13.66,14.11,2500400,34155464.00,0.9713,,,是,,,,,,否,382225337,257425337,5221198103.42,3516430103.42,,,,13.83,13.58,13.31,13.48,16.12,24.25,31.56,1993-10-18,2018-04-27
2017-06-23,600680,*ST上普,电子元件,13.5,13.87,13.37,13.67,13.66,2093200,28614044.00,0.8131,,,是,,,,,,否,382225337,257425337,5225020356.79,3519004356.79,,,,13.84,13.58,13.35,13.47,15.89,24.12,31.44,1993-10-18,2018-04-27
2017-06-26,600680,*ST上普,电子元件,13.59,13.84,13.51,13.81,13.67,2115100,29209531.00,0.8216,,,是,,,,,,否,382225337,257425337,5278531903.97,3555043903.97,,,,13.87,13.66,13.39,13.49,15.67,23.98,31.33,1993-10-18,2018-04-27
2017-06-27,600680,*ST上普,电子元件,13.8,14.15,13.73,13.91,13.81,2037200,28337452.00,0.7914,,,是,,,,,,否,382225337,257425337,5316754437.67,3580786437.67,,,,13.83,13.74,13.42,13.50,15.44,23.83,31.22,1993-10-18,2018-04-27
2017-06-28,600680,*ST上普,电子元件,13.84,14.04,13.69,13.82,13.91,1548700,21403034.00,0.6016,,,是,,,,,,否,382225337,257425337,5282354157.34,3557618157.34,,,,13.77,13.79,13.46,13.50,15.24,23.68,31.10,1993-10-18,2018-04-27
2017-06-29,600680,*ST上普,电子元件,13.81,13.88,13.7,13.8,13.82,1189200,16410960.00,0.4620,,,是,,,,,,否,382225337,257425337,5274709650.60,3552469650.60,,,,13.80,13.81,13.52,13.48,15.06,23.52,30.98,1993-10-18,2018-04-27
2017-06-30,600680,*ST上普,电子元件,13.7,13.87,13.65,13.83,13.80,851400,11774862.00,0.3307,,,是,,,,,,否,382225337,257425337,5286176410.71,3560192410.71,,,,13.83,13.84,13.58,13.46,14.90,23.36,30.86,1993-10-18,2018-04-27
2017-07-03,600680,*ST上普,电子元件,13.78,13.9,13.74,13.8,13.83,1543500,21300300.00,0.5996,,,是,,,,,,否,382225337,257425337,5274709650.60,3552469650.60,,,,13.83,13.85,13.61,13.44,14.76,23.21,30.74,1993-10-18,2018-04-27
2017-07-04,600680,*ST上普,电子元件,13.76,13.85,13.72,13.77,13.80,1013000,13949010.00,0.3935,,,是,,,,,,否,382225337,257425337,5263242890.49,3544746890.49,,,,13.80,13.82,13.65,13.43,14.64,23.06,30.63,1993-10-18,2018-04-27
2017-07-05,600680,*ST上普,电子元件,13.75,13.83,13.66,13.78,13.77,1373400,18925452.00,0.5335,,,是,,,,,,否,382225337,257425337,5267065143.86,3547321143.86,,,,13.80,13.79,13.66,13.44,14.53,22.92,30.51,1993-10-18,2018-04-27
2017-07-06,600680,*ST上普,电子元件,13.8,13.81,13.46,13.54,13.78,1925300,26068562.00,0.7479,,,是,,,,,,否,382225337,257425337,5175331062.98,3485539062.98,,,,13.74,13.77,13.68,13.47,14.43,22.78,30.40,1993-10-18,2018-04-27
2017-07-07,600680,*ST上普,电子元件,13.37,13.5,13.36,13.41,13.54,1557600,20887416.00,0.6051,,,是,,,,,,否,382225337,257425337,5125641769.17,3452073769.17,,,,13.66,13.75,13.66,13.48,14.34,22.61,30.28,1993-10-18,2018-04-27
2017-07-10,600680,*ST上普,电子元件,13.44,13.59,13.38,13.45,13.41,1459500,19630275.00,0.5670,,,是,,,,,,否,382225337,257425337,5140930782.65,3462370782.65,,,,13.59,13.71,13.69,13.50,14.26,22.41,30.17,1993-10-18,2018-04-27
2017-07-11,600680,*ST上普,电子元件,13.45,13.68,13.31,13.35,13.45,1361900,18181365.00,0.5290,,,是,,,,,,否,382225337,257425337,5102708248.95,3436628248.95,,,,13.51,13.66,13.70,13.50,14.20,22.22,30.04,1993-10-18,2018-04-27
2017-07-12,600680,*ST上普,电子元件,13.32,13.78,13.13,13.64,13.35,2162700,29499228.00,0.8401,,,是,,,,,,否,382225337,257425337,5213553596.68,3511281596.68,,,,13.48,13.64,13.71,13.52,14.13,22.03,29.92,1993-10-18,2018-04-27
2017-07-13,600680,*ST上普,电子元件,13.58,13.66,13.5,13.55,13.64,1065900,14442945.00,0.4141,,,是,,,,,,否,382225337,257425337,5179153316.35,3488113316.35,,,,13.48,13.61,13.71,13.55,14.07,21.84,29.81,1993-10-18,2018-04-27
2017-07-14,600680,*ST上普,电子元件,13.51,13.65,13.42,13.59,13.55,1424000,19352160.00,0.5532,,,是,,,,,,否,382225337,257425337,5194442329.83,3498410329.83,,,,13.52,13.59,13.71,13.58,14.01,21.66,29.69,1993-10-18,2018-04-27
2017-07-17,600680,*ST上普,电子元件,13.58,13.58,12.91,12.91,13.59,1495900,19312069.00,0.5811,,,是,,,,,,否,382225337,257425337,4934529100.67,3323361100.67,,,,13.41,13.50,13.68,13.58,13.95,21.47,29.57,1993-10-18,2018-04-27
2017-07-18,600680,*ST上普,电子元件,12.29,12.45,12.26,12.26,12.91,3101100,38019486.00,1.2047,,,是,,,,,,否,382225337,257425337,4686082631.62,3156034631.62,,,,13.19,13.35,13.58,13.55,13.88,21.29,29.45,1993-10-18,2018-04-27
2017-07-19,600680,*ST上普,电子元件,12.2,12.3,12.03,12.25,12.26,2316200,28373450.00,0.8998,,,是,,,,,,否,382225337,257425337,4682260378.25,3153460378.25,,,,12.91,13.19,13.49,13.51,13.81,21.09,29.32,1993-10-18,2018-04-27
2017-07-20,600680,*ST上普,电子元件,12.23,12.52,12.15,12.25,12.25,2484400,30433900.00,0.9651,,,是,,,,,,否,382225337,257425337,4682260378.25,3153460378.25,,,,12.65,13.07,13.42,13.47,13.75,20.88,29.20,1993-10-18,2018-04-27
2017-07-21,600680,*ST上普,电子元件,12.3,12.39,12.13,12.17,12.25,1935800,23558686.00,0.7520,,,是,,,,,,否,382225337,257425337,4651682351.29,3132866351.29,,,,12.37,12.94,13.34,13.42,13.70,20.67,29.08,1993-10-18,2018-04-27
2017-07-24,600680,*ST上普,电子元件,12.1,12.23,12.05,12.19,12.17,2018000,24599420.00,0.7839,,,是,,,,,,否,382225337,257425337,4659326858.03,3138014858.03,,,,12.22,12.82,13.26,13.40,13.65,20.49,28.96,1993-10-18,2018-04-27
2017-07-25,600680,*ST上普,电子元件,12.16,12.37,12.14,12.25,12.19,1458100,17861725.00,0.5664,,,是,,,,,,否,382225337,257425337,4682260378.25,3153460378.25,,,,12.22,12.71,13.18,13.37,13.59,20.30,28.83,1993-10-18,2018-04-27
2017-07-26,600680,*ST上普,电子元件,12.28,12.3,12.15,12.25,12.25,1298300,15904175.00,0.5043,,,是,,,,,,否,382225337,257425337,4682260378.25,3153460378.25,,,,12.22,12.57,13.10,13.33,13.53,20.11,28.71,1993-10-18,2018-04-27
2017-07-27,600680,*ST上普,电子元件,12.24,12.48,12.14,12.41,12.25,2207500,27395075.00,0.8575,,,是,,,,,,否,382225337,257425337,4743416432.17,3194648432.17,,,,12.25,12.45,13.03,13.29,13.48,19.94,28.57,1993-10-18,2018-04-27
2017-07-28,600680,*ST上普,电子元件,12.39,12.67,12.38,12.39,12.41,1852500,22952475.00,0.7196,,,是,,,,,,否,382225337,257425337,4735771925.43,3189499925.43,,,,12.30,12.33,12.96,13.25,13.42,19.76,28.45,1993-10-18,2018-04-27
2017-07-31,600680,*ST上普,电子元件,12.36,12.4,12.15,12.22,12.39,2214100,27056302.00,0.8601,,,是,,,,,,否,382225337,257425337,4670793618.14,3145737618.14,,,,12.30,12.26,12.88,13.21,13.37,19.60,28.32,1993-10-18,2018-04-27
2017-08-01,600680,*ST上普,电子元件,12.22,12.37,12.15,12.25,12.22,1512700,18530575.00,0.5876,,,是,,,,,,否,382225337,257425337,4682260378.25,3153460378.25,,,,12.30,12.26,12.81,13.14,13.33,19.44,28.19,1993-10-18,2018-04-27
2017-08-02,600680,*ST上普,电子元件,12.24,12.44,12.24,12.28,12.25,2503400,30741752.00,0.9725,,,是,,,,,,否,382225337,257425337,4693727138.36,3161183138.36,,,,12.31,12.27,12.73,13.08,13.29,19.28,28.06,1993-10-18,2018-04-27
2017-08-03,600680,*ST上普,电子元件,12.22,12.26,12.12,12.2,12.28,1518900,18530580.00,0.5900,,,是,,,,,,否,382225337,257425337,4663149111.40,3140589111.40,,,,12.27,12.26,12.66,13.03,13.25,19.11,27.93,1993-10-18,2018-04-27
2017-08-04,600680,*ST上普,电子元件,12.22,12.26,12.13,12.15,12.20,1301400,15812010.00,0.5055,,,是,,,,,,否,382225337,257425337,4644037844.55,3127717844.55,,,,12.22,12.26,12.60,12.98,13.23,18.95,27.80,1993-10-18,2018-04-27
2017-08-07,600680,*ST上普,电子元件,12.21,12.31,12.15,12.24,12.15,1228500,15036840.00,0.4772,,,是,,,,,,否,382225337,257425337,4678438124.88,3150886124.88,,,,12.22,12.26,12.54,12.93,13.21,18.78,27.67,1993-10-18,2018-04-27
2017-08-08,600680,*ST上普,电子元件,12.21,12.25,12.16,12.19,12.24,1309200,15959148.00,0.5086,,,是,,,,,,否,382225337,257425337,4659326858.03,3138014858.03,,,,12.21,12.26,12.48,12.87,13.19,18.62,27.54,1993-10-18,2018-04-27
2017-08-09,600680,*ST上普,电子元件,12.23,12.45,12.2,12.35,12.19,2082800,25722580.00,0.8091,,,是,,,,,,否,382225337,257425337,4720482911.95,3179202911.95,,,,12.23,12.27,12.42,12.82,13.16,18.45,27.43,1993-10-18,2018-04-27
2017-08-10,600680,*ST上普,电子元件,12.41,12.41,12.15,12.26,12.35,1621800,19883268.00,0.6300,,,是,,,,,,否,382225337,257425337,4686082631.62,3156034631.62,,,,12.24,12.25,12.35,12.77,13.12,18.29,27.31,1993-10-18,2018-04-27
2017-08-11,600680,*ST上普,电子元件,12.18,12.87,12.11,12.87,12.26,3166000,40746420.00,1.2299,,,是,,,,,,是,382225337,257425337,4919240087.19,3313064087.19,,,,12.38,12.30,12.32,12.74,13.10,18.13,27.20,1993-10-18,2018-04-27
2017-08-14,600680,*ST上普,电子元件,12.44,12.75,12.44,12.7,12.87,3144400,39933880.00,1.2215,,,是,,,,,,否,382225337,257425337,4854261779.90,3269301779.90,,,,12.47,12.35,12.31,12.70,13.07,17.96,27.10,1993-10-18,2018-04-27
2017-08-15,600680,*ST上普,电子元件,12.64,13.06,12.6,12.88,12.70,2938200,37844016.00,1.1414,,,是,,,,,,否,382225337,257425337,4923062340.56,3315638340.56,,,,12.61,12.41,12.34,12.67,13.05,17.80,26.99,1993-10-18,2018-04-27
2017-08-16,600680,*ST上普,电子元件,12.86,13.03,12.75,12.95,12.88,1951700,25274515.00,0.7582,,,是,,,,,,否,382225337,257425337,4949818114.15,3333658114.15,,,,12.73,12.48,12.37,12.65,13.04,17.63,26.89,1993-10-18,2018-04-27
2017-08-17,600680,*ST上普,电子元件,12.95,13.52,12.91,13.24,12.95,3194200,42291208.00,1.2408,,,是,,,,,,否,382225337,257425337,5060663461.88,3408311461.88,,,,12.93,12.58,12.42,12.64,13.05,17.47,26.78,1993-10-18,2018-04-27
2017-08-18,600680,*ST上普,电子元件,13.2,13.67,13.13,13.54,13.24,2874600,38922084.00,1.1167,,,是,,,,,,否,382225337,257425337,5175331062.98,3485539062.98,,,,13.06,12.72,12.49,12.64,13.06,17.30,26.68,1993-10-18,2018-04-27
2017-08-21,600680,*ST上普,电子元件,13.52,13.79,13.33,13.36,13.54,3679700,49160792.00,1.4294,,,是,,,,,,否,382225337,257425337,5106530502.32,3439202502.32,,,,13.19,12.83,12.55,12.64,13.07,17.13,26.58,1993-10-18,2018-04-27
2017-08-22,600680,*ST上普,电子元件,13.41,13.47,13.18,13.25,13.36,2490600,33000450.00,0.9675,,,是,,,,,,否,382225337,257425337,5064485715.25,3410885715.25,,,,13.27,12.94,12.60,12.63,13.07,16.97,26.47,1993-10-18,2018-04-27
2017-08-23,600680,*ST上普,电子元件,13.26,13.91,13.26,13.91,13.25,4295700,59753187.00,1.6687,,,是,,,,,,是,382225337,257425337,5316754437.67,3580786437.67,,,,13.46,13.10,12.68,12.64,13.08,16.82,26.37,1993-10-18,2018-04-27
2017-08-24,600680,*ST上普,电子元件,14.05,14.61,13.9,14.22,13.91,8772300,124742106.00,3.4077,,,是,,,,,,否,382225337,257425337,5435244292.14,3660588292.14,,,,13.66,13.29,12.77,12.67,13.11,16.68,26.27,1993-10-18,2018-04-27
2017-08-28,600680,*ST上普,电子元件,14.07,14.32,13.8,14.09,14.22,4749500,66920455.00,1.8450,,,是,,,,,,否,382225337,257425337,5385554998.33,3627122998.33,,,,13.77,13.41,12.86,12.68,13.13,16.54,26.17,1993-10-18,2018-04-27
2017-08-29,600680,*ST上普,电子元件,14.03,14.44,14.01,14.09,14.09,2709200,38172628.00,1.0524,,,是,,,,,,否,382225337,257425337,5385554998.33,3627122998.33,,,,13.91,13.55,12.95,12.72,13.15,16.40,26.07,1993-10-18,2018-04-27
2017-08-30,600680,*ST上普,电子元件,14.0,14.22,13.8,13.84,14.09,2714000,37561760.00,1.0543,,,是,,,,,,否,382225337,257425337,5289998664.08,3562766664.08,,,,14.03,13.65,13.03,12.77,13.16,16.26,25.96,1993-10-18,2018-04-27
2017-08-31,600680,*ST上普,电子元件,13.82,14.07,13.8,13.9,13.84,1613600,22429040.00,0.6268,,,是,,,,,,否,382225337,257425337,5312932184.30,3578212184.30,,,,14.03,13.74,13.11,12.83,13.17,16.12,25.86,1993-10-18,2018-04-27
2017-09-01,600680,*ST上普,电子元件,13.94,14.0,13.83,13.91,13.90,1480500,20593755.00,0.5751,,,是,,,,,,否,382225337,257425337,5316754437.67,3580786437.67,,,,13.97,13.81,13.20,12.88,13.18,15.97,25.75,1993-10-18,2018-04-27
2017-09-04,600680,*ST上普,电子元件,13.84,13.89,13.71,13.76,13.91,1905800,26223808.00,0.7403,,,是,,,,,,否,382225337,257425337,5259420637.12,3542172637.12,,,,13.90,13.83,13.28,12.94,13.18,15.83,25.64,1993-10-18,2018-04-27
2017-09-05,600680,*ST上普,电子元件,13.77,13.9,13.71,13.88,13.76,1176900,16335372.00,0.4572,,,是,,,,,,否,382225337,257425337,5305287677.56,3573063677.56,,,,13.86,13.88,13.36,12.99,13.20,15.70,25.54,1993-10-18,2018-04-27
2017-09-06,600680,*ST上普,电子元件,13.85,14.57,13.77,14.39,13.88,4653700,66966743.00,1.8078,,,是,,,,,,否,382225337,257425337,5500222599.43,3704350599.43,,,,13.97,14.00,13.47,13.07,13.22,15.56,25.44,1993-10-18,2018-04-27
2017-09-07,600680,*ST上普,电子元件,14.44,14.46,14.07,14.08,14.39,2856400,40218112.00,1.1096,,,是,,,,,,否,382225337,257425337,5381732744.96,3624548744.96,,,,14.00,14.02,13.56,13.13,13.23,15.43,25.33,1993-10-18,2018-04-27
2017-09-08,600680,*ST上普,电子元件,14.09,14.34,14.06,14.19,14.08,1692900,24022251.00,0.6576,,,是,,,,,,否,382225337,257425337,5423777532.03,3652865532.03,,,,14.06,14.01,13.65,13.19,13.24,15.30,25.23,1993-10-18,2018-04-27
2017-09-11,600680,*ST上普,电子元件,14.23,14.89,14.23,14.87,14.19,4031300,59945431.00,1.5660,,,是,,,,,,否,382225337,257425337,5683690761.19,3827914761.19,,,,14.28,14.09,13.75,13.27,13.26,15.18,25.13,1993-10-18,2018-04-27
2017-09-12,600680,*ST上普,电子元件,15.11,15.61,14.88,15.25,14.87,8250600,125821650.00,3.2050,,,是,,,,,,否,382225337,257425337,5828936389.25,3925736389.25,,,,14.56,14.21,13.88,13.37,13.29,15.06,25.03,1993-10-18,2018-04-27
2017-09-13,600680,*ST上普,电子元件,15.13,15.18,14.81,14.92,15.25,3424500,51093540.00,1.3303,,,是,,,,,,否,382225337,257425337,5702802028.04,3840786028.04,,,,14.66,14.32,13.98,13.46,13.30,14.95,24.93,1993-10-18,2018-04-27
2017-09-14,600680,*ST上普,电子元件,14.91,15.27,14.76,14.76,14.92,2909000,42936840.00,1.1300,,,是,,,,,,否,382225337,257425337,5641645974.12,3799597974.12,,,,14.80,14.40,14.07,13.54,13.31,14.84,24.83,1993-10-18,2018-04-27
2017-09-15,600680,*ST上普,电子元件,14.8,14.83,14.51,14.77,14.76,2278200,33649014.00,0.8850,,,是,,,,,,否,382225337,257425337,5645468227.49,3802172227.49,,,,14.91,14.49,14.15,13.63,13.33,14.72,24.73,1993-10-18,2018-04-27
2017-09-18,600680,*ST上普,电子元件,14.79,14.89,14.56,14.6,14.77,2354400,34374240.00,0.9146,,,是,,,,,,否,382225337,257425337,5580489920.20,3758409920.20,,,,14.86,14.57,14.20,13.71,13.35,14.62,24.64,1993-10-18,2018-04-27
2017-09-19,600680,*ST上普,电子元件,14.56,14.65,14.41,14.43,14.60,1935100,27923493.00,0.7517,,,是,,,,,,否,382225337,257425337,5515511612.91,3714647612.91,,,,14.70,14.63,14.26,13.78,13.36,14.51,24.54,1993-10-18,2018-04-27
2017-09-20,600680,*ST上普,电子元件,14.43,14.87,14.41,14.8,14.43,1943800,28768240.00,0.7551,,,是,,,,,,否,382225337,257425337,5656934987.60,3809894987.60,,,,14.67,14.67,14.33,13.87,13.37,14.41,24.44,1993-10-18,2018-04-27
2017-09-21,600680,*ST上普,电子元件,14.78,14.95,14.46,14.48,14.80,1885200,27297696.00,0.7323,,,是,,,,,,否,382225337,257425337,5534622879.76,3727518879.76,,,,14.62,14.71,14.36,13.94,13.38,14.31,24.34,1993-10-18,2018-04-27
2017-09-22,600680,*ST上普,电子元件,14.63,14.68,14.45,14.54,14.48,1294600,18823484.00,0.5029,,,是,,,,,,否,382225337,257425337,5557556399.98,3742964399.98,,,,14.57,14.74,14.38,14.02,13.39,14.23,24.24,1993-10-18,2018-04-27
2017-09-25,600680,*ST上普,电子元件,14.55,14.65,13.97,14.01,14.54,1962100,27489021.00,0.7622,,,是,,,,,,否,382225337,257425337,5354976971.37,3606528971.37,,,,14.45,14.66,14.37,14.05,13.40,14.15,24.14,1993-10-18,2018-04-27
2017-09-26,600680,*ST上普,电子元件,14.01,14.01,13.31,13.33,14.01,4998400,66628672.00,1.9417,,,是,,,,,,否,382225337,257425337,5095063742.21,3431479742.21,,,,14.23,14.46,14.34,14.07,13.39,14.07,24.04,1993-10-18,2018-04-27
2017-09-27,600680,*ST上普,电子元件,13.34,13.54,13.34,13.41,13.33,1750800,23478228.00,0.6801,,,是,,,,,,否,382225337,257425337,5125641769.17,3452073769.17,,,,13.95,14.31,14.31,14.09,13.38,14.01,23.95,1993-10-18,2018-04-27
2017-09-28,600680,*ST上普,电子元件,13.4,13.57,13.4,13.43,13.41,1321400,17746402.00,0.5133,,,是,,,,,,否,382225337,257425337,5133286275.91,3457222275.91,,,,13.74,14.18,14.29,14.11,13.38,13.95,23.85,1993-10-18,2018-04-27
2017-09-29,600680,*ST上普,电子元件,13.43,13.89,13.39,13.81,13.43,1719700,23749057.00,0.6680,,,是,,,,,,否,382225337,257425337,5278531903.97,3555043903.97,,,,13.60,14.08,14.29,14.13,13.38,13.90,23.75,1993-10-18,2018-04-27
2017-10-09,600680,*ST上普,电子元件,14.0,14.02,13.68,13.75,13.81,1584700,21789625.00,0.6156,,,是,,,,,,否,382225337,257425337,5255598383.75,3539598383.75,,,,13.55,14.00,14.29,14.13,13.39,13.86,23.66,1993-10-18,2018-04-27
2017-10-10,600680,*ST上普,电子元件,13.78,13.94,13.67,13.85,13.75,1177100,16302835.00,0.4573,,,是,,,,,,否,382225337,257425337,5293820917.45,3565340917.45,,,,13.65,13.94,14.28,14.15,13.39,13.83,23.56,1993-10-18,2018-04-27
2017-10-11,600680,*ST上普,电子元件,13.86,13.92,13.7,13.77,13.85,1195900,16467543.00,0.4646,,,是,,,,,,否,382225337,257425337,5263242890.49,3544746890.49,,,,13.72,13.84,14.25,14.17,13.40,13.80,23.47,1993-10-18,2018-04-27
2017-10-12,600680,*ST上普,电子元件,13.76,13.83,13.45,13.56,13.77,1514300,20533908.00,0.5882,,,是,,,,,,否,382225337,257425337,5182975569.72,3490687569.72,,,,13.75,13.75,14.23,14.16,13.40,13.77,23.38,1993-10-18,2018-04-27
2017-10-13,600680,*ST上普,电子元件,13.58,13.77,13.56,13.72,13.56,1142400,15673728.00,0.4438,,,是,,,,,,否,382225337,257425337,5244131623.64,3531875623.64,,,,13.73,13.66,14.20,14.14,13.40,13.73,23.30,1993-10-18,2018-04-27
2017-10-16,600680,*ST上普,电子元件,13.74,14.05,13.61,13.77,13.72,2287400,31497498.00,0.8886,,,是,,,,,,否,382225337,257425337,5263242890.49,3544746890.49,,,,13.73,13.64,14.15,14.13,13.41,13.71,23.21,1993-10-18,2018-04-27
2017-10-17,600680,*ST上普,电子元件,13.8,14.07,13.7,13.9,13.77,1812800,25197920.00,0.7042,,,是,,,,,,否,382225337,257425337,5312932184.30,3578212184.30,,,,13.74,13.70,14.08,14.12,13.42,13.69,23.13,1993-10-18,2018-04-27
2017-10-18,600680,*ST上普,电子元件,13.9,14.55,13.8,14.11,13.90,2672700,37711797.00,1.0382,,,是,,,,,,否,382225337,257425337,5393199505.07,3632271505.07,,,,13.81,13.77,14.04,14.13,13.45,13.67,23.04,1993-10-18,2018-04-27
2017-10-19,600680,*ST上普,电子元件,13.93,14.39,13.93,13.95,14.11,2101000,29308950.00,0.8162,,,是,,,,,,否,382225337,257425337,5332043451.15,3591083451.15,,,,13.89,13.82,14.00,14.13,13.48,13.65,22.96,1993-10-18,2018-04-27
2017-10-20,600680,*ST上普,电子元件,13.85,14.19,13.85,14.05,13.95,1490800,20945740.00,0.5791,,,是,,,,,,否,382225337,257425337,5370265984.85,3616825984.85,,,,13.96,13.84,13.96,14.14,13.51,13.63,22.87,1993-10-18,2018-04-27
2017-10-23,600680,*ST上普,电子元件,14.02,14.65,14.0,14.52,14.05,2960200,42982104.00,1.1499,,,是,,,,,,否,382225337,257425337,5549911893.24,3737815893.24,,,,14.11,13.92,13.96,14.16,13.55,13.62,22.79,1993-10-18,2018-04-27
2017-10-24,600680,*ST上普,电子元件,14.55,14.83,14.28,14.43,14.52,3030200,43725786.00,1.1771,,,是,,,,,,否,382225337,257425337,5515511612.91,3714647612.91,,,,14.21,13.98,13.96,14.18,13.59,13.62,22.70,1993-10-18,2018-04-27
2017-10-25,600680,*ST上普,电子元件,14.45,14.48,14.2,14.3,14.43,1808200,25857260.00,0.7024,,,是,,,,,,否,382225337,257425337,5465822319.10,3681182319.10,,,,14.25,14.03,13.93,14.18,13.62,13.61,22.61,1993-10-18,2018-04-27
2017-10-26,600680,*ST上普,电子元件,14.35,14.7,14.11,14.4,14.30,2163200,31150080.00,0.8403,,,是,,,,,,否,382225337,257425337,5504044852.80,3706924852.80,,,,14.34,14.12,13.93,14.19,13.66,13.60,22.53,1993-10-18,2018-04-27
2017-10-30,600680,*ST上普,电子元件,14.07,14.3,13.68,13.68,14.40,2685200,36733536.00,1.0431,,,是,,,,,,否,382225337,257425337,5228842610.16,3521578610.16,,,,14.27,14.11,13.89,14.17,13.68,13.58,22.44,1993-10-18,2018-04-27
2017-10-31,600680,*ST上普,电子元件,13.44,13.44,13.01,13.19,13.68,3376600,44537354.00,1.3117,,,是,,,,,,否,382225337,257425337,5041552195.03,3395440195.03,,,,14.00,14.05,13.85,14.12,13.69,13.56,22.35,1993-10-18,2018-04-27
2017-11-01,600680,*ST上普,电子元件,13.09,13.28,13.07,13.22,13.19,1348700,17829814.00,0.5239,,,是,,,,,,否,382225337,257425337,5053018955.14,3403162955.14,,,,13.76,13.98,13.84,14.05,13.71,13.54,22.26,1993-10-18,2018-04-27
2017-11-02,600680,*ST上普,电子元件,13.11,13.22,12.58,12.58,13.22,2542200,31980876.00,0.9875,,,是,,,,,,否,382225337,257425337,4808394739.46,3238410739.46,,,,13.41,13.83,13.80,13.97,13.71,13.52,22.16,1993-10-18,2018-04-27
2017-11-03,600680,*ST上普,电子元件,12.59,12.79,12.51,12.68,12.58,1513100,19186108.00,0.5878,,,是,,,,,,否,382225337,257425337,4846617273.16,3264153273.16,,,,13.07,13.70,13.76,13.90,13.72,13.51,22.07,1993-10-18,2018-04-27
2017-11-06,600680,*ST上普,电子元件,12.75,12.89,12.53,12.81,12.68,1269100,16257171.00,0.4930,,,是,,,,,,否,382225337,257425337,4896306566.97,3297618566.97,,,,12.90,13.58,13.71,13.84,13.73,13.49,21.98,1993-10-18,2018-04-27
2017-11-07,600680,*ST上普,电子元件,12.74,12.95,12.72,12.83,12.81,1040600,13350898.00,0.4042,,,是,,,,,,否,382225337,257425337,4903951073.71,3302767073.71,,,,12.82,13.41,13.67,13.78,13.74,13.49,21.88,1993-10-18,2018-04-27
2017-11-08,600680,*ST上普,电子元件,12.83,13.1,12.74,12.95,12.83,1107100,14336945.00,0.4301,,,是,,,,,,否,382225337,257425337,4949818114.15,3333658114.15,,,,12.77,13.26,13.62,13.73,13.75,13.48,21.79,1993-10-18,2018-04-27
2017-11-09,600680,*ST上普,电子元件,12.93,13.15,12.91,13.02,12.95,1082100,14088942.00,0.4204,,,是,,,,,,否,382225337,257425337,4976573887.74,3351677887.74,,,,12.86,13.14,13.58,13.67,13.77,13.48,21.70,1993-10-18,2018-04-27
2017-11-10,600680,*ST上普,电子元件,12.95,13.08,12.91,12.95,13.02,772200,9999990.00,0.3000,,,是,,,,,,否,382225337,257425337,4949818114.15,3333658114.15,,,,12.91,12.99,13.55,13.62,13.78,13.47,21.61,1993-10-18,2018-04-27
2017-11-13,600680,*ST上普,电子元件,12.78,12.78,12.3,12.34,12.95,3165900,39067206.00,1.2298,,,是,,,,,,否,382225337,257425337,4716660658.58,3176628658.58,,,,12.82,12.86,13.48,13.54,13.78,13.45,21.52,1993-10-18,2018-04-27
2017-11-14,600680,*ST上普,电子元件,12.35,12.53,12.2,12.36,12.34,1384800,17116128.00,0.5379,,,是,,,,,,否,382225337,257425337,4724305165.32,3181777165.32,,,,12.72,12.77,13.41,13.49,13.77,13.44,21.43,1993-10-18,2018-04-27
2017-11-15,600680,*ST上普,电子元件,12.34,12.48,12.06,12.21,12.36,1037400,12666654.00,0.4030,,,是,,,,,,否,382225337,257425337,4666971364.77,3143163364.77,,,,12.58,12.67,13.33,13.45,13.76,13.42,21.33,1993-10-18,2018-04-27
2017-11-16,600680,*ST上普,电子元件,12.21,12.53,12.12,12.41,12.21,1300700,16141687.00,0.5053,,,是,,,,,,否,382225337,257425337,4743416432.17,3194648432.17,,,,12.45,12.66,13.24,13.42,13.76,13.40,21.24,1993-10-18,2018-04-27
2017-11-17,600680,*ST上普,电子元件,12.31,12.43,11.79,11.79,12.41,2521800,29732022.00,0.9796,,,是,,,,,,否,382225337,257425337,4506436723.23,3035044723.23,,,,12.22,12.57,13.14,13.36,13.74,13.39,21.15,1993-10-18,2018-04-27
2017-11-20,600680,*ST上普,电子元件,11.2,11.52,11.2,11.2,11.79,1231400,13791680.00,0.4784,,,是,,,,,,否,382225337,257425337,4280923774.40,2883163774.40,,,,11.99,12.41,12.99,13.28,13.70,13.38,21.05,1993-10-18,2018-04-27
2017-11-21,600680,*ST上普,电子元件,10.72,11.08,10.65,10.81,11.20,3680200,39782962.00,1.4296,,,是,,,,,,否,382225337,257425337,4131855892.97,2782767892.97,,,,11.68,12.20,12.81,13.18,13.66,13.36,20.96,1993-10-18,2018-04-27
2017-11-22,600680,*ST上普,电子元件,10.74,10.85,10.7,10.79,10.81,1366100,14740219.00,0.5307,,,是,,,,,,否,382225337,257425337,4124211386.23,2777619386.23,,,,11.40,11.99,12.63,13.08,13.61,13.34,20.86,1993-10-18,2018-04-27
2017-11-23,600680,*ST上普,电子元件,10.65,10.75,10.25,10.25,10.79,2394200,24540550.00,0.9301,,,是,,,,,,否,382225337,257425337,3917809704.25,2638609704.25,,,,10.97,11.71,12.42,12.96,13.56,13.32,20.76,1993-10-18,2018-04-27
2017-11-24,600680,*ST上普,电子元件,10.08,10.46,9.92,10.35,10.25,1865500,19307925.00,0.7247,,,是,,,,,,否,382225337,257425337,3956032237.95,2664352237.95,,,,10.68,11.45,12.22,12.85,13.50,13.29,20.66,1993-10-18,2018-04-27
2017-11-27,600680,*ST上普,电子元件,10.25,10.34,10.0,10.08,10.35,1197700,12072816.00,0.4653,,,是,,,,,,否,382225337,257425337,3852831396.96,2594847396.96,,,,10.46,11.22,12.04,12.73,13.44,13.27,20.56,1993-10-18,2018-04-27
2017-11-28,600680,*ST上普,电子元件,10.22,10.32,10.11,10.27,10.08,1215900,12487293.00,0.4723,,,是,,,,,,否,382225337,257425337,3925454210.99,2643758210.99,,,,10.35,11.02,11.89,12.61,13.37,13.25,20.46,1993-10-18,2018-04-27
2017-11-29,600680,*ST上普,电子元件,10.23,10.25,9.82,9.98,10.27,1937100,19332258.00,0.7525,,,是,,,,,,否,382225337,257425337,3814608863.26,2569104863.26,,,,10.19,10.79,11.73,12.48,13.30,13.23,20.35,1993-10-18,2018-04-27
2017-11-30,600680,*ST上普,电子元件,9.98,10.04,9.82,9.9,9.98,1106900,10958310.00,0.4300,,,是,,,,,,否,382225337,257425337,3784030836.30,2548510836.30,,,,10.12,10.54,11.60,12.34,13.24,13.20,20.25,1993-10-18,2018-04-27
2017-12-01,600680,*ST上普,电子元件,9.89,10.0,9.8,9.97,9.90,946600,9437602.00,0.3677,,,是,,,,,,否,382225337,257425337,3810786609.89,2566530609.89,,,,10.04,10.36,11.46,12.21,13.17,13.17,20.15,1993-10-18,2018-04-27
2017-12-04,600680,*ST上普,电子元件,9.96,10.08,9.86,9.86,9.97,1172100,11556906.00,0.4553,,,是,,,,,,否,382225337,257425337,3768741822.82,2538213822.82,,,,10.00,10.23,11.32,12.07,13.10,13.14,20.05,1993-10-18,2018-04-27
2017-12-05,600680,*ST上普,电子元件,9.85,10.08,9.37,9.37,9.86,2075200,19444624.00,0.8061,,,是,,,,,,否,382225337,257425337,3581451407.69,2412075407.69,,,,9.82,10.08,11.14,11.90,13.03,13.11,19.94,1993-10-18,2018-04-27
2017-12-06,600680,*ST上普,电子元件,9.22,9.5,9.07,9.43,9.37,1742200,16428946.00,0.6768,,,是,,,,,,否,382225337,257425337,3604384927.91,2427520927.91,,,,9.71,9.95,10.97,11.73,12.96,13.08,19.83,1993-10-18,2018-04-27
2017-12-07,600680,*ST上普,电子元件,9.35,9.4,9.25,9.36,9.43,1048500,9813960.00,0.4073,,,是,,,,,,否,382225337,257425337,3577629154.32,2409501154.32,,,,9.60,9.86,10.78,11.57,12.87,13.04,19.73,1993-10-18,2018-04-27
2017-12-08,600680,*ST上普,电子元件,9.34,9.55,9.33,9.49,9.36,739400,7016906.00,0.2872,,,是,,,,,,否,382225337,257425337,3627318448.13,2442966448.13,,,,9.50,9.77,10.61,11.40,12.80,13.01,19.63,1993-10-18,2018-04-27
2017-12-11,600680,*ST上普,电子元件,9.49,9.96,9.44,9.96,9.49,1183000,11782680.00,0.4596,,,是,,,,,,是,382225337,257425337,3806964356.52,2563956356.52,,,,9.52,9.76,10.49,11.28,12.73,12.98,19.53,1993-10-18,2018-04-27
2017-12-12,600680,*ST上普,电子元件,10.0,10.35,9.85,9.89,9.96,2723300,26933437.00,1.0579,,,是,,,,,,否,382225337,257425337,3780208582.93,2545936582.93,,,,9.63,9.72,10.37,11.17,12.64,12.95,19.43,1993-10-18,2018-04-27
2017-12-13,600680,*ST上普,电子元件,9.89,10.18,9.89,10.13,9.89,1594700,16154311.00,0.6195,,,是,,,,,,否,382225337,257425337,3871942663.81,2607718663.81,,,,9.77,9.74,10.26,11.07,12.56,12.92,19.33,1993-10-18,2018-04-27
2017-12-14,600680,*ST上普,电子元件,10.21,10.47,10.02,10.31,10.13,1906600,19657046.00,0.7406,,,是,,,,,,否,382225337,257425337,3940743224.47,2654055224.47,,,,9.96,9.78,10.16,10.99,12.48,12.89,19.23,1993-10-18,2018-04-27
2017-12-15,600680,*ST上普,电子元件,10.32,10.32,10.02,10.15,10.31,1133800,11508070.00,0.4404,,,是,,,,,,否,382225337,257425337,3879587170.55,2612867170.55,,,,10.09,9.79,10.08,10.91,12.40,12.86,19.14,1993-10-18,2018-04-27
2017-12-18,600680,*ST上普,电子元件,10.04,10.17,9.91,9.92,10.15,1071700,10631264.00,0.4163,,,是,,,,,,否,382225337,257425337,3791675343.04,2553659343.04,,,,10.08,9.80,10.01,10.81,12.32,12.83,19.05,1993-10-18,2018-04-27
2017-12-19,600680,*ST上普,电子元件,10.0,10.13,9.88,10.07,9.92,689600,6944272.00,0.2679,,,是,,,,,,否,382225337,257425337,3849009143.59,2592273143.59,,,,10.12,9.87,9.98,10.72,12.25,12.80,18.95,1993-10-18,2018-04-27
2017-12-20,600680,*ST上普,电子元件,10.02,10.47,10.02,10.2,10.07,1287700,13134540.00,0.5002,,,是,,,,,,否,382225337,257425337,3898698437.40,2625738437.40,,,,10.13,9.95,9.95,10.63,12.18,12.77,18.86,1993-10-18,2018-04-27
2017-12-21,600680,*ST上普,电子元件,10.29,10.29,9.91,10.09,10.20,1135100,11453159.00,0.4409,,,是,,,,,,否,382225337,257425337,3856653650.33,2597421650.33,,,,10.09,10.02,9.94,10.53,12.10,12.73,18.77,1993-10-18,2018-04-27
2017-12-22,600680,*ST上普,电子元件,10.08,10.42,10.02,10.28,10.09,894700,9197516.00,0.3476,,,是,,,,,,否,382225337,257425337,3929276464.36,2646332464.36,,,,10.11,10.10,9.94,10.44,12.03,12.71,18.68,1993-10-18,2018-04-27
2017-12-25,600680,*ST上普,电子元件,10.22,10.29,9.93,9.96,10.28,1002000,9979920.00,0.3892,,,是,,,,,,否,382225337,257425337,3806964356.52,2563956356.52,,,,10.12,10.10,9.93,10.36,11.95,12.67,18.60,1993-10-18,2018-04-27
2017-12-26,600680,*ST上普,电子元件,10.01,10.21,9.98,10.1,9.96,896500,9054650.00,0.3483,,,是,,,,,,否,382225337,257425337,3860475903.70,2599995903.70,,,,10.13,10.12,9.92,10.29,11.89,12.64,18.52,1993-10-18,2018-04-27
2017-12-27,600680,*ST上普,电子元件,10.1,10.25,10.03,10.11,10.10,898100,9079791.00,0.3489,,,是,,,,,,否,382225337,257425337,3864298157.07,2602570157.07,,,,10.11,10.12,9.93,10.22,11.83,12.61,18.44,1993-10-18,2018-04-27
2017-12-28,600680,*ST上普,电子元件,10.25,10.62,10.23,10.62,10.11,1216400,12918168.00,0.4725,,,是,,,,,,是,382225337,257425337,4059233078.94,2733857078.94,,,,10.21,10.15,9.96,10.16,11.79,12.59,18.36,1993-10-18,2018-04-27
2017-12-29,600680,*ST上普,电子元件,10.9,10.9,10.28,10.46,10.62,1974800,20656408.00,0.7671,,,是,,,,,,否,382225337,257425337,3998077025.02,2692669025.02,,,,10.25,10.18,9.99,10.11,11.74,12.56,18.28,1993-10-18,2018-04-27
2018-01-02,600680,*ST上普,电子元件,10.53,10.55,10.29,10.44,10.46,1028800,10740672.00,0.3996,,,是,,,,,,否,382225337,257425337,3990432518.28,2687520518.28,,,,10.35,10.23,10.02,10.09,11.68,12.53,18.21,1993-10-18,2018-04-27
2018-01-03,600680,*ST上普,电子元件,10.36,10.6,10.36,10.52,10.44,1254500,13197340.00,0.4873,,,是,,,,,,否,382225337,257425337,4021010545.24,2708114545.24,,,,10.43,10.28,10.07,10.08,11.63,12.51,18.13,1993-10-18,2018-04-27
2018-01-04,600680,*ST上普,电子元件,10.5,10.59,10.32,10.41,10.52,1031500,10737915.00,0.4007,,,是,,,,,,否,382225337,257425337,3978965758.17,2679797758.17,,,,10.49,10.30,10.12,10.06,11.57,12.48,18.05,1993-10-18,2018-04-27
2018-01-05,600680,*ST上普,电子元件,10.4,10.44,10.32,10.33,10.41,736700,7610111.00,0.2862,,,是,,,,,,否,382225337,257425337,3948387731.21,2659203731.21,,,,10.43,10.32,10.17,10.07,11.51,12.46,17.96,1993-10-18,2018-04-27
2018-01-08,600680,*ST上普,电子元件,10.31,10.38,10.05,10.08,10.33,1480300,14921424.00,0.5750,,,是,,,,,,否,382225337,257425337,3852831396.96,2594847396.96,,,,10.36,10.30,10.20,10.06,11.46,12.43,17.88,1993-10-18,2018-04-27
2018-01-09,600680,*ST上普,电子元件,10.13,10.14,10.0,10.01,10.08,954900,9558549.00,0.3709,,,是,,,,,,否,382225337,257425337,3826075623.37,2576827623.37,,,,10.27,10.31,10.20,10.06,11.39,12.40,17.78,1993-10-18,2018-04-27
2018-01-10,600680,*ST上普,电子元件,9.95,9.95,9.51,9.51,10.01,2872100,27313671.00,1.1157,,,是,,,,,,否,382225337,257425337,3634962954.87,2448114954.87,,,,10.07,10.25,10.18,10.03,11.32,12.36,17.69,1993-10-18,2018-04-27
2018-01-11,600680,*ST上普,电子元件,9.26,9.55,9.21,9.51,9.51,1649600,15687696.00,0.6408,,,是,,,,,,否,382225337,257425337,3634962954.87,2448114954.87,,,,9.89,10.19,10.15,10.01,11.25,12.34,17.60,1993-10-18,2018-04-27
2018-01-12,600680,*ST上普,电子元件,9.47,9.99,9.46,9.65,9.51,1206500,11642725.00,0.4687,,,是,,,,,,否,382225337,257425337,3688474502.05,2484154502.05,,,,9.75,10.09,10.12,10.01,11.17,12.31,17.51,1993-10-18,2018-04-27
2018-01-15,600680,*ST上普,电子元件,9.54,9.57,9.17,9.17,9.65,1528900,14020013.00,0.5939,,,是,,,,,,否,382225337,257425337,3505006340.29,2360590340.29,,,,9.57,9.96,10.07,9.98,11.10,12.29,17.43,1993-10-18,2018-04-27
2018-01-16,600680,*ST上普,电子元件,9.03,9.44,9.03,9.22,9.17,688300,6346126.00,0.2674,,,是,,,,,,否,382225337,257425337,3524117607.14,2373461607.14,,,,9.41,9.84,10.04,9.96,11.01,12.26,17.34,1993-10-18,2018-04-27
2018-01-17,600680,*ST上普,电子元件,9.21,9.27,8.77,9.02,9.22,1593500,14373370.00,0.6190,,,是,,,,,,否,382225337,257425337,3447672539.74,2321976539.74,,,,9.31,9.69,9.98,9.95,10.92,12.24,17.24,1993-10-18,2018-04-27
2018-01-18,600680,*ST上普,电子元件,8.98,9.47,8.98,9.47,9.02,1681400,15922858.00,0.6532,,,是,,,,,,是,382225337,257425337,3619673941.39,2437817941.39,,,,9.31,9.60,9.95,9.95,10.84,12.21,17.13,1993-10-18,2018-04-27
2018-01-19,600680,*ST上普,电子元件,9.52,9.78,9.22,9.63,9.47,2057900,19817577.00,0.7994,,,是,,,,,,否,382225337,257425337,3680829995.31,2479005995.31,,,,9.30,9.53,9.93,9.96,10.76,12.19,17.03,1993-10-18,2018-04-27
2018-01-22,600680,*ST上普,电子元件,9.63,9.65,9.41,9.59,9.63,672200,6446398.00,0.2611,,,是,,,,,,否,382225337,257425337,3665540981.83,2468708981.83,,,,9.39,9.48,9.89,9.96,10.68,12.17,16.92,1993-10-18,2018-04-27
2018-01-23,600680,*ST上普,电子元件,9.52,9.62,9.45,9.5,9.59,785000,7457500.00,0.3049,,,是,,,,,,否,382225337,257425337,3631140701.50,2445540701.50,,,,9.44,9.43,9.87,9.94,10.61,12.15,16.81,1993-10-18,2018-04-27
2018-01-24,600680,*ST上普,电子元件,9.5,9.59,9.45,9.54,9.50,467000,4455180.00,0.1814,,,是,,,,,,否,382225337,257425337,3646429714.98,2455837714.98,,,,9.55,9.43,9.84,9.93,10.55,12.12,16.71,1993-10-18,2018-04-27
2018-01-25,600680,*ST上普,电子元件,9.47,9.57,9.46,9.51,9.54,651200,6192912.00,0.2530,,,是,,,,,,否,382225337,257425337,3634962954.87,2448114954.87,,,,9.55,9.43,9.81,9.91,10.49,12.10,16.60,1993-10-18,2018-04-27
2018-01-26,600680,*ST上普,电子元件,9.52,9.56,9.43,9.48,9.51,445600,4224288.00,0.1731,,,是,,,,,,否,382225337,257425337,3623496194.76,2440392194.76,,,,9.52,9.41,9.75,9.88,10.44,12.08,16.51,1993-10-18,2018-04-27
2018-01-29,600680,*ST上普,电子元件,9.49,9.54,9.06,9.13,9.48,1210900,11055517.00,0.4704,,,是,,,,,,否,382225337,257425337,3489717326.81,2350293326.81,,,,9.43,9.41,9.69,9.85,10.38,12.05,16.40,1993-10-18,2018-04-27
2018-01-30,600680,*ST上普,电子元件,9.13,9.35,9.04,9.07,9.13,671200,6087784.00,0.2607,,,是,,,,,,否,382225337,257425337,3466783806.59,2334847806.59,,,,9.35,9.39,9.62,9.82,10.32,12.02,16.28,1993-10-18,2018-04-27
2018-01-31,600680,*ST上普,电子元件,8.62,8.62,8.62,8.62,9.07,222700,1919674.00,0.0865,,,是,,,,,,否,382225337,257425337,3294782404.94,2219006404.94,,,,9.16,9.35,9.52,9.77,10.25,11.99,16.17,1993-10-18,2018-04-27
2018-02-01,600680,*ST上普,电子元件,8.19,8.19,8.19,8.19,8.62,103900,850941.00,0.0404,,,是,,,,,,否,382225337,257425337,3130425510.03,2108313510.03,,,,8.90,9.23,9.41,9.71,10.17,11.96,16.07,1993-10-18,2018-04-27
2018-02-02,600680,*ST上普,电子元件,7.78,7.78,7.78,7.78,8.19,134100,1043298.00,0.0521,,,是,,,,,,否,382225337,257425337,2973713121.86,2002769121.86,,,,8.56,9.04,9.28,9.63,10.08,11.92,15.96,1993-10-18,2018-04-27
2018-02-05,600680,*ST上普,电子元件,7.39,7.39,7.39,7.39,7.78,100300,741217.00,0.0390,,,是,,,,,,否,382225337,257425337,2824645240.43,1902373240.43,,,,8.21,8.82,9.15,9.53,9.99,11.88,15.85,1993-10-18,2018-04-27
2018-02-06,600680,*ST上普,电子元件,7.02,7.02,7.02,7.02,7.39,57900,406458.00,0.0225,,,是,,,,,,否,382225337,257425337,2683221865.74,1807125865.74,,,,7.80,8.57,9.00,9.44,9.90,11.84,15.74,1993-10-18,2018-04-27
2018-02-07,600680,*ST上普,电子元件,6.67,6.67,6.67,6.67,7.02,121600,811072.00,0.0472,,,是,,,,,,否,382225337,257425337,2549442997.79,1717026997.79,,,,7.41,8.29,8.86,9.32,9.80,11.79,15.63,1993-10-18,2018-04-27
2018-02-08,600680,*ST上普,电子元件,6.34,6.57,6.34,6.34,6.67,6758400,42848256.00,2.6254,,,是,,,,,,否,382225337,257425337,2423308636.58,1632076636.58,,,,7.04,7.97,8.70,9.20,9.71,11.73,15.53,1993-10-18,2018-04-27
2018-02-09,600680,*ST上普,电子元件,6.02,6.12,6.02,6.02,6.34,2499100,15044582.00,0.9708,,,是,,,,,,否,382225337,257425337,2300996528.74,1549700528.74,,,,6.69,7.62,8.52,9.04,9.60,11.68,15.43,1993-10-18,2018-04-27
2018-02-12,600680,*ST上普,电子元件,5.98,6.1,5.9,6.05,6.02,1774500,10735725.00,0.6893,,,是,,,,,,否,382225337,257425337,2312463288.85,1557423288.85,,,,6.42,7.31,8.36,8.90,9.50,11.62,15.33,1993-10-18,2018-04-27
2018-02-13,600680,*ST上普,电子元件,6.08,6.09,5.75,5.75,6.05,3357600,19306200.00,1.3043,,,是,,,,,,否,382225337,257425337,2197795687.75,1480195687.75,,,,6.17,6.98,8.19,8.74,9.41,11.56,15.23,1993-10-18,2018-04-27
2018-02-14,600680,*ST上普,电子元件,5.77,5.96,5.71,5.9,5.75,1820000,10738000.00,0.7070,,,是,,,,,,否,382225337,257425337,2255129488.30,1518809488.30,,,,6.01,6.71,8.03,8.59,9.33,11.49,15.12,1993-10-18,2018-04-27
2018-02-22,600680,*ST上普,电子元件,5.93,6.04,5.88,6.03,5.90,1676000,10106280.00,0.6511,,,是,,,,,,否,382225337,257425337,2304818782.11,1552274782.11,,,,5.95,6.50,7.86,8.44,9.25,11.43,15.02,1993-10-18,2018-04-27
2018-02-23,600680,*ST上普,电子元件,6.03,6.33,6.0,6.3,6.03,2652900,16713270.00,1.0306,,,是,,,,,,否,382225337,257425337,2408019623.10,1621779623.10,,,,6.01,6.35,7.69,8.30,9.19,11.37,14.91,1993-10-18,2018-04-27
2018-02-26,600680,*ST上普,电子元件,6.32,6.44,6.22,6.36,6.30,2545900,16191924.00,0.9890,,,是,,,,,,否,382225337,257425337,2430953143.32,1637225143.32,,,,6.07,6.24,7.53,8.18,9.12,11.31,14.81,1993-10-18,2018-04-27
2018-02-27,600680,*ST上普,电子元件,6.29,6.44,6.29,6.38,6.36,1552800,9906864.00,0.6032,,,是,,,,,,否,382225337,257425337,2438597650.06,1642373650.06,,,,6.19,6.18,7.38,8.06,9.06,11.25,14.71,1993-10-18,2018-04-27
2018-02-28,600680,*ST上普,电子元件,6.36,6.41,6.2,6.33,6.38,1299500,8225835.00,0.5048,,,是,,,,,,否,382225337,257425337,2419486383.21,1629502383.21,,,,6.28,6.15,7.22,7.95,8.99,11.18,14.61,1993-10-18,2018-04-27
2018-03-01,600680,*ST上普,电子元件,6.33,6.54,6.28,6.52,6.33,2209400,14405288.00,0.8583,,,是,,,,,,否,382225337,257425337,2492109197.24,1678413197.24,,,,6.38,6.16,7.07,7.85,8.93,11.12,14.50,1993-10-18,2018-04-27
2018-03-02,600680,*ST上普,电子元件,6.47,6.85,6.4,6.77,6.52,3691000,24988070.00,1.4338,,,是,,,,,,否,382225337,257425337,2587665531.49,1742769531.49,,,,6.47,6.24,6.93,7.76,8.88,11.06,14.40,1993-10-18,2018-04-27
2018-03-05,600680,*ST上普,电子元件,6.53,6.61,6.43,6.43,6.77,2323700,14941391.00,0.9027,,,是,,,,,,否,382225337,257425337,2457708916.91,1655244916.91,,,,6.49,6.28,6.80,7.67,8.82,11.00,14.29,1993-10-18,2018-04-27
2018-03-06,600680,*ST上普,电子元件,6.15,6.45,6.15,6.4,6.43,2851100,18247040.00,1.1075,,,是,,,,,,否,382225337,257425337,2446242156.80,1647522156.80,,,,6.49,6.34,6.66,7.57,8.77,10.94,14.19,1993-10-18,2018-04-27
2018-03-07,600680,*ST上普,电子元件,6.35,6.55,6.33,6.44,6.40,1735500,11176620.00,0.6742,,,是,,,,,,否,382225337,257425337,2461531170.28,1657819170.28,,,,6.51,6.40,6.55,7.49,8.72,10.87,14.08,1993-10-18,2018-04-27
2018-03-08,600680,*ST上普,电子元件,6.42,6.48,6.26,6.35,6.44,1561100,9912985.00,0.6064,,,是,,,,,,否,382225337,257425337,2427130889.95,1634650889.95,,,,6.48,6.43,6.46,7.38,8.67,10.81,13.97,1993-10-18,2018-04-27
2018-03-09,600680,*ST上普,电子元件,6.36,6.48,6.35,6.45,6.35,1558500,10052325.00,0.6054,,,是,,,,,,否,382225337,257425337,2465353423.65,1660393423.65,,,,6.41,6.44,6.39,7.28,8.62,10.75,13.86,1993-10-18,2018-04-27
2018-03-12,600680,*ST上普,电子元件,6.45,6.69,6.38,6.63,6.45,1924400,12758772.00,0.7476,,,是,,,,,,否,382225337,257425337,2534153984.31,1706729984.31,,,,6.45,6.47,6.36,7.18,8.57,10.68,13.76,1993-10-18,2018-04-27
2018-03-13,600680,*ST上普,电子元件,6.55,6.94,6.53,6.71,6.63,2323800,15592698.00,0.9027,,,是,,,,,,否,382225337,257425337,2564732011.27,1727324011.27,,,,6.52,6.50,6.34,7.09,8.52,10.62,13.67,1993-10-18,2018-04-27
2018-03-14,600680,*ST上普,电子元件,6.65,6.9,6.59,6.65,6.71,2211800,14708470.00,0.8592,,,是,,,,,,否,382225337,257425337,2541798491.05,1711878491.05,,,,6.56,6.53,6.34,6.99,8.46,10.55,13.57,1993-10-18,2018-04-27
2018-03-15,600680,*ST上普,电子元件,6.56,6.63,6.35,6.43,6.65,1889500,12149485.00,0.7340,,,是,,,,,,否,382225337,257425337,2457708916.91,1655244916.91,,,,6.57,6.53,6.34,6.89,8.40,10.48,13.47,1993-10-18,2018-04-27
2018-03-16,600680,*ST上普,电子元件,6.41,6.75,6.4,6.65,6.43,2867900,19071535.00,1.1141,,,是,,,,,,否,382225337,257425337,2541798491.05,1711878491.05,,,,6.61,6.51,6.38,6.79,8.34,10.41,13.37,1993-10-18,2018-04-27
2018-03-19,600680,*ST上普,电子元件,6.63,6.87,6.58,6.65,6.65,2327400,15477210.00,0.9041,,,是,,,,,,否,382225337,257425337,2541798491.05,1711878491.05,,,,6.62,6.54,6.41,6.71,8.28,10.34,13.28,1993-10-18,2018-04-27
2018-03-20,600680,*ST上普,电子元件,6.46,6.8,6.46,6.76,6.65,1702200,11506872.00,0.6612,,,是,,,,,,否,382225337,257425337,2583843278.12,1740195278.12,,,,6.63,6.57,6.46,6.63,8.23,10.28,13.18,1993-10-18,2018-04-27
2018-03-21,600680,*ST上普,电子元件,6.71,7.01,6.66,6.68,6.76,1982600,13243768.00,0.7702,,,是,,,,,,否,382225337,257425337,2553265251.16,1719601251.16,,,,6.63,6.60,6.50,6.57,8.17,10.21,13.08,1993-10-18,2018-04-27
2018-03-22,600680,*ST上普,电子元件,6.66,6.8,6.64,6.76,6.68,1545700,10448932.00,0.6004,,,是,,,,,,否,382225337,257425337,2583843278.12,1740195278.12,,,,6.70,6.64,6.53,6.52,8.11,10.15,12.99,1993-10-18,2018-04-27
2018-03-23,600680,*ST上普,电子元件,6.54,6.66,6.42,6.42,6.76,1856500,11918730.00,0.7212,,,是,,,,,,否,382225337,257425337,2453886663.54,1652670663.54,,,,6.65,6.63,6.54,6.47,8.05,10.08,12.89,1993-10-18,2018-04-27
2018-03-26,600680,*ST上普,电子元件,6.12,6.44,6.1,6.4,6.42,1950400,12482560.00,0.7577,,,是,,,,,,否,382225337,257425337,2446242156.80,1647522156.80,,,,6.60,6.61,6.54,6.44,7.99,10.01,12.80,1993-10-18,2018-04-27
2018-03-27,600680,*ST上普,电子元件,6.39,6.59,6.36,6.44,6.40,1824400,11749136.00,0.7087,,,是,,,,,,否,382225337,257425337,2461531170.28,1657819170.28,,,,6.54,6.58,6.54,6.42,7.93,9.94,12.70,1993-10-18,2018-04-27
2018-03-28,600680,*ST上普,电子元件,6.29,6.44,6.27,6.38,6.44,949600,6058448.00,0.3689,,,是,,,,,,否,382225337,257425337,2438597650.06,1642373650.06,,,,6.48,6.56,6.55,6.41,7.87,9.88,12.61,1993-10-18,2018-04-27
2018-03-29,600680,*ST上普,电子元件,6.41,6.48,6.35,6.38,6.38,1329200,8480296.00,0.5163,,,是,,,,,,否,382225337,257425337,2438597650.06,1642373650.06,,,,6.40,6.55,6.54,6.41,7.80,9.82,12.52,1993-10-18,2018-04-27
2018-03-30,600680,*ST上普,电子元件,6.38,6.65,6.34,6.55,6.38,2151300,14091015.00,0.8357,,,是,,,,,,否,382225337,257425337,2503575957.35,1686135957.35,,,,6.43,6.54,6.53,6.43,7.74,9.76,12.43,1993-10-18,2018-04-27
2018-04-02,600680,*ST上普,电子元件,6.52,6.75,6.5,6.55,6.55,1401800,9181790.00,0.5445,,,是,,,,,,否,382225337,257425337,2503575957.35,1686135957.35,,,,6.46,6.53,6.53,6.45,7.67,9.70,12.35,1993-10-18,2018-04-27
2018-04-03,600680,*ST上普,电子元件,6.46,6.53,6.4,6.44,6.55,1353600,8717184.00,0.5258,,,是,,,,,,否,382225337,257425337,2461531170.28,1657819170.28,,,,6.46,6.50,6.54,6.47,7.61,9.64,12.26,1993-10-18,2018-04-27
2018-04-04,600680,*ST上普,电子元件,6.52,6.6,6.39,6.44,6.44,803900,5177116.00,0.3123,,,是,,,,,,否,382225337,257425337,2461531170.28,1657819170.28,,,,6.47,6.48,6.54,6.49,7.54,9.58,12.18,1993-10-18,2018-04-27
2018-04-09,600680,*ST上普,电子元件,6.44,6.58,6.44,6.52,6.44,1046500,6823180.00,0.4065,,,是,,,,,,否,382225337,257425337,2492109197.24,1678413197.24,,,,6.50,6.45,6.54,6.51,7.47,9.52,12.09,1993-10-18,2018-04-27
2018-04-10,600680,*ST上普,电子元件,6.5,6.65,6.48,6.54,6.52,866400,5666256.00,0.3366,,,是,,,,,,否,382225337,257425337,2499753703.98,1683561703.98,,,,6.50,6.46,6.55,6.51,7.41,9.46,12.01,1993-10-18,2018-04-27
2018-04-11,600680,*ST上普,电子元件,6.54,6.58,6.43,6.45,6.54,1205600,7776120.00,0.4683,,,是,,,,,,否,382225337,257425337,2465353423.65,1660393423.65,,,,6.48,6.47,6.54,6.52,7.35,9.40,11.93,1993-10-18,2018-04-27
2018-04-12,600680,*ST上普,电子元件,6.45,6.49,6.15,6.43,6.45,1598100,10275783.00,0.6208,,,是,,,,,,否,382225337,257425337,2457708916.91,1655244916.91,,,,6.48,6.47,6.53,6.52,7.29,9.34,11.86,1993-10-18,2018-04-27
2018-04-13,600680,*ST上普,电子元件,6.45,6.55,6.39,6.45,6.43,942500,6079125.00,0.3661,,,是,,,,,,否,382225337,257425337,2465353423.65,1660393423.65,,,,6.48,6.47,6.52,6.52,7.24,9.28,11.79,1993-10-18,2018-04-27
2018-04-16,600680,*ST上普,电子元件,6.49,6.77,6.45,6.7,6.45,2768800,18550960.00,1.0756,,,是,,,,,,否,382225337,257425337,2560909757.90,1724749757.90,,,,6.51,6.51,6.53,6.53,7.19,9.22,11.73,1993-10-18,2018-04-27
2018-04-17,600680,*ST上普,电子元件,6.7,6.81,6.48,6.6,6.70,1550500,10233300.00,0.6023,,,是,,,,,,否,382225337,257425337,2522687224.20,1699007224.20,,,,6.53,6.51,6.53,6.52,7.14,9.16,11.67,1993-10-18,2018-04-27
2018-04-18,600680,*ST上普,电子元件,6.6,6.76,6.49,6.74,6.60,1413600,9527664.00,0.5491,,,是,,,,,,否,382225337,257425337,2576198771.38,1735046771.38,,,,6.58,6.53,6.53,6.53,7.10,9.10,11.62,1993-10-18,2018-04-27
2018-04-19,600680,*ST上普,电子元件,6.74,7.07,6.73,7.01,6.74,2685400,18824654.00,1.0432,,,是,,,,,,否,382225337,257425337,2679399612.37,1804551612.37,,,,6.70,6.59,6.54,6.55,7.06,9.04,11.57,1993-10-18,2018-04-27
2018-04-20,600680,*ST上普,电子元件,6.95,7.36,6.95,7.36,7.01,3186500,23452640.00,1.2378,,,是,,,,,,是,382225337,257425337,2813178480.32,1894650480.32,,,,6.88,6.68,6.58,6.58,7.04,8.98,11.52,1993-10-18,2018-04-27
2018-04-23,600680,*ST上普,电子元件,7.18,7.73,7.18,7.73,7.36,3378500,26115805.00,1.3124,,,是,,,,,,是,382225337,257425337,2954601855.01,1989897855.01,,,,7.09,6.80,6.63,6.63,7.01,8.92,11.48,1993-10-18,2018-04-27
2018-04-24,600680,*ST上普,电子元件,7.75,7.99,7.34,7.36,7.73,3849400,28331584.00,1.4953,,,是,,,,,,否,382225337,257425337,2813178480.32,1894650480.32,,,,7.24,6.88,6.67,6.66,6.97,8.87,11.44,1993-10-18,2018-04-27
2018-04-25,600680,*ST上普,电子元件,7.26,7.43,7.14,7.35,7.36,2267800,16668330.00,0.8810,,,是,,,,,,否,382225337,257425337,2809356226.95,1892076226.95,,,,7.36,6.97,6.72,6.68,6.93,8.81,11.40,1993-10-18,2018-04-27
2018-04-26,600680,*ST上普,电子元件,7.3,7.57,7.17,7.37,7.35,3166400,23336368.00,1.2300,,,是,,,,,,否,382225337,257425337,2817000733.69,1897224733.69,,,,7.43,7.07,6.77,6.71,6.90,8.75,11.36,1993-10-18,2018-04-27
2018-04-27,600680,*ST上普,电子元件,7.28,7.73,7.28,7.69,7.37,4646300,35730047.00,1.8049,,,是,,,,,,否,382225337,257425337,2939312841.53,1979600841.53,,,,7.50,7.19,6.83,6.74,6.87,8.71,11.32,1993-10-18,2018-04-27
